-83.6034249824
-83.6741964951
-83.9960407086
-83.9924263431
-83.6684909805
-83.902535976
-83.7044789858
-83.6454634892
-83.698322683
-83.6325390588
-83.6965693499
-83.7721417195
-83.654186851
-83.9239286698
-83.5211434608
-83.8748582447
-83.7717843698
-83.8778856341
-83.783569166
-83.8134866292
-83.8354526573
-83.6772885288
-83.7028028549
-83.7070018297
-83.7719142457
-83.6594448387
-83.9341677971
-84.0320007742
-83.8161923842
-83.7678909462
-83.5695126909
-83.7606311547
-83.8764222368
-83.9506044168
-83.7797474788
-83.9361642392
-83.4565776094
-83.8092211713
-83.7992081346
-83.8853480389
-83.8193147669
-83.7467755952
-83.6914620122
-83.5696129458
-83.7550278061
-83.8660663863
-83.8906094704
-83.8001474469
-83.9049691251
-83.9067347559
-83.7127654979
-83.8576855654
-83.7095572715
-83.9336092843
-83.6295729951
-83.5776375699
-83.8574548881
-83.9733000468
-83.6246677713
-83.8330079157
-83.8967358877
-83.8033349921
-83.8322608077
-83.8153890887
-83.8709662725
-83.7424563663
-83.8703505797
-83.7505093589
-83.8074574475
-83.6015297238
-83.7587838616
-83.5419502448
-83.6520659491
-83.5701523748
-83.5777507059
-83.81085888
-83.6157781126
-83.5625653104
-83.7627840994
-83.7766750534
-83.7878127123
-83.7986865317
-83.3621890524
-83.6467236134
-83.9026403642
-83.8509791273
-83.6559361792
-83.7535648292
-83.6725868324
-83.7758087278
-83.8582008397
-83.7135512627
-83.705452303
-83.8136388102
-83.8282872252
-83.7359526798
-83.7291759921
-83.5986334528
-83.7346414466
-83.9616464872
-83.6811775151
-83.8180514838
-83.7444625162
-83.8164910525
-83.6260243968
-83.697153838
-83.627668085
-83.6988061353
-83.5630656516
-83.8048080227
-83.5915569215
-83.710870711
-83.8107593696
-83.7972532438
-83.8816085849
-83.9030251537
-83.4966822186
-83.6923200453
-83.6566048275
-83.8932794495
-83.8029783133
-83.8836035901
-83.7274390834
-83.6654552317
-83.8945624134
-83.8232191563
-83.7370175171
-83.7458323527
-83.7240436721
-83.7808037348
-83.7808186868
-83.85503697
-83.8654027527
-83.7698405935
-83.6044516195
-83.7504597415
-83.8028801017
-83.7851022242
-83.6457267455
-83.7611967442
-83.6981905353
-83.5540351693
-83.6987112729
-83.6125339978
-83.7591616941
-83.6330560329
-83.8688644813
-83.7239937549
-83.7636276596
-83.8157130236
-83.6044922351
-83.7604232167
-83.7880321406
-83.7022693939
-83.5288225684
-83.783055399
-83.8883249053
-83.9002667352
-83.4233605813
-83.7365558624
-83.5304747977
-83.5633970718
-83.6161279776
-83.7048540126
-83.5774269824
-83.7433173534
-83.6923961432
-83.7211488459
-83.6143572933
-83.8355832003
-83.6367714178
-83.7212212049
-83.7215106804
-83.8898281082
-83.6291052577
-83.5377376669
-83.6872178582
-83.8402041118
-83.7161910366
-83.5054210254
-83.4916923589
-83.6451259199
-83.5640959678
-83.5095931415
-83.7450990639
-83.482592049
-83.7661792407
-83.7319684652
-83.6368680568
-83.7154485995
-83.7248236926
-83.7080647727
-83.4442569247
-83.4929660564
-83.6958992618
-83.7202374051
-83.7632562743
-83.7746093615
-83.4543198755
-83.499195104
-83.6135150361
-83.54478645
-83.8061182206
-83.741392872
-83.5836933954
-83.6075330186
-83.6733393016
-83.4147294684
-83.8324198013
-83.7622119763
-83.6669899981
-83.7389863428
-83.770374488
-83.5786673899
-83.8889900624
-83.515174213
-83.6557449148
-83.7482598115
-83.617840983
-83.755692678
-83.7316471166
-83.7840540111
-83.819098453
-83.7843020539
-83.6800038325
-83.5343304512
-83.8544185088
-83.5432550346
-83.7616218334
-83.7030976163
-83.5701071282
-83.6345636645
-83.7344243099
-83.3604838152
-83.8293741401
-83.6713974341
-83.4940254242
-83.6796859249
-83.6764079574
-83.6173705469
-83.7267920421
-83.9037680798
-83.539252444
-83.4526694863
-84.0170416211
-83.6443392647
-83.7722388554
-83.8903504646
-83.6295576372
-83.7517373112
-83.5883777912
-83.561795321
-83.6746053844
-83.7804235956
-83.7814374043
-83.5355825173
-83.815050411
-83.6804092689
-83.7657848804
-83.4911723465
-83.6992582699
-83.6617584484
-83.7085014533
-83.5628177972
-83.6624634491
-83.6084656105
-83.8131419093
-83.7119367797
-83.5112803547
-83.8987336925
-83.6297071226
-83.8886284749
-83.5790896711
-83.6712396573
-83.7633021644
-83.6375504078
-83.7507618195
-83.6105789809
-83.6084230453
-83.656930885
-83.6468387583
-83.8351334529
-83.7719045814
-83.6831631933
-83.8141716383
-83.7006445855
-83.584376583
-83.5539871375
-83.8021939547
-83.6680738732
-83.6470330208
-83.7100411825
-83.6419225231
-83.6627897918
-83.663145032
-83.6433022675
-83.4172503053
-83.7416693257
-83.5883089252
-83.6816587757
-83.6168515048
-83.871176187
-83.812156415
-83.7856070473
-83.6406693273
-83.7756484375
-83.6511702929
-83.674163609
-83.8335472416
-83.8432731585
-83.6291346469
-83.9660739316
-83.6050350954
-83.6206635295
-83.7530496328
-83.616599604
-83.7518940435
-83.4062345888
-83.5149824375
-83.8104998683
-83.6987941052
-83.6570459043
-83.7220464728
-83.804565638
-83.5169516942
-83.6127407317
-83.674545649
-83.7413383024
-83.85600903
-83.8281442321
-83.610643259
-83.7369442312
-83.582686433
-83.6581556479
-83.8170897691
-83.6354320513
-83.7730143798
-83.680744003
-83.7478608517
-83.6682022526
-83.7493436759
-83.8082328855
-56.5306222365
-83.5466336327
-83.8114585283
-83.7075272937
-83.6119289738
-83.7240856472
-83.638068267
-83.7824594721
-83.57488821
-83.7379451247
-83.7057072158
-83.6980578193
-83.5865405886
-83.80350418
-83.6289148206
-83.9165040547
-83.8365623111
-83.7371812553
-83.6406074917
-83.5967182848
-83.5095766071
-83.4221669983
-83.627696355
-83.6431306647
-83.7585199757
-83.6845557919
-83.5530349184
-83.5223375386
-83.6745124675
-83.552224241
-83.7619229286
-83.6589956201
-83.6103671907
-83.6804191219
-83.7676445686
-83.6411074842
-83.571360191
-83.819022682
-83.6266807851
-83.4524101411
-83.646772432
-83.7063208842
-83.8435271122
-83.6117266485
-83.5181948738
-83.6356773108
-83.3587885874
-83.8420067549
-83.6128373896
-83.742554476
-83.4401974852
-83.7257453641
-83.5286094109
-83.8062557138
-83.6207004075
-83.6332167158
-83.5891667876
-83.7678795778
-83.4542556351
-83.7016270211
-63.9957288839
-83.775315498
-83.727192559
-83.6780479544
-83.7099456777
-83.5508580724
-83.5712581721
-83.5489486069
-83.6405188232
-83.6301051847
-83.6604471973
-83.4383586638
-83.6643972207
-83.5723958663
-83.6610130885
-83.6537341199
-83.5278876574
-83.632677858
-83.6232425149
-83.6297769233
-83.6889821991
-83.6965608558
-83.6565408765
-83.443248678
-83.7376036137
-83.5044604623
-83.4283957937
-83.4536332981
-83.7818569082
-83.5635988529
-83.6245612799
-83.733796629
-83.7238054232
-83.5901959048
-83.8325248981
-83.7404922676
-83.8370391624
-83.6785948912
-83.6000816804
-83.5310412702
-83.8032654926
-83.7924790831
-83.8307047004
-83.7738637671
-83.6484526856
-83.6500276296
-83.7199617785
-83.7192376778
-83.5004733725
-83.6396530996
-83.6658408354
-83.6801940087
-83.2539595458
-83.7425823434
-83.4520288123
-83.7414106656
-83.7365043867
-83.7561945276
-83.7609292772
-83.5457024234
-83.6121010327
-72.1704232133
-83.3719778021
-83.7171197633
-83.5567710808
-83.6248595271
-83.7644461702
-83.7738660642
-83.5994899522
-83.6615943191
-83.6872530222
-83.6642975077
-83.5494247643
-83.8674565795
-83.61183809
-83.7720048369
-83.8020610876
-83.7094319449
-83.6039389217
-83.5376745084
-83.5694678433
-83.8058049452
-83.4972811899
-83.6628434764
-83.5472258205
-83.7765068709
-83.7107513009
-83.63668965
-83.6304700645
-83.6436704043
-83.7828568254
-83.6326015976
-83.5135723162
-83.6344394944
-83.7683727159
-83.8232038979
-83.6069771541
-83.6389971776
-83.7294061366
-83.6674522327
-83.9103406197
-83.6871064479
-83.5373171333
-83.7875826161
-83.532883821
-83.7648373248
-83.747692118
-83.5626003823
-83.8152290239
-83.4521662991
-83.6583888939
-83.7348914738
-83.5364237487
-83.6967862626
-83.7356938746
-83.848445885
-83.7117315182
-83.7521785199
-83.7130158731
-83.4994314661
-83.810586291
-56.7980793481
-83.4982647592
-83.7941066583
-83.5970625044
-83.8060282529
-83.6520595751
-83.7266375579
-83.7923363179
-83.7862789572
-83.7452441972
-83.8664753063
-83.7781994101
-83.817133319
-83.8362066873
-83.7431801671
-83.898779626
-83.8310562563
-83.6853294894
-83.5526820219
-83.7303275069
-83.7476915519
-83.599338104
-83.5527374804
-83.6108995836
-83.6294871323
-83.610772175
-83.7537399413
-83.8059279342
-83.7814150253
-83.8599983612
-83.676778725
-83.7090128493
-83.771081883
-83.5821488139
-83.8080169273
-83.7222909221
-83.6712379011
-83.6601628047
-83.6627363129
-83.8243171579
-83.5569949783
-83.8019087375
-83.7864842701
-83.3496941106
-83.6835318372
-83.8034113818
-83.6808586462
-83.8275161675
-83.8561383869
-83.7508945321
-83.60407162
-83.6664363132
-83.7012537047
-83.6564536448
-83.4345016865
-83.5011128262
-83.6544441951
-83.8426029716
-83.612520946
-83.540194429
-67.6519653529
-83.6657919963
-83.685156442
-83.5948798999
-83.5669982303
-83.5717146233
-83.6587025992
-83.7248935673
-83.5866623499
-83.8225359512
-83.6828906274
-83.5187837874
-83.4773931308
-83.8585961221
-83.5453812773
-83.7118014396
-83.4717496484
-83.7417486576
-83.6288680474
-83.6743773588
-83.535182866
-83.8485563318
-83.6670867792
-83.6943752155
-83.8242814777
-83.7339686628
-83.5454092961
-83.7472015434
-83.6274016108
-83.6799705448
-83.5452796703
-83.6174388141
-83.711646457
-83.5423893673
-83.7814455561
-83.6704321725
-83.7200291253
-83.4795323718
-83.7854625064
-83.630416984
-83.6184321035
-83.6185108595
-83.7117947721
-83.6937929054
-83.6965120877
-83.7650673751
-83.5038576351
-83.7558860503
-83.4522651122
-83.8703581636
-83.8838130731
-83.6378399125
-83.5611612172
-83.5357405038
-83.6058541769
-83.7754104406
-83.7625712253
-83.6827113649
-83.5611443705
-83.6395965382
-83.7548547962
-66.0640061688
-83.6486586499
-83.8177668568
-83.6027472861
-83.7830841076
-83.7339965634
-83.6681390065
-83.7458704903
-83.7802867352
-83.6257101583
-83.9752616118
-83.6834239096
-83.685433312
-83.8306247287
-83.6918023184
-83.6536114989
-83.2842545473
-83.6355796702
-83.7169036081
-83.7967772149
-83.681149762
-83.8033791625
-83.5019381227
-83.59067615
-83.4885575924
-83.584822903
-83.8737525169
-83.8771382148
-83.6087890707
-83.6029509113
-83.6011905636
-83.7959747483
-83.7769625114
-83.5872108268
-83.746529836
-83.5875631105
-83.8068020268
-83.9158047797
-83.7830449953
-83.7504196675
-83.6341401776
-83.6144181658
-83.6210290416
-83.5217624139
-83.76827146
-83.8112884005
-83.5270553266
-83.7109987326
-83.6930445769
-83.6256130884
-83.5392080382
-83.6467520242
-83.6286590523
-83.6778115767
-83.7135028195
-83.7323392337
-83.707104162
-83.6371949952
-83.7189655668
-83.8262772216
-53.9634971445
-83.7302572622
-83.5977609615
-83.721178716
-83.8431067914
-83.677897599
-83.6746538795
-83.9236822517
-83.746262223
-83.623336843
-83.7266724238
-83.7444021603
-83.6380876854
-83.6096833184
-83.7587563257
-83.5890513193
-83.598937634
-83.7931190975
-83.7441079763
-83.7481042395
-83.6485453243
-83.6178255222
-83.7868317471
-83.5359524265
-83.694915345
-83.6816588393
-83.7931588007
-83.7911560214
-83.5761572107
-83.7547847194
-83.6986264645
-83.7213592232
-83.6402096362
-83.6742896948
-83.5354499973
-83.7116370299
-83.5042843534
-83.5697900809
-83.7120264786
-83.5747510523
-83.6780553064
-83.3675897675
-83.6314523842
-83.5674238223
-83.6157101738
-83.6723339663
-83.5308839014
-83.7417807278
-83.6724808829
-83.7531674264
-83.6004396786
-83.6316670316
-83.5690242972
-83.6173821982
-83.701024304
-83.7514688325
-83.464597565
-83.4487809105
-83.7405279166
-83.6536013279
-61.5500933726
-83.8308444659
-83.7949000615
-83.8115847303
-83.4738867448
-83.7236932209
-83.6541884013
-83.8321359911
-83.8715195942
-83.7228535648
-83.6128446918
-83.660404246
-83.5316940483
-83.7562573536
-83.6959513511
-83.5502348305
-83.6722906488
-83.8529332237
-83.7009427879
-83.729803812
-83.5639461737
-83.5751965413
-83.4396510639
-83.5205167875
-83.8061308105
-83.8030429638
-83.5740783225
-83.6598048466
-83.8065566761
-83.7653757054
-83.3873080907
-83.6578700408
-83.8782256499
-83.6205776166
-83.5906286441
-83.7646186327
-83.5729705218
-83.5454960534
-83.8454068308
-83.6661515124
-83.6936370421
-83.5455607185
-83.7198987572
-83.6956966841
-83.6523867164
-83.6576422255
-83.5387782661
-83.7572807
-83.6432707054
-83.542874588
-83.6685320167
-83.6928933458
-83.7492874725
-83.6282491277
-83.6686920732
-83.8350825414
-83.5072606472
-83.6789847786
-83.6659932906
-83.5856716385
-83.8928080256
-63.5724189344
-83.7350700591
-83.7147892206
-83.6913985375
-83.6885259508
-83.5771236276
-83.575892604
-83.7091880621
-83.729573648
-83.7748463682
-83.6732431671
-83.5871973197
-83.6568449081
-83.7422243771
-83.7632506399
-83.698464013
-83.8926699502
-83.703424126
-83.7454313074
-83.5560406564
-83.4391114917
-83.6715613998
-83.5682318875
-83.6960955426
-83.8989615779
-83.6666373147
-83.6504898271
-83.6929931804
-83.6051985255
-83.8119713382
-83.6577190141
-83.671538799
-83.661227187
-83.6827846722
-83.683470413
-83.447528483
-83.791553894
-83.7352543132
-83.765610665
-83.7384654384
-83.6597549509
-83.3797381599
-83.7427832843
-83.6765533321
-83.7877328022
-83.4515215659
-83.7791375936
-83.8072220431
-83.7211275166
-83.553434335
-83.7793414755
-83.6528435659
-83.7128224864
-83.8527679062
-83.688798318
-83.6540089068
-83.6877581136
-83.4659727119
-83.6760641717
-83.8079934498
-50.4700387381
-83.6726207076
-83.5474320393
-83.6266753816
-83.7278032618
-83.6596983442
-83.5245702667
-83.5614482713
-83.798485913
-83.5564093542
-83.5861155542
-83.6054202672
-83.6533430228
-83.4603078933
-83.5833685258
-83.6351602485
-83.569329513
-83.5537206983
-83.8030944459
-83.6485666968
-83.5515681273
-83.6242865315
-83.6751243956
-83.7225111627
-83.8333404861
-83.6900779125
-83.4722009404
-83.5021549426
-83.6550413123
-83.7126015684
-83.7842601916
-83.600855071
-83.6403579304
-83.8323269339
-83.6915253091
-83.6126772771
-83.4971060211
-83.2786000701
-83.5896550299
-83.5638461365
-83.7596192629
-83.5694202554
-83.6764884303
-83.4720485345
-83.7206259784
-83.4761457889
-83.7223022085
-83.4981873607
-83.9619695273
-83.6360025489
-83.8333643295
-83.6362104555
-83.6600652702
-83.5412974066
-83.6484276423
-83.6515272205
-83.7023612386
-83.7450758853
-83.6736646964
-83.664592022
-56.0358827709
-83.6031128529
-83.8971806821
-83.821767064
-83.6900384122
-83.4207823795
-83.6205441338
-83.868890507
-83.8365453032
-83.721668201
-83.6967464382
-83.6846497273
-83.6748423409
-83.5282218813
-83.722017892
-83.8842746951
-83.5956654319
-83.7298690873
-83.7233853481
-83.767579889
-83.8040030275
-83.5979096206
-83.6955507652
-83.6527990468
-83.7827404485
-83.8304445001
-83.5449738416
-83.4744043392
-83.8695564982
-83.7478160278
-83.625378248
-83.8139436424
-83.5954980762
-83.541003219
-83.7268105136
-83.703903921
-83.6309854
-83.5856641452
-83.7251044893
-83.7055202708
-83.7662384069
-83.7734201782
-83.5218515798
-83.8573512772
-83.6177391528
-83.4897937862
-83.7802903203
-83.7227930951
-83.7214233182
-83.7409322362
-83.6460885377
-83.8464989922
-83.8404938195
-83.7186919627
-83.5663411635
-83.6217830391
-83.8880962013
-83.7398495303
-83.8048110817
-83.7784143694
-83.5806199141
-64.9302229752
-83.8689700816
-83.6371071133
-83.6080114318
-83.8019905023
-83.5233564059
-83.7193577309
-83.3948094853
-83.6457310907
-83.7506933368
-83.8065369731
-83.7802433631
-83.6692813371
-83.4399473596
-83.7933801107
-83.5165031159
-83.8482088849
-83.6984881342
-83.5554417427
-83.6291890048
-83.8688951842
-83.6462942599
-83.6357303799
-83.727407102
-83.7967579689
-83.5602596884
-83.6441031854
-83.5138015573
-83.6338706144
-83.8020282338
-83.5649669416
-83.6978230967
-83.7296894198
-83.4720734342
-83.6464262507
-83.7114626336
-83.5711421734
-83.8263285164
-83.8353035724
-83.7334308075
-83.8212097965
-83.7751470097
-83.5221916848
-83.7026293742
-83.6324792028
-83.865701785
-83.7575956078
-83.5764414659
-84.0000247642
-83.5037574968
-83.5171671627
-83.531598405
-83.7135176462
-83.5074075484
-83.725055047
-83.6493268547
-83.4289500935
-83.7895096839
-83.4241431447
-83.6047267874
-53.0120711766
-83.6424359013
-83.5999631503
-83.5135060921
-83.6989530305
-83.9036227428
-83.749923345
-83.7796597353
-83.6425856698
-83.6888657023
-83.6822993742
-83.63409047
-83.6797500267
-83.7575179617
-83.6230533229
-83.7539089294
-83.6899654466
-83.8266161125
-83.6555042538
-83.7045694323
-83.6088512771
-83.7049374129
-83.611849659
-83.5524337615
-83.7620702916
-83.6828494352
-83.7561536657
-83.7419085535
-83.7528053371
-83.6914101227
-83.5356107628
-83.7269008074
-83.6487030144
-83.7843758532
-83.6147197512
-83.7038395173
-83.7779090352
-83.538554383
-83.8278275194
-83.6114331736
-83.5003986557
-83.5668526708
-83.5782257935
-83.7949566121
-83.7313000659
-83.6569151404
-83.7266839424
-83.6779274152
-83.8421421698
-83.6741580199
-83.6075503119
-83.7008802246
-83.5004842076
-83.6256336137
-83.4894156635
-83.5093776131
-83.6895784361
-83.8469280482
-83.6083544217
-83.5502446671
-57.0000557939
-83.7373097817
-83.6923964147
-83.831352751
-83.6270087467
-83.762763981
-83.9095227952
-83.6898711123
-83.5298910534
-83.8059692282
-83.7686478712
-83.6080291267
-83.7498539426
-83.5581182427
-83.4765030782
-83.6391299467
-83.7947868726
-83.5719163334
-83.6889165953
-83.8213645439
-83.8122181898
-83.4860814629
-83.8072796096
-83.672048493
-83.7560200301
-83.7381659438
-83.6823691682
-83.5299645122
-83.6496204505
-83.7844889371
-83.7477933718
-83.7021736704
-83.6477069095
-83.9780654215
-83.6897911095
-83.7047011199
-83.7328058705
-83.7942375674
-83.8374682115
-83.616906933
-83.6154800311
-83.62834361
-83.6542943965
-83.8776035313
-83.8314460491
-83.7833513789
-83.5495255238
-83.7107595297
-83.593515497
-83.8208948895
-83.7392740887
-83.8243743732
-83.6369837021
-83.7411301633
-83.6778798232
-83.7691102002
-83.717320246
-83.6734698599
-83.6127372214
-83.7328708338
-83.583749493
-68.3797573664
-83.6073620928
-83.5085725107
-83.5523152915
-83.6706301692
-83.4998360468
-83.4995513589
-83.6663959404
-83.5848902862
-83.7881317513
-83.7825247953
-83.732149793
-83.735399159
-83.6834024445
-83.6308452454
-83.8276808394
-83.6918597221
-83.563093079
-83.6188981086
-83.6412138085
-83.7648459628
-83.6005813999
-83.8311997824
-83.7163215158
-83.6504102502
-83.7633424156
-83.6701535564
-83.7838437696
-83.5527631155
-83.499082377
-83.6673457393
-83.8091045088
-83.719596879
-83.9536800919
-83.8432302845
-83.5168148852
-83.522712487
-83.4749044396
-83.6702489306
-83.7839150635
-83.7438622349
-83.6498999846
-83.8871730754
-83.832657333
-83.703136377
-83.6781576808
-83.7141011484
-83.7867061898
-83.7289784717
-83.5632796148
-83.6952147151
-83.6987000331
-83.6833742803
-83.8011272804
-83.8549772527
-83.7009323753
-83.7265117577
-83.6039574833
-83.8678002178
-83.5346377379
-49.7035545357
-83.6449833819
-83.76813906
-83.7106815006
-83.7671368862
-83.7009380897
-83.7127844634
-83.5921755299
-83.622489718
-83.773565738
-83.691470333
-83.8389544508
-83.8745403791
-83.7373531338
-83.6434480529
-83.5279274708
-83.5681234761
-83.6667974371
-83.5823474969
-83.6290215964
-83.8624850514
-83.7139754696
-83.6465784675
-83.72252217
-83.7238759413
-83.749161318
-83.7039348839
-83.577504147
-83.757726731
-83.664055203
-83.8138719584
-83.6138861983
-83.7332732284
-83.7875920688
-83.7207640941
-83.5547417614
-83.5394061638
-83.7575000861
-83.6783998095
-83.6931220301
-83.6784379547
-83.6721802835
-83.7202677373
-83.4249007797
-83.8037404277
-83.6614976021
-83.7699291665
-83.6132345119
-83.7701088183
-83.5354012893
-83.6113369838
-83.6178803313
-83.6141905718
-83.5898356155
-83.6372200493
-83.7103025371
-83.5751794071
-83.7107674048
-83.4396481482
-83.5543579952
-56.1918161231
-83.5472985113
-83.7684860122
-83.7383399526
-83.6623726433
-83.7374953318
-83.6346384291
-83.7646387575
-83.5651642033
-83.6898126114
-83.8467865845
-83.7312424643
-83.6660095177
-83.4771273131
-83.5501434703
-83.749176925
-83.6772775587
-83.7088225032
-83.705927509
-83.8292626678
-83.8148571532
-83.6785183243
-83.7628508604
-83.7941502212
-83.7447838308
-83.5727991083
-83.7299292058
-83.6682461273
-83.7275685475
-83.6724083435
-83.6794435683
-83.9096061338
-83.7693747919
-83.4101248747
-83.7013649407
-83.5822128183
-83.5605864398
-83.6796352426
-83.5337034937
-83.5984188792
-83.6766108361
-83.6874386197
-83.4165197208
-83.387239735
-83.621816097
-83.5206121982
-83.544344684
-83.6603341905
-83.4094455774
-83.7633007176
-83.6348960207
-83.5564428237
-83.7176503611
-83.3926885384
-83.6370898607
-83.5601977593
-83.6700809715
-83.7399100368
-83.4816433952
-83.5936431192
-83.5926290146
-83.3976747049
-83.7358102778
-83.814012324
-83.8501551538
-83.6265905774
-83.7525016492
-83.5086401131
-83.7025693535
-83.709833366
-83.4153346959
-83.5078660366
-83.7738283256
-83.5429159536
-83.5783422097
-83.7332186836
-83.5046645139
-83.7181695499
-83.6823985419
-83.6381481204
-83.6137853865
-83.5896209862
-83.6876551945
-83.5881262453
-83.6405250025
-83.5593237088
-83.7402257407
-83.6743638165
-83.540714689
-83.5489860803
-83.7143645873
-83.5242426379
-83.6540220817
-83.6450934838
-83.732687171
-83.6146331397
-83.79784383
-83.5390152969
-83.5446722496
-83.8000663629
-83.5310609844
-83.5256876529
-83.8972446895
-83.5251764694
-83.5658062791
-83.717107379
-83.6920771165
-83.7218937584
-83.766125802
-83.7605887413
-83.8453760227
-83.6696827958
-83.5456195624
-83.7230067157
-83.8080341653
-83.7841513647
-83.8585736996
-83.6115875674
-83.4034212994
-83.7239874812
-83.6048087175
-53.6055281064
-83.9061425644
-83.6441358047
-83.584125951
-83.4610335323
-83.7112354965
-83.5170391819
-83.6575197401
-83.574681027
-83.5163459448
-83.8020512465
-83.7114578043
-83.8763418109
-83.6877691883
-83.5859549973
-83.8767931614
-83.6544608362
-83.7438705361
-83.647460173
-83.4672106116
-83.6302167587
-83.4823296063
-83.4007439016
-83.6158397186
-83.7755259238
-83.5771884428
-83.6235998708
-83.7338163499
-83.6325349954
-83.5402009493
-83.8281373354
-83.6793117242
-83.8145801784
-83.4577589329
-83.6717259001
-83.80265326
-83.5426199904
-83.8021009547
-83.6069070978
-83.4927652573
-83.7456262172
-83.7454359278
-83.7632637917
-83.7308163967
-83.6032391907
-83.7331351615
-83.8271625221
-83.6242317527
-83.6272820738
-83.5326247766
-83.6001385719
-83.7167542266
-83.6155920576
-83.6112531012
-83.7518797019
-83.8037796854
-83.6950384159
-83.441758543
-83.5754309861
-83.7355448213
-51.676049957
-83.8122018303
-83.7631918066
-83.6607770187
-83.5814402792
-83.7003413878
-83.6074209291
-83.6249864948
-83.8773746233
-83.8305799221
-83.6524879779
-83.3391051677
-83.5676184749
-83.708374831
-83.6778054216
-83.6640402508
-83.6088719086
-83.7929826673
-83.7694895755
-83.6663263576
-83.7113609459
-83.803574115
-83.6060929051
-83.8636129436
-83.6318102346
-83.5604892824
-83.5627548797
-83.6534094956
-83.549315949
-83.6780055773
-83.6767346106
-83.6476029741
-83.7263617761
-83.7441437463
-83.6950713763
-83.7506891209
-83.5531235036
-83.8464460262
-83.1913971045
-83.4698437803
-83.7624769711
-83.6172361125
-83.7317313167
-83.9646650277
-83.8132966539
-83.5940718724
-83.5088355765
-83.5860941544
-83.836580581
-83.7354409173
-83.5509331561
-83.7370765693
-83.5344271847
-83.4640260957
-83.6068779625
-83.5059491267
-83.7074193399
-83.563391498
-83.5335699339
-83.5401065556
-75.2183608734
-83.1672686984
-83.7951949845
-83.6128587898
-83.7281913557
-83.831602077
-83.7290894948
-83.6473688998
-83.6919595787
-83.724251826
-83.7039474942
-83.7104153925
-83.6571628788
-83.6494063097
-83.6919153375
-83.7713955035
-83.6302158791
-83.6736424205
-83.7075992812
-83.5489945932
-83.6756239046
-83.4721612208
-83.643024131
-83.6935989681
-83.5920441602
-83.7029752187
-83.7211392486
-83.7875007876
-83.6999054293
-83.5770114166
-83.811551057
-83.6583428489
-83.706596391
-83.4948968918
-83.6378539876
-83.5979564773
-83.7241742112
-83.8869102943
-83.6079866528
-83.6721514206
-83.6758122498
-83.7690371938
-83.416265321
-83.5960234117
-83.4293985486
-83.7688353215
-83.6153904754
-83.7283448384
-83.6973109018
-83.5982887207
-83.4842027361
-83.6907023791
-83.7209399568
-83.6425356405
-83.6810580251
-83.6219248711
-83.7866282391
-83.6639178581
-83.8906202263
-83.5596592873
-83.8062371373
-52.5399225149
-83.5900829851
-83.6624607659
-83.5843723121
-83.5346906228
-83.7386953305
-83.7774064245
-83.5734872379
-83.800940615
-83.5793254128
-83.6592616218
-83.4247857907
-83.7650166109
-83.8827928237
-83.6324712778
-83.5589809938
-83.7546562853
-83.6067833876
-83.7088745001
-83.8485365392
-83.5429337107
-83.4384128324
-83.4763794698
-83.7130178203
-83.496000113
-83.5386748565
-83.5060697686
-83.7916254492
-83.3308037216
-83.7045952707
-83.7600096907
-83.633454216
-83.8465150067
-83.6067544985
-83.9240632189
-83.8483709519
-83.7153439769
-83.4230807455
-83.494269264
-83.8188256913
-83.5973674075
-83.8572035746
-83.5584806886
-83.6618628841
-83.7051994058
-83.7029722803
-83.7246530146
-83.6965828896
-83.5491186237
-83.8091743046
-83.802663136
-83.5888782003
-83.778895013
-83.4581522335
-83.9334790122
-83.7047530482
-83.6256284511
-83.7398356419
-83.7162033658
-83.6424724905
-51.5618375438
-83.7563215358
-83.3981911458
-83.6361316734
-83.8081715506
-83.7157777734
-83.7278444134
-83.6771608215
-83.5648004343
-83.636102887
-83.4870301652
-83.7267155878
-83.4226010452
-83.5518989375
-83.71406233
-83.7269121867
-83.4170753933
-83.7591687684
-83.5634156046
-83.7165827899
-83.6244247105
-83.6061701794
-83.64630714
-83.6526207432
-83.7071200466
-83.7581420826
-83.6398459509
-83.6087838396
-83.4084944269
-83.6052837234
-83.4342415207
-83.5075417356
-83.5625673145
-83.7397577018
-83.7330180382
-83.7650921731
-83.518278496
-83.5924816466
-83.599935901
-83.7484756636
-83.6352323106
-83.6865629843
-83.5257897213
-83.6633943629
-83.7157435768
-83.5326305908
-83.6150280941
-83.5511493944
-83.7089763934
-83.7841258832
-83.6123983789
-83.7027667426
-83.9159972009
-83.7687824816
-83.5297987532
-83.5444571291
-83.7494925747
-83.766738208
-83.6216934416
-83.7690785958
-78.8781661788
-78.2132014595
-83.6944883419
-83.5626617349
-83.9203920423
-83.6483037863
-83.7046445339
-83.8535183324
-83.7346535699
-83.7375158863
-83.8101794617
-83.7732442197
-83.4182291289
-83.718472446
-83.7236330856
-83.5949632143
-83.6218430893
-83.7117291888
-83.6958968013
-83.7376127714
-83.7190604086
-83.6171434215
-83.6550683534
-83.8931820861
-83.5374859818
-83.4296983589
-83.4549671494
-83.6697174328
-83.6431190819
-83.56391915
-83.5051384389
-83.7246446494
-83.7455136129
-83.7276067452
-83.6444760045
-83.6018238214
-83.4755922898
-83.6195891334
-83.8339385263
-83.7056009208
-83.7651169935
-83.5899463822
-83.5714602308
-83.8172464472
-83.6417261482
-83.5968452855
-83.6564820182
-83.7536380506
-83.6457719925
-83.4919759602
-83.4649406374
-83.6207904958
-83.8306305094
-83.6659572442
-83.6566944493
-83.4743255914
-83.8755741478
-83.6217286959
-83.7398554327
-83.6526831977
-83.606128248
-61.0307776434
-83.5951040959
-83.6391408374
-83.8122412092
-83.7750868144
-83.5199671101
-83.7921926542
-83.6870899189
-83.5945455092
-83.6955837934
-83.510622099
-83.7633248272
-83.6653841728
-83.6577293143
-83.8583572911
-83.6248287232
-83.7010867989
-83.7791958476
-83.6680007572
-83.7279786853
-83.8700199027
-83.6477224682
-83.8295111522
-83.615210849
-83.6480213909
-83.5456389211
-83.742929219
-83.6953064304
-83.8247375172
-83.5743972925
-83.6335823651
-83.4873084717
-83.6580987636
-83.6282487481
-83.6434328781
-83.644640393
-83.5215622446
-83.5439772371
-83.8203674502
-83.8070057995
-83.8842342846
-83.7055938848
-83.6980821632
-83.7129151469
-83.4364504031
-83.8531654915
-83.6572659869
-83.5531262855
-83.6765335057
-83.5828869845
-83.6107236558
-83.7182994523
-83.6501076758
-83.69285431
-83.743010068
-83.748897158
-83.7804126807
-83.5485885023
-83.4581240495
-83.703899915
-55.8117846565
-83.6596751481
-83.528492947
-83.5927279243
-83.7091877256
-83.6788182353
-83.6874568143
-83.3317904186
-83.7214303433
-83.7349890135
-83.653418122
-83.6979122328
-83.8482434827
-83.6975017236
-83.6154508578
-83.6561635431
-83.4965947881
-83.704503361
-83.9774703702
-83.6109750127
-83.6292887311
-83.5989178128
-83.7679706962
-83.7453365143
-83.6054466505
-83.5674129046
-83.817225137
-83.5727691203
-83.6632125165
-83.6345624292
-83.7777466704
-83.7105077357
-83.6265854562
-83.6101355646
-83.6895896724
-83.7153408964
-83.8588603252
-83.5404100303
-83.6663054176
-83.8037463419
-83.7433645106
-83.7093077486
-83.653219757
-83.6497375444
-83.7107716046
-83.5970524362
-83.6981458718
-83.7973347271
-83.730231936
-83.6637134938
-83.7412865589
-83.5734507294
-83.5664493869
-83.6901017054
-83.7002421813
-83.6565476436
-83.4775768574
-83.6260574474
-83.6997911873
-83.4667004063
-83.6573436807
-81.7938034693
-83.4314516856
-83.7262182816
-83.769387444
-83.654020018
-83.5003693213
-83.5673975278
-83.6814183482
-83.5760772978
-83.733185954
-83.8669771457
-83.7374864135
-83.6982249089
-83.6224468874
-83.8912138028
-83.7692287613
-83.8110429648
-83.7515477543
-83.6003716576
-83.5329858829
-83.89034568
-83.6680407439
-83.7509959761
-83.9069945549
-83.4583359924
-83.6466969432
-83.5667337953
-83.6501108697
-83.687930085
-83.5631554257
-83.8160238612
-83.8430254871
-83.7170385456
-83.6273666964
-83.6670448589
-83.6047390787
-83.7552139399
-83.856299922
-83.9695637278
-83.6950943774
-83.6916557178
-83.8324085889
-83.6275023173
-83.6804828661
-83.6359687612
-83.7457745029
-83.5627605378
-83.7036162077
-83.874811998
-83.3908784812
-83.6201001449
-83.7532385587
-83.4791553848
-83.3462488107
-83.8855040777
-83.8368289495
-83.5772105527
-83.5405557155
-83.5746046554
-83.6861387612
-64.3615657622
-83.5731907492
-83.6189177317
-83.6539019643
-83.6532047404
-83.4775568021
-83.5726910258
-83.6361435642
-83.5805886157
-83.612763523
-83.5877118307
-83.6609501339
-83.4032907609
-83.6555336964
-83.6912366461
-83.6602570209
-83.6121760865
-83.6256080439
-83.6780974392
-83.6522491771
-83.679605382
-83.5581301388
-83.5306089231
-83.7604024502
-83.5287163382
-83.5936754923
-83.5924485264
-83.7539506084
-83.7730048665
-83.5844727168
-83.519634511
-83.6881879997
-83.7459713082
-83.7790539527
-83.5829912583
-83.6288252623
-83.8001237051
-83.6784855432
-83.6049839121
-83.845686761
-83.6507486756
-83.7325881797
-83.703949435
-83.8667682592
-83.5171314473
-83.5779544499
-83.3596596027
-83.3510059149
-83.7668058297
-83.6761204803
-83.5632340004
-83.6925680434
-83.637537832
-83.5944599269
-83.5999084661
-83.8734261328
-83.6456534156
-83.9040771586
-83.846898077
-83.7765313492
-65.3560650166
-83.6607325124
-83.5069635125
-83.7899814421
-83.632884934
-83.7936092323
-83.4913193614
-83.602972574
-83.6345490493
-83.5690392939
-83.724368661
-83.8058347685
-83.7665178906
-83.7946231855
-83.8128868381
-83.6750825996
-83.8021347019
-83.6852182483
-83.7493415056
-83.6503313254
-83.7932872876
-83.6863516012
-83.822774176
-83.7558195153
-83.6381682342
-83.5980187837
-83.6241690006
-83.8264499908
-83.7614206127
-83.6488538677
-83.7283566052
-83.676017943
-83.7580923414
-83.4516639175
-83.5314154383
-83.5310724545
-83.8029536529
-83.4992582345
-83.6282726756
-83.5911406901
-83.293522576
-83.6276923073
-83.5480242878
-83.6262674382
-83.6497174499
-83.6726298138
-83.7019396289
-83.7331735083
-83.6057564097
-83.4831283363
-83.6418138238
-83.8383188022
-83.6818491897
-83.6697713757
-83.5202749585
-83.7581427736
-83.7362617794
-83.6689431084
-83.850130888
-83.7406840729
-83.6932472088
-78.7337489751
-83.8751606656
-83.8310827777
-83.640370397
-83.6877648899
-83.7450608223
-83.6463959713
-83.5887990748
-83.587151394
-83.6110027856
-83.6786323846
-83.7220395909
-83.7543164349
-83.6515720897
-83.7022043666
-83.8196080753
-83.6560519493
-83.6023320405
-83.572776359
-83.6202451484
-83.7550889301
-83.6048375067
-83.659046326
-83.7512713617
-83.6686728769
-83.6369950131
-83.8192628369
-83.6015928987
-83.6819258382
-83.6206695063
-83.7329954135
-83.6251426648
-83.4693523338
-83.6420352906
-83.7621970114
-83.5885149048
-83.7538697125
-83.5619943204
-83.748587846
-83.5497203401
-83.6852088055
-83.4674513298
-83.8366129825
-83.7485625893
-83.6552249592
-83.7605844665
-83.6241520135
-83.6182936226
-83.7327780851
-83.650481133
-83.6008578226
-83.5147301709
-83.6009323365
-83.5230795692
-83.6260956931
-83.4464271487
-83.7546547682
-83.5573746443
-83.815666376
-83.7174675395
-61.5699419423
-83.7467297103
-83.7226126059
-83.5717456412
-83.6707402622
-83.6979493766
-83.5049301123
-83.8144698592
-83.6729056263
-83.6654485536
-83.6794006809
-83.8472892571
-83.6937766505
-83.636747291
-83.7456410076
-83.5879720272
-83.6890628686
-83.6201980171
-83.7363362749
-83.6390575263
-83.5947824418
-83.5506668227
-83.6402268646
-83.8266982596
-83.6102475728
-83.6447195469
-83.5315905024
-83.730658231
-83.5893643642
-83.77950954
-83.549339421
-83.5189935349
-83.6207898034
-83.6776105978
-83.6547615595
-83.6048052669
-83.601013712
-83.6956407565
-83.6358552224
-83.6091413275
-83.7467707846
-83.6183129812
-83.500345794
-83.6689121547
-83.6279590743
-83.6873274594
-83.7711262361
-83.6857633139
-83.8367249012
-83.6503539823
-83.5219451696
-83.674947725
-83.5364332564
-83.7933278075
-83.5713058394
-83.7930621436
-83.6705142869
-83.6141338852
-83.6770164155
-83.4546381357
-68.0984298035
-83.5025286103
-83.6336885655
-83.6994962915
-83.8332728708
-83.723613227
-83.5377330559
-83.5174676948
-83.6983046743
-83.7476934798
-83.6644620262
-83.7044754124
-83.7033411969
-83.5892149999
-83.8644632908
-83.6602711935
-83.7645694325
-83.6894287535
-83.6624357027
-83.8158869464
-83.9033484869
-83.6309911659
-83.5799948138
-83.596464481
-83.7170718896
-83.7037898375
-83.6021094785
-83.6771061811
-83.7877699101
-83.7246696858
-83.7898849988
-83.5921319412
-83.6878195967
-83.6672904556
-83.7754621514
-83.7833304295
-83.6800950275
-83.770881764
-83.7612507196
-83.5296211762
-83.58213329
-83.7782954763
-83.54755006
-83.6135640977
-83.5721756818
-83.8089759451
-83.8584435824
-83.7469578424
-83.6374686851
-83.895214091
-83.4890417154
-83.6856684986
-83.7402959953
-83.6814803073
-83.7402163893
-83.5535420336
-83.6685891795
-83.6670278003
-83.5777052433
-83.6493017443
-83.4657134248
-73.8917140916
-83.7582436462
-83.5566465581
-83.6971622134
-83.6686450211
-83.6808627313
-83.6475018505
-83.5952094867
-83.6597859729
-83.7174729712
-83.6064411144
-83.7879199681
-83.3175369773
-83.7799620689
-83.6056775647
-83.5181584372
-83.8426359607
-83.7129558362
-83.6278809484
-83.6812091716
-83.5790818614
-83.757918341
-83.5600970833
-83.6016159632
-83.6533339452
-83.7880873538
-83.6368445004
-83.6082866371
-83.6451782216
-83.6628761448
-83.357397147
-83.7511133098
-83.6117231607
-83.6406371694
-83.6825103508
-83.6336362398
-83.6934627976
-83.7257310886
-83.6072590672
-83.5514685046
-83.643626229
-83.8107749974
-83.6687219965
-83.7815720202
-83.8236481175
-83.5825775882
-83.6374582572
-83.6971436999
-83.8300181992
-83.7561354535
-83.7367346851
-83.6906296917
-83.5496025144
-83.3745301754
-83.7007973961
-83.4270063889
-83.7894621673
-83.8470882098
-83.6426894226
-83.6939579336
-61.1447671043
-83.8514466109
-83.5743506042
-83.6777116633
-83.5405563632
-83.6605572406
-83.7349428617
-83.2891603538
-83.6215446838
-83.681720694
-83.6151887851
-83.5259209696
-83.5876760266
-83.5594158146
-83.6578457005
-83.7741355609
-83.7424453558
-83.6196264911
-83.6453162205
-83.6191038646
-83.7219255678
-83.6115515892
-83.7505255147
-83.5839758243
-83.719192537
-83.7773115039
-83.5918919954
-83.6821036714
-83.5662391639
-83.6756873051
-83.6943970772
-83.8250892514
-83.6687751292
-83.6342301441
-83.7444598447
-83.7513575997
-83.5726015246
-83.6692865737
-83.6881557481
-83.529228394
-83.6740788457
-83.8298942026
-83.860034016
-83.5639859605
-83.567967949
-83.6773045732
-83.6625493708
-83.454448963
-83.7660978116
-83.672675387
-83.7405186671
-83.7254380102
-83.6661580754
-83.7340010035
-83.8316246314
-83.5497891151
-83.6870548797
-83.6956378552
-83.7065501033
-83.6725865358
-72.3923986306
-83.8343855092
-83.3280615179
-83.6232372594
-83.5728103621
-83.6574013484
-83.6559476012
-83.9005497824
-83.5112851355
-83.8182318043
-83.7626946023
-83.6330238033
-83.6992602677
-83.5771888054
-83.6022966564
-83.8182407067
-83.8775127671
-83.6097187335
-83.3389714935
-83.652488208
-83.6684587119
-83.6456719207
-83.7675616938
-83.5253500642
-83.6015390974
-83.7283508474
-83.6626973749
-83.7020687531
-83.6851755601
-83.637771439
-83.8030515088
-83.5419867585
-83.6387788187
-83.6531595567
-83.5197427602
-83.6918261894
-83.7565098458
-83.8175302913
-83.4997563302
-83.6571600007
-83.5296696239
-83.6606777324
-83.5434690206
-83.6557996755
-83.5957286494
-83.7025487994
-83.7243910376
-83.5263598578
-83.6882377571
-83.643077334
-83.675733982
-83.902405478
-83.6267795433
-83.683980161
-83.7091174787
-83.4623482262
-83.4561078417
-83.7578857993
-83.6434308397
-83.8634848291
-83.7628176877
-70.2632949155
-83.6714236876
-83.7838857454
-83.6749786407
-83.6517882584
-83.5279192388
-83.6374938582
-83.7254751544
-83.6649092109
-83.5318453963
-83.657406727
-83.7258819929
-83.7718612631
-83.5637998622
-83.7853882236
-83.6091852765
-83.7832159415
-83.6878578495
-83.659409973
-83.8351390807
-83.8775079158
-83.4204959161
-83.5707586396
-83.7119515962
-83.6818931579
-83.5968749312
-83.7166985881
-83.728527774
-83.7709970341
-83.5719725506
-83.7421424198
-83.7619485872
-83.587683106
-83.7459879635
-83.3986768079
-83.8609461945
-83.8293522483
-83.6155818535
-83.745428719
-83.662219942
-83.6298597855
-83.6122498945
-83.6400323392
-83.5674165311
-83.734553656
-83.8528533593
-83.5979795997
-83.518195896
-83.5268640686
-83.6866083387
-83.5536436193
-83.5070990453
-83.6733215725
-83.7909853407
-83.4111626478
-83.7014490007
-83.6719037228
-83.7014073002
-83.8181904356
-83.4957192929
-60.9818575434
-83.5995435729
-83.8242237804
-83.8293631664
-83.3354317219
-83.7568761583
-83.5261721648
-83.7878725508
-83.7583447983
-83.5965255558
-83.6875407156
-83.5789180488
-83.5435109179
-83.5721395172
-83.9751008908
-83.8087236202
-83.8156801061
-83.721393371
-83.6920366961
-83.3197896247
-83.4114388413
-83.7090134652
-83.7133120998
-83.9132929815
-83.8661764896
-83.7982443939
-83.7193817097
-83.3515350033
-83.4885188317
-83.7836840657
-83.6956244639
-83.5807536849
-83.6223174821
-83.6924479346
-83.410277256
-83.5706122074
-83.6564682247
-83.6816673671
-83.4361871068
-83.7360731941
-83.5076732319
-83.7346305294
-83.6772198395
-83.8245964016
-83.7287797507
-83.5634004714
-83.6504197303
-83.5939411709
-83.6450765271
-83.6356258595
-83.7364079581
-83.6761784021
-83.4031023385
-83.6361232891
-83.408970368
-83.7684876063
-83.6151957238
-83.6831192445
-83.705267563
-83.6300934064
-72.0268851837
-83.7503396286
-83.8159941721
-83.5481913409
-83.7211060749
-83.6877828114
-83.6641042442
-83.8396738201
-83.7362829813
-83.6493519846
-83.4663020617
-83.7232056534
-83.5414748866
-83.7238897793
-83.8306952371
-83.6426250082
-83.7637050714
-83.529867179
-83.7477607336
-83.772475098
-83.8348252476
-83.6544118198
-83.6932320021
-83.7294205893
-83.7435834601
-83.7900682912
-83.6800276948
-83.7845101963
-83.6260497357
-83.7009045441
-83.17234159
-83.7294466143
-83.7253491379
-83.5931547826
-83.5125665507
-83.6621055701
-83.7523136714
-83.6222701481
-83.7701296033
-83.7091647308
-83.5979623155
-83.6572502017
-83.7371550553
-83.6548652925
-83.8154019868
-83.7906368251
-83.9789987005
-83.7535928017
-83.7208651532
-83.5957653457
-83.3896153059
-83.6601294459
-83.7843212218
-83.6750700418
-83.6753500053
-83.6341470486
-83.6794161781
-83.8373704422
-83.7382609275
-83.6690766895
-83.5074764058
-69.9718023807
-83.5046135769
-83.7108766727
-83.7470048284
-83.6673400172
-83.6802401741
-83.8591417825
-83.6191491817
-83.6877186721
-83.6520358846
-83.7977417445
-83.7330243412
-83.562593082
-83.9179202288
-83.6894355349
-83.6518627166
-83.6753879396
-83.725945532
-83.6188380351
-83.6781430673
-83.5515707571
-83.818682227
-83.5238676111
-83.8307102392
-83.5083083027
-83.6759937328
-83.6074114419
-83.6197854571
-83.7121608424
-83.4608095045
-83.4909731505
-83.513469101
-83.5170316296
-83.8876822741
-83.6824336262
-83.6641541575
-83.4880125852
-83.9567874368
-83.7562781058
-83.7341385124
-83.4752822108
-83.4477749547
-83.515849672
-83.6491429308
-83.5760492992
-83.5944617282
-83.5277223363
-83.7095505894
-83.4820723787
-83.50950307
-83.6677835551
-83.7701017383
-83.5768097444
-83.6089468295
-83.5799558329
-83.4440438812
-83.6850156859
-83.71337961
-83.5634875864
-83.6359488123
-61.1880303803
-83.8011334189
-83.934696577
-83.5884770729
-83.8084892625
-83.8010284472
-83.6172466537
-83.5734727773
-83.7311323547
-83.6566137481
-83.9290180737
-83.6575131981
-83.5796938459
-83.8438033497
-83.6900461236
-83.4553994993
-83.6325385973
-83.7799312134
-83.6740627787
-83.63354063
-83.6400352539
-83.5684612923
-83.9686533886
-83.6476919292
-83.650645718
-83.6961363856
-83.5118389109
-83.6890859797
-83.7313192786
-83.676521863
-83.6934298507
-83.5950471309
-83.7351295726
-83.6059773638
-83.7114118022
-83.4441383254
-83.8223314902
-83.6249628835
-83.7926126654
-83.4560630678
-83.5900194115
-83.4049351997
-83.5896824178
-83.6102459456
-83.6366318502
-83.7855882106
-83.414681179
-83.6433896558
-83.7679582797
-83.7915758433
-83.7228128968
-83.5872837586
-83.8056476414
-83.7716621781
-83.635821171
-83.8095140156
-83.7934461704
-83.7933277721
-83.7228493289
-83.6631772103
-73.1893517597
-83.7001522676
-83.576717102
-83.7933334553
-83.6697117704
-83.6282967795
-83.3644931518
-83.5480039948
-83.7124203016
-83.8117130486
-83.6432215619
-83.3659477318
-83.7059192445
-83.6534965432
-83.8918591793
-83.3522866251
-83.4604532913
-83.5947614232
-83.6446677165
-83.7272623805
-83.7167824751
-83.7057214058
-83.727771491
-83.7135642178
-83.7802554131
-83.524831118
-83.7323197026
-83.5226152192
-83.7457615246
-83.6848993548
-83.6717448129
-83.7652205735
-83.6195810933
-83.6346049557
-83.7021058476
-83.7282053158
-83.6005637853
-83.7241317224
-83.5658549501
-83.8322964791
-83.559537268
-83.4682659557
-83.5744179111
-83.4936351267
-83.5371432541
-83.7148833346
-83.5560074266
-83.6944249997
-83.703140698
-83.4889303326
-83.802677066
-83.5964178024
-83.8796233618
-83.8381039551
-83.6261513851
-83.7587977824
-83.6114966134
-83.6535364866
-83.6547783877
-83.5293048087
-83.7556196873
-69.0684663255
-83.5869669538
-83.5700086262
-83.7863336365
-83.691426115
-83.8197011918
-83.7210263345
-83.551979979
-83.9692985937
-83.5107970116
-83.6436379754
-83.7989245175
-83.6504644479
-83.5789870021
-83.639242566
-83.5155374242
-83.7120237295
-83.8390744806
-83.6088335833
-83.7044971487
-83.6567932618
-83.7181179236
-83.671768906
-83.6962657008
-83.8210266814
-83.570017171
-83.6809265479
-83.6963024482
-83.8178326975
-83.545770331
-83.5537255498
-83.6434914804
-83.5754878937
-83.6744457857
-83.7069687954
-83.6489413856
-83.6024697727
-83.6721972028
-83.5884164938
-83.7575413027
-83.7721840923
-83.9866232192
-83.6893900725
-83.5408363925
-83.4999222522
-83.7907226096
-83.6353132079
-83.8074721199
-83.5465667673
-83.6710005192
-83.5725605174
-83.7509879579
-83.7399903823
-83.720944039
-83.5223198599
-83.7800309415
-83.6310696329
-83.7853341593
-83.6601066482
-83.6416395745
-60.3196574332
-83.6423041394
-83.8017663098
-83.625915698
-83.6309655935
-83.5452896844
-83.7738017058
-83.7140915678
-83.6708693662
-83.8944366318
-83.8152906058
-83.4486657352
-83.8507802005
-83.6959093509
-83.6271019629
-83.4882921793
-83.4187506867
-83.4633392203
-83.4122040131
-83.5249480908
-83.5638775721
-83.6839087115
-83.7264258794
-83.596334243
-83.709814046
-83.7422266763
-83.7230752121
-83.7250798414
-83.7289371825
-83.6990442143
-83.7197950205
-83.6238718792
-83.5639421087
-83.5101204883
-83.7931646075
-83.4477571328
-83.8933056733
-83.7471685931
-83.6796395149
-83.6466511102
-83.6475394051
-83.5907083877
-83.7128730958
-83.6751337954
-83.5490117071
-83.862111631
-83.6604815855
-83.7432409997
-83.5577886679
-83.7065727697
-83.6962597144
-83.6210344835
-83.6743664152
-83.8244777984
-83.524698074
-83.5671888385
-83.6323187027
-83.7786784572
-83.7408131091
-83.4892082568
-74.7315093562
-83.7787634244
-83.5850044572
-83.6933837921
-83.6820507159
-83.6577759318
-83.6093677332
-83.6367583278
-83.6704876763
-83.5304940853
-83.7969830655
-83.6578308979
-83.5211491752
-83.3225987242
-83.6103229885
-83.5100374324
-83.5119709365
-83.6534667781
-83.6569542679
-83.7083936047
-83.7137431761
-83.8567292141
-83.5975691452
-83.7193765038
-83.8238712194
-83.7201608372
-83.5941445422
-83.6863304887
-83.628202978
-83.6009717691
-83.8448139216
-83.7360390603
-83.5775883836
-83.6266922138
-83.5629572498
-83.7442222939
-83.6215106186
-83.6754522162
-83.7038422226
-83.6664736551
-83.6148765538
-84.0280026959
-83.435328008
-83.6902827122
-83.6708232914
-83.7192086387
-83.6106558222
-83.645270925
-83.7408909741
-83.6786749565
-83.6172012838
-83.6259535035
-83.768773731
-83.7515486384
-83.8154900048
-83.5611514452
-83.5792707932
-83.7512009427
-83.6939858577
-83.6335584108
-83.589278942
-66.6705937226
-83.7176391301
-83.4892021163
-83.6732599501
-83.5909778028
-83.6846628613
-83.7774875281
-83.7011847015
-83.6724832396
-83.6466711978
-83.8060592896
-83.7568609432
-83.7184366006
-83.6216553732
-83.6848092408
-83.7395671645
-83.7688626325
-83.6681871394
-83.5133395211
-83.8475260085
-83.7191168435
-83.8371332602
-83.6097576742
-83.7111451672
-83.7866575223
-83.6956523413
-83.8105027858
-83.7659618933
-83.6123015083
-83.6115874916
-83.5726696229
-83.5783952523
-83.7065241657
-83.5244571795
-83.7216216238
-83.8388694926
-83.6685308856
-83.785766686
-83.6968543651
-83.7362766565
-83.568737585
-83.7995795287
-83.7543631983
-83.5212807744
-83.7354776276
-83.7138779269
-83.572948428
-83.7381119082
-83.7823985665
-83.6361217923
-83.7634992552
-83.6658561289
-83.6801242436
-83.6584111972
-83.7480016534
-83.61069126
-83.6168392432
-83.7336532629
-83.8512612811
-83.5031466906
-58.2173448556
-83.8256798883
-83.8874647471
-83.5145907668
-83.6184287675
-83.6126618506
-83.8447281394
-83.4709756252
-83.6958166981
-83.6638079963
-83.6854877251
-83.6514284199
-83.8400796992
-83.6154248356
-83.7111725876
-83.7503280576
-83.8043400466
-83.777959878
-83.7047223672
-83.5857021453
-83.4659413188
-83.5185386106
-83.7944488872
-83.2838601763
-83.6670669317
-83.5888883164
-83.4822681942
-83.6199412411
-83.5877368524
-83.5808565285
-83.7129294951
-83.7303963792
-83.7103085631
-83.583218539
-83.8114374708
-83.773939116
-83.8335428278
-83.7335180362
-83.5053142143
-83.751635952
-83.6340409545
-83.4763129315
-83.7578338908
-83.6209352966
-83.7338967925
-83.7088546313
-83.5386878941
-83.7448464298
-83.4849086829
-83.6558367727
-83.6259232848
-83.5404496511
-83.5959296117
-83.6156989307
-83.7630651033
-83.6403592503
-83.6830578518
-83.6031208014
-83.6266748691
-83.5355440915
-80.1964093981
-83.8049482514
-83.8565928489
-83.5903030085
-83.5121174295
-83.5311580706
-83.8163370446
-83.7772667795
-83.6931541449
-83.5553021852
-83.9045497853
-83.888509767
-83.4869829095
-83.5315028208
-83.6783309602
-83.6257622342
-83.6834356772
-83.4712430426
-83.7953440295
-83.7337132361
-83.6304327335
-83.5875681732
-83.5552080099
-83.6878183767
-83.6631231819
-83.7432195455
-83.5105012119
-83.7022646563
-83.6442870171
-83.5543538876
-83.6543106221
-83.4350639705
-83.7071881502
-83.698331929
-83.6070857186
-83.4863410564
-83.5341710067
-83.6625950421
-83.5547623266
-83.6454160706
-83.730015867
-83.7233866273
-83.6699891601
-83.5830345689
-83.6956495155
-83.6657792574
-83.6785994558
-83.6593400241
-83.5853398664
-83.7087767705
-83.5429527465
-83.692553729
-83.7240530034
-83.7214979951
-83.4636435156
-83.8053846311
-83.6406778432
-83.6872935332
-83.8387944751
-83.6182804443
-83.8003391391
-58.9215930709
-83.635740237
-83.8111744441
-83.6389468894
-83.7100238769
-83.6884699648
-83.8937720566
-83.4786502968
-83.7944915051
-83.8349943156
-83.6318679986
-83.694686934
-83.7344584488
-83.4753256924
-83.7598537423
-83.7556161441
-83.7578517814
-83.7418059574
-83.6670801665
-83.6734140535
-83.6908508035
-83.7731492956
-83.7290243757
-83.7318026676
-83.5777507327
-83.728294056
-83.6454686214
-83.6106385572
-83.841807754
-83.7992101071
-83.6093298616
-83.6249260283
-83.7386759646
-83.6428708188
-83.554507877
-83.7956638794
-83.7528290922
-83.5798281149
-83.5448541274
-83.6786194281
-83.5930607602
-83.6895551676
-83.599051808
-83.5517944907
-83.7474163778
-83.8133535218
-83.6960656382
-83.6299248728
-83.5177699226
-83.6783763361
-83.8257556413
-83.7204203695
-83.6446109143
-83.7462748694
-83.801757621
-83.8182066986
-83.7327050474
-83.7902163256
-83.7908759018
-83.6860329138
-67.6150842338
-83.7491894903
-83.7447515454
-83.5391466247
-83.6003039378
-83.4608954959
-83.6794349448
-83.6417265584
-83.6882988681
-83.604232506
-83.8203939047
-83.5621723928
-83.4756310921
-83.6444939103
-83.9013705499
-83.5531562215
-83.3334450509
-83.4931514053
-83.649333172
-83.5553246936
-83.713940024
-83.6773552435
-83.43357981
-83.6303703525
-83.6170221996
-83.6452962671
-83.8178332015
-83.5549297982
-83.5433727799
-83.7616224732
-83.6431572739
-83.5136851137
-83.6151625338
-83.5956429499
-83.7286833228
-83.6744896547
-83.6400658169
-83.6332559
-83.6395891995
-83.8397546481
-83.6589955434
-83.797070131
-83.7723952392
-83.6099673362
-83.817577568
-83.4503287463
-83.6312963568
-83.7079357938
-83.6203437666
-83.6426282628
-83.5793423319
-83.767569984
-83.5815134403
-83.8317027144
-83.514060182
-83.7142638078
-83.7658727862
-83.8425790479
-83.5638420923
-83.8154412793
-82.9597615844
-77.6693698578
-83.6593491125
-83.6595766385
-83.639203725
-83.6707239
-83.7783969317
-83.4539148062
-83.7109241493
-83.6629529652
-83.5835944707
-83.7229474904
-83.4926639114
-83.5879240586
-83.717451495
-83.7179744882
-83.8433871887
-83.5583598736
-83.6114665816
-83.5040270443
-83.5992680505
-83.7363297663
-83.4693185866
-83.7474437707
-83.765968329
-83.7017760492
-83.5528459933
-83.6599264548
-83.7264761474
-83.5896186633
-83.7415133523
-83.5444690572
-83.4889802496
-83.9067024582
-83.7026054772
-83.5176866479
-83.6821885454
-83.4400482028
-83.8493078665
-83.7358040473
-83.7840764652
-83.4871598563
-83.6719376604
-83.6269652654
-83.7460337436
-83.8597018793
-83.7963129526
-83.7102634645
-83.6794243321
-83.4062496252
-83.6284189942
-83.6066454462
-83.6812431693
-83.817212748
-83.6709851127
-83.5846697016
-83.5220687762
-83.7299467546
-83.7983140526
-83.5913584186
-83.6001453797
-58.1851053422
-83.6350174173
-83.504451758
-83.605648237
-83.7185346352
-83.6860316175
-83.6701900673
-83.3567691344
-83.6834722156
-83.7922404922
-83.6677906498
-83.5413524067
-83.6260406713
-83.5659827832
-83.8423837262
-83.8416765412
-83.7356850082
-83.673975796
-83.5804462972
-83.6767264236
-83.5468189969
-83.4652046021
-83.524716472
-83.7829464955
-83.6342086745
-83.7744654678
-83.6531712196
-83.4608204223
-83.6287999844
-83.5592796326
-83.5344645845
-83.5557860494
-83.5959619088
-83.7259482773
-83.5479563563
-83.7103512468
-83.7380556882
-83.5756955907
-83.8604188031
-83.4046589117
-83.5645921875
-83.8959563374
-83.494569346
-83.6057209439
-83.8603942821
-83.6066382099
-83.7535591318
-83.6865032877
-83.66693956
-83.8846040469
-83.7208385863
-83.6096625316
-83.8005658511
-83.6069101719
-83.6714048906
-83.6218539118
-83.639342783
-83.6861148177
-83.5858268568
-83.6886791676
-63.2728904682
-83.6535437611
-83.9352796116
-83.71306861
-83.5230635856
-83.5968853421
-83.688953492
-83.4722410766
-83.7431742885
-83.7328660114
-83.511315288
-83.6955607991
-83.775198548
-83.7837006703
-83.6102438621
-83.7365741229
-83.4539418639
-83.8773907485
-83.6864894901
-83.527087038
-83.6660315609
-83.6603863642
-83.6385243517
-83.8569866999
-83.4681022995
-83.5749167663
-83.625380412
-83.8200671467
-83.7787564159
-83.5165357082
-83.6851847957
-83.6599966022
-83.4546722817
-83.8049363917
-83.6558904067
-83.5301460255
-83.8450424955
-83.6019636585
-83.5151374863
-83.6083740608
-83.7123375217
-83.7321152897
-83.5605186724
-83.7200890176
-83.7845629994
-83.6565023123
-83.5883162042
-83.6560465388
-83.7279261394
-83.7729693293
-83.7960617819
-83.7147093092
-83.7644482282
-83.696984568
-83.7650350871
-83.4097912985
-83.6679002932
-83.751848237
-83.6036133
-83.7072021623
-83.7170177809
-83.3893771582
-83.4247813753
-83.6485375683
-83.79988754
-83.7199147084
-83.5345543463
-83.6561739702
-83.5168494568
-83.5803394379
-83.655029573
-83.6045700259
-83.6136157832
-83.7851740497
-83.7059022282
-83.7027404564
-83.7545409386
-83.6072554458
-83.6208693812
-83.472822538
-83.7620286173
-83.5544113192
-83.5824761241
-83.6315843667
-83.6636743962
-83.7323667714
-83.485291713
-83.6597254373
-83.6431008754
-83.5259406454
-83.7136439317
-83.6301309578
-83.6625900294
-83.462527798
-83.7883815072
-83.7550156186
-83.6317238694
-83.7428680181
-83.6444225721
-83.5459800296
-83.5841844763
-83.7374846566
-83.68803907
-83.520810436
-83.7686932004
-83.6978337493
-83.5777476823
-83.4999922427
-83.7678684493
-83.6489435565
-83.7495755814
-83.7639798167
-83.7210674347
-83.6111620493
-83.5712534071
-83.7359498873
-83.7832545374
-83.6281378852
-83.8493874623
-83.634899916
-83.3776450106
-58.3721155651
-83.7262495719
-83.5744533447
-83.6031121399
-83.65550435
-83.5255284087
-83.713606967
-83.730034158
-83.5539720862
-83.712459051
-83.5604236449
-83.7879389255
-83.4291815016
-83.7838191827
-83.5582965626
-83.6717637188
-83.7120310028
-83.5245733008
-83.5629550911
-83.7219902199
-83.5794173807
-83.7850338924
-83.6931460113
-83.9119221991
-83.7281531187
-83.7905031572
-83.3488012831
-83.7710794614
-83.6567626539
-83.5915495997
-83.5801735368
-83.7013228745
-83.5767232799
-83.3240334892
-83.4958692646
-83.7693887233
-83.7547532793
-83.4455267788
-83.6852661753
-83.5570271653
-83.5024440603
-83.6351120465
-83.741005145
-83.7758020493
-83.6863112804
-83.6960854001
-83.7359586369
-83.5737608685
-83.8334280094
-83.5790699871
-83.678357411
-83.5136597063
-83.8128838694
-83.4196726369
-83.6487404465
-83.7083391245
-83.5470677384
-83.5561952884
-83.7028601581
-83.8117115282
-50.6055040082
-83.9178724032
-83.8114593956
-83.7835324127
-83.5538614035
-83.4950405725
-83.558791605
-83.6162065945
-83.702829446
-83.6661556454
-83.7105007626
-83.7066869642
-83.6916283466
-83.6791313862
-83.7037288739
-83.6569330873
-83.8301149668
-83.5649411178
-83.697782024
-83.6091193222
-83.59358927
-83.5023407523
-83.4841133444
-83.8150205155
-83.6998096646
-83.6191176362
-83.7724179949
-83.4344872555
-83.6787530737
-83.6975657867
-83.5643556137
-83.7564791656
-83.5074015587
-83.7463724437
-83.6415630138
-83.9054146571
-83.6166315897
-83.5717016395
-83.5419984775
-83.2952381721
-83.7728662581
-83.7958151996
-83.7853003512
-83.6997973521
-83.7142580606
-83.7535426168
-83.5830739399
-83.6696112507
-83.7031336679
-83.6963719885
-83.7670108616
-83.7323282408
-83.6015136165
-83.7032933258
-83.5837206892
-83.7114539443
-83.5502934311
-83.5976564032
-83.7284627983
-83.6381997555
-62.8813209926
-83.7019575427
-83.8896554636
-83.8304509822
-83.3221615941
-83.5370875408
-83.6860938531
-83.6029392161
-83.643158696
-83.7363879043
-83.4597786909
-83.7995448832
-83.8352093558
-83.652360034
-83.6545391329
-83.6247275079
-83.7395608584
-83.3999855166
-83.5322667167
-83.6600532003
-83.5820216865
-83.5916473672
-83.779246045
-83.5424767727
-83.8751204604
-83.4960978174
-83.6366049084
-83.73257102
-83.7623005697
-83.6938305897
-83.6088667271
-83.703487479
-83.9073355597
-83.5436857585
-83.8152642913
-83.4978935193
-83.7304347155
-83.8704071671
-83.5584637868
-83.4910504798
-83.7643649223
-83.4700641576
-83.4394494056
-83.7715447685
-83.7318603131
-83.7595179937
-83.7712387003
-83.7358275745
-83.5843401781
-83.7434815446
-83.8094244556
-83.6846061132
-83.862957231
-83.5995822664
-83.7485469866
-83.7750530806
-83.6661182661
-83.7524699241
-83.9301044592
-83.8224423914
-83.8034442378
-59.439759352
-83.8222129027
-83.6065221991
-83.6552533191
-83.765942577
-83.651579146
-83.7334563704
-83.702178459
-83.6218880205
-83.7454525964
-83.5808681994
-83.7452924245
-83.5848609909
-83.7338879837
-83.8596039622
-83.6010179409
-83.6167048983
-83.6161430407
-83.7469898862
-83.6668253393
-83.7202745856
-83.7846532564
-83.8777541077
-83.8020641139
-83.6280239463
-83.8535855673
-83.9135582848
-83.6685884295
-83.7556812252
-83.9150120228
-83.6328463183
-83.4399788621
-83.6080611594
-83.6885496116
-83.5138849299
-83.6839107467
-83.7916336004
-83.6269362171
-83.5532463567
-83.899755277
-83.5555218268
-83.5912882492
-83.6885012117
-83.7013013216
-83.4593177246
-83.5241957587
-83.5862310072
-83.7534704954
-83.6967057986
-83.6181207985
-83.8966841693
-83.7161417756
-83.7192991783
-83.6805067355
-83.6623903671
-83.6450509888
-83.6211982669
-83.6740727146
-83.7163755178
-83.7945402789
-53.5388039655
-83.9541359848
-83.7614690887
-83.6938149656
-83.6215244052
-83.837323496
-83.602237492
-83.5224211147
-83.6778762889
-83.3156561529
-83.6954343202
-83.7882463337
-83.7909125135
-83.8547480179
-83.6681571866
-83.6197891209
-83.6954767375
-83.7289408754
-83.8028017078
-83.6803664526
-83.6130830254
-83.7211250582
-83.7563439653
-83.7726425761
-83.7058881272
-83.7778525647
-83.7516499522
-83.6842846995
-83.7278533214
-83.5586057665
-83.6284555187
-83.5285149336
-83.7914068179
-83.7001646837
-83.6322265179
-83.5090596608
-83.472076581
-83.7234280938
-83.6707418126
-83.6720047413
-83.6646775196
-83.5194424831
-83.7060859828
-83.6382186314
-83.8020160271
-83.8411380039
-83.6906852741
-83.6190178099
-83.8007652064
-83.6667676978
-83.6799844664
-83.503270847
-83.5882706943
-83.5496774128
-83.6605945696
-83.3803527222
-83.6442145199
-83.9144020233
-83.5386844615
-83.6163073452
-69.5515880559
-83.6850480716
-83.7439480156
-83.8147201346
-83.6877853706
-83.8147949098
-83.7780598322
-83.7602217079
-83.7696758737
-83.6663343069
-83.5821246729
-83.8829166197
-83.7266229272
-83.7131983842
-83.608121482
-83.5785557693
-83.8173983638
-83.6131892428
-83.5965696901
-83.5408578878
-83.6145614112
-83.6018018768
-83.5681843856
-83.7750595659
-83.5514340654
-83.8283921087
-83.5545896403
-83.8243693872
-83.6192253131
-83.6107353934
-83.6415771949
-83.7394372587
-83.8063919306
-83.6433464325
-83.6585779943
-83.557838552
-83.7986081544
-83.627103657
-83.666188701
-83.4871009142
-83.6184496253
-83.8425308357
-83.7158215679
-83.8360962282
-83.7400283311
-83.7445242194
-83.7937931041
-83.6874174623
-83.741622635
-83.5440815899
-83.7517116848
-83.5828251655
-83.6567736605
-83.6625152855
-83.5450199215
-83.5703527232
-83.5475040853
-83.5133703824
-83.4369577086
-83.6781199406
-83.9005559763
-56.2433523204
-83.7075812503
-83.8162763316
-83.4587457311
-83.6330055196
-83.4589907637
-83.5284644365
-83.7346883293
-83.8281872804
-83.7125803016
-83.8255841965
-83.5211861513
-83.6129494778
-83.7645190497
-83.6626670023
-83.5386792874
-83.6348840248
-83.7790672486
-83.5985810948
-83.6708192064
-83.668262669
-83.8007476018
-83.7858719887
-83.6646102961
-83.7311501428
-83.6211371699
-83.7206542658
-83.7310053129
-83.5230027562
-83.7084539197
-83.6851612041
-83.7967434471
-83.7792575214
-83.5759617622
-83.7290628819
-83.789840106
-83.744188954
-83.6993483642
-83.6517688948
-83.7704439681
-83.6762213217
-83.7332423516
-83.6096557412
-83.5029341722
-83.7008302639
-83.7008857841
-83.5486767773
-83.6655908772
-83.6240364282
-83.7595629188
-83.6571934245
-83.6226079337
-83.590086135
-83.706619069
-83.6641781198
-83.485840541
-83.7414504137
-83.458291415
-83.7069796113
-83.7081170417
-53.2510892502
-83.7395773577
-83.7292485789
-83.7293982824
-83.7175016347
-83.6036487477
-83.8151996783
-83.7567228872
-83.587460133
-83.6888220022
-83.562437362
-83.815522735
-83.7941292244
-83.4746395987
-83.7125064775
-83.7526603935
-83.9469598221
-83.6702170671
-83.7861931836
-83.7564129477
-83.639903747
-83.9469813051
-83.7538397547
-83.6240157904
-83.6508132944
-83.5308259947
-83.770019762
-83.7676451632
-83.7813212121
-83.7742708281
-83.5366479002
-83.7607115412
-83.6964974763
-83.6448735029
-83.7659561087
-83.4782500287
-83.8922635552
-83.6385875384
-83.711920398
-83.665237543
-83.6192836331
-83.5327771339
-83.729128212
-83.8141983066
-83.8206704018
-83.6097745422
-83.6890461669
-83.6550432051
-83.6615230302
-83.6143948495
-83.772468521
-83.5841634099
-83.722171922
-83.6106571685
-83.7426005867
-83.4874225685
-83.727313755
-83.6658980296
-83.8776289336
-83.8489166203
-75.6650131631
-82.3778584986
-83.8876669165
-83.5070394427
-83.7806012152
-83.6007496147
-83.8518252028
-83.6965960761
-83.6101321066
-83.4966388206
-83.7000873036
-83.7543675043
-83.7588282836
-83.8282541666
-83.4245838057
-83.6705995457
-83.8556251514
-83.8541608461
-83.6746451386
-83.5638093236
-83.6080773148
-83.8018703029
-83.724119557
-83.6064040558
-83.6263303489
-83.6052845627
-83.7262323601
-83.632190745
-83.6571161884
-83.636843483
-83.7327047304
-83.6477777417
-83.6265603172
-83.8137700482
-83.7592535491
-83.7525395603
-83.5845377578
-83.8649833889
-83.7011218263
-83.6478087186
-83.7037041099
-83.5898939304
-83.5135927466
-83.8847139497
-83.8725465314
-83.6187760373
-83.6577122446
-83.7367260328
-83.6914893639
-83.7247894709
-83.8405693672
-83.6743533267
-83.7043758505
-83.7219540838
-83.8452817481
-83.5404455253
-83.6752907739
-83.72511475
-83.7087926168
-83.7196305954
-83.7595767156
-52.006618524
-83.6303098526
-83.4083546648
-83.7670837312
-83.6350371238
-83.7627861162
-83.66641856
-83.8619702353
-83.3800383836
-83.6239977072
-83.5985138427
-83.6244112531
-83.7074281023
-83.7465691615
-83.3701203781
-83.4658105429
-83.342460368
-83.7946597638
-83.6009994464
-83.7294252736
-83.6341025389
-83.660244511
-83.9420016343
-83.779360207
-83.7286281633
-83.6250115867
-83.6248655902
-83.7544926959
-83.6799666484
-83.3866564739
-83.5461278837
-83.47362486
-83.7110296031
-83.7734598991
-83.7453561159
-83.7276752755
-83.6309373389
-83.6656791773
-83.710848751
-83.6891579098
-83.8067065672
-83.7595344556
-83.6646936647
-83.4630381801
-83.4431132791
-83.6654676421
-83.5081082175
-83.5048878702
-83.4134999045
-83.804157497
-83.6688312527
-83.5570576939
-83.5620552255
-83.8443600854
-83.762552791
-83.8277144957
-83.6377270345
-83.8172265
-83.486426875
-83.702736603
-53.1084017233
-83.4990727569
-83.6969978505
-83.7855489689
-83.7050656429
-83.5756953897
-83.6805452991
-83.6019516051
-83.7584824166
-83.7537583449
-83.7650972658
-83.6551216677
-83.8614340545
-83.702108574
-83.5399474559
-83.7488878159
-83.4711071853
-83.8137850159
-83.690630546
-84.0662726633
-83.6647869178
-83.893486438
-83.5719379452
-83.7599431801
-83.7452101237
-83.9252362366
-83.660648839
-83.6910011329
-83.6327831005
-83.7700906504
-83.6927026962
-83.7759459111
-83.5825831415
-83.5269276768
-83.6851981147
-83.7827947061
-83.5993073527
-83.4774277017
-83.7305388682
-83.7609401064
-83.612032704
-83.6564348326
-83.7263004591
-83.5898480977
-83.7790292551
-83.5972719628
-83.7631080865
-83.5250648881
-83.7454841046
-83.6866110011
-83.842918723
-83.6076552605
-83.627397378
-83.7716556064
-83.6659771743
-83.6291270148
-83.7068118789
-83.6780488007
-83.5423014887
-83.6410238071
-82.837371009
-75.5561514163
-83.8921104792
-83.5521428976
-83.7560502898
-83.7084449086
-83.7200262769
-83.7213945688
-83.4833578307
-83.6646845834
-83.7306331803
-83.843310638
-83.7391657908
-83.6669770482
-83.7395939309
-83.7924118931
-83.7435947893
-83.6154841108
-83.7196113184
-83.8789284869
-83.8204126494
-83.6522824622
-83.4437086381
-83.8548536362
-83.8745956749
-83.8412156923
-83.484649998
-83.3926008269
-83.6690703723
-83.773422164
-83.5608822866
-83.6902874067
-83.6262495216
-83.8490338932
-83.7789474879
-83.7801021916
-83.7268509447
-83.5976797474
-83.6246624401
-83.8387382319
-83.6856189868
-83.6874653788
-83.7240729311
-83.6782648638
-83.7305741528
-83.8364593566
-83.5191838115
-83.7863029783
-83.6955129173
-83.7659999128
-83.6195339923
-83.5298023771
-83.5923765838
-83.7551083961
-83.7016582193
-83.869140074
-83.7553986774
-83.6187593055
-83.8374246115
-83.8057770204
-83.7065929161
-52.8467881603
-83.654937441
-83.5824451673
-83.4893894837
-83.7960076968
-83.798199304
-83.7444509339
-83.6705169534
-83.5930468161
-83.7665403886
-83.6885491964
-83.716214423
-83.2807943284
-83.7470273994
-83.6558825077
-83.6131459164
-83.7466084228
-83.4504106146
-83.7546519355
-83.791329302
-83.6861498958
-83.8596402606
-83.5593538627
-83.6921616
-83.4736209062
-83.624056753
-83.5055727013
-83.7140747351
-83.6958446049
-83.5534772185
-83.537815447
-83.7174997443
-83.7086861799
-83.8139827367
-83.7902632642
-83.7056180808
-83.8326802744
-83.6181229464
-83.7760075928
-83.6014369352
-83.483120021
-83.8019950636
-83.7100786549
-83.8419276026
-83.7975103383
-83.6964296701
-83.6620613581
-83.7329400177
-83.5341304867
-83.8880076309
-83.82651281
-83.6722872821
-83.6328897533
-83.6956872533
-83.5956272172
-83.4471982211
-83.4942257764
-83.7236094397
-83.7515628493
-83.750583523
-56.3519012864
-83.6305498595
-83.5341886696
-83.6656502364
-83.753832612
-83.7958892977
-83.752537092
-83.7444952449
-83.6024407277
-83.4979536157
-83.8168416842
-83.7095434633
-83.5726461284
-83.7842066409
-83.8787421432
-83.5422848701
-83.6923321807
-83.7948739643
-83.7685604754
-83.7495158742
-83.7347091967
-83.6027781729
-83.6375481994
-83.5675000534
-83.7163021649
-83.5265811954
-83.8852094165
-83.9391276271
-83.5158029803
-83.6169380165
-83.834255482
-83.7756604766
-83.743577254
-83.7410708828
-83.676458347
-83.5355005116
-83.9028953255
-83.7816893824
-83.5750153508
-83.6963873557
-83.787890056
-83.6852033029
-83.5185530996
-83.6938315033
-83.8774180886
-83.7298759223
-83.6013648469
-83.7155884202
-83.8146244269
-83.6545705827
-83.4373394539
-83.6298502684
-83.5087220666
-83.7383869861
-83.4921580254
-83.5832180788
-83.6768806215
-83.7662615696
-83.7027961262
-83.7750114099
-83.8334053322
-69.4040295347
-83.6167089868
-83.9209693964
-83.5476385374
-83.7388194011
-83.7097436177
-83.5935389017
-83.6234850484
-83.6328103574
-83.7587719881
-83.7870342487
-83.5524386957
-83.7917057795
-83.6822760879
-83.6806172531
-83.8415222724
-83.776125462
-83.850602888
-83.8626521038
-83.913749
-83.8397081068
-83.6181582439
-83.6524172776
-83.5833167417
-83.6828772734
-83.60087559
-83.6484564556
-83.6157177703
-83.6034570106
-83.7843679224
-83.5327577895
-83.5629110367
-83.565752849
-83.7275484659
-83.6994621775
-83.8922833577
-83.6651835485
-83.7564988928
-83.5701390894
-83.6151013445
-83.7248281271
-83.6386841049
-83.7935746624
-83.74079074
-83.7627562828
-83.6756880154
-83.6097842277
-83.666376939
-83.561555606
-83.659556856
-83.6037215488
-83.8442003665
-83.6938996539
-83.4782555553
-83.7804037042
-83.7558861625
-83.6684108141
-83.7496656843
-83.6338513506
-83.9402720959
-53.0638843704
-83.8216997965
-83.6804573934
-83.8379367804
-83.6002684021
-83.7100279496
-83.6675551074
-83.4458901202
-83.8050410303
-83.5338939878
-83.7926711693
-83.6539216041
-83.5688731157
-83.7201202503
-83.6388324152
-83.8945508372
-83.6983934983
-83.5912218653
-83.9676059379
-83.7387754984
-83.6954792981
-83.5208004272
-83.7161945423
-83.6699760509
-83.766010785
-83.8798688323
-83.7903963393
-83.7453129447
-83.6721881819
-83.5145309287
-83.791199127
-83.5011944045
-83.8587246136
-83.7797051348
-83.9659224693
-83.6327399221
-83.7311406442
-83.7450866891
-83.8050871731
-83.6723143494
-83.6526079211
-83.7825884792
-83.7891421034
-83.7042150018
-83.5642388303
-83.5692463894
-83.6373991951
-83.7360025976
-83.675530361
-83.776574853
-83.6185815677
-83.6686822742
-83.7247682145
-83.6108762936
-83.5992097293
-83.8071337189
-83.7926382792
-83.5452016259
-83.8698262578
-83.6942135402
-59.4218395886
-83.6283715711
-83.8805397155
-83.8385542356
-83.8722604749
-83.6673058429
-83.5684395936
-83.8156536357
-83.6581380372
-83.5789823984
-83.5746081164
-83.7076932323
-83.4843529516
-83.7397426466
-83.7613292859
-83.8212544103
-83.5132397931
-83.6413641172
-83.75368248
-83.74686729
-83.6387617333
-83.8106863282
-83.5105983264
-83.792636242
-83.7383919638
-83.7577820466
-83.6750235507
-83.4587864659
-83.8221411648
-83.5661244568
-83.7339666724
-83.620348507
-83.8689408337
-83.6105769183
-83.5388384815
-83.755285096
-83.622629777
-83.6832758818
-83.662829111
-83.7025520984
-83.5605575756
-83.5597544054
-83.638448784
-83.6413672063
-83.6994601897
-83.6730435895
-83.677895392
-83.5665946681
-83.7799963054
-83.6386033311
-83.6998957997
-83.6849071416
-83.7561706448
-83.8830076983
-83.4783299328
-83.8382655317
-83.3756453352
-83.8238218909
-83.5158069874
-83.5039106496
-83.5952860739
-66.36091463
-83.6486687389
-83.5303019013
-83.8459385058
-83.8191574077
-83.483124964
-83.4604668094
-83.4426326261
-83.6216825508
-83.6980354205
-83.7065789683
-83.6642094879
-83.873869546
-83.7584560079
-83.7053327329
-83.6314353667
-83.7131400573
-83.6105437523
-83.7546945517
-83.5686347676
-83.7587457116
-83.3734621317
-83.7947284518
-83.8460504482
-83.7391423101
-83.3603653804
-83.6334450489
-83.6119458902
-83.5363000155
-83.8904805705
-83.4080030155
-83.5711452792
-83.7663119381
-83.6819363445
-83.5965252372
-83.6122926532
-83.6172722677
-83.612019889
-83.6429165229
-83.6448964597
-83.4701247578
-83.7540883343
-83.6034132534
-83.5337132742
-83.7911045463
-83.6921952267
-83.7608829624
-83.6640556309
-83.7366723938
-83.5074351786
-83.2952276015
-83.7414734627
-83.674817129
-83.5845615322
-83.8437193438
-83.766868839
-83.7804966065
-83.7200699842
-83.8620490956
-83.7467009566
-53.2581306338
-83.6717851978
-83.8114233372
-83.8827720126
-83.8638894519
-83.7221504736
-83.3924647533
-83.5903163416
-83.5663627073
-83.5890548955
-83.6227975554
-83.6625648201
-83.8349156788
-83.6545752331
-83.8497722702
-83.5986123088
-83.7011229218
-83.6978940771
-83.7254800915
-83.7232842078
-83.7837817532
-83.448022871
-83.7578794827
-83.7378495142
-83.6591878182
-83.787760852
-83.9424055979
-83.4360418768
-83.8776299869
-83.767958541
-83.5519822009
-83.7675811913
-83.731931017
-83.5960384718
-83.609590974
-83.4645822397
-83.7893431008
-83.6473478988
-83.5333534137
-83.6338259237
-83.5518270821
-83.7211277911
-83.6897036826
-83.6354527112
-83.6920458919
-83.7013497084
-83.6133072699
-83.5106084779
-83.8516226643
-83.5159296137
-83.7873717268
-83.7712306285
-83.6158263704
-83.603247314
-83.6133809834
-83.6655740868
-83.724827352
-83.6926113114
-83.8693611315
-83.7977101972
-61.1882546465
-83.5800644061
-83.4776892033
-83.7261589952
-83.7382559107
-83.4047891405
-83.7339055287
-83.9882399102
-83.6717405432
-83.8069641606
-83.69412497
-83.8074942434
-83.8322187327
-83.8649912686
-83.5490488286
-83.7612094018
-83.7403919245
-83.8114244249
-83.5388398313
-83.7059167146
-83.4677363801
-83.6699468187
-83.7095055519
-83.5901469488
-83.6035941278
-83.5494852504
-83.6708575549
-83.9445149314
-83.7674771157
-83.8300260972
-83.6678771555
-83.6724317662
-83.7525732815
-83.9096589587
-83.5843979543
-83.8098013646
-83.5115610978
-83.6102141596
-83.6785922646
-83.6608656046
-83.789581609
-83.8390554902
-83.5995489547
-83.5700486678
-83.8219360818
-83.7839307285
-83.7088808552
-83.8542526759
-83.6081270001
-83.7560427388
-83.5903337749
-83.6057152324
-83.703846507
-83.8467437988
-83.8021652736
-83.6757620568
-83.6872070695
-83.7632964474
-83.7399006086
-83.5542297017
-83.6593346352
-63.9160422807
-83.9000402536
-83.5656956345
-83.7831664426
-83.6787960888
-83.7841686567
-83.7020233931
-83.6987486258
-83.6413338085
-83.8097397177
-83.8511612269
-83.6698412821
-83.6002159317
-83.774132938
-83.7593550514
-83.7197911383
-83.5806610786
-83.723120669
-83.7696175499
-83.6523205011
-84.0865641188
-83.6247943489
-83.8214444995
-83.7581515215
-83.7299440879
-83.4446198384
-83.6545031928
-83.7888896325
-83.7373392879
-83.6067318001
-83.6112378879
-83.6287935132
-83.6426723679
-83.7239348933
-83.6461793559
-83.3962811888
-83.8210458821
-83.8094026118
-83.771284132
-83.5055494534
-83.7234371501
-83.896593815
-83.5186467592
-83.8264506167
-83.4903831423
-83.6013844635
-83.8117619066
-83.6024354514
-83.6222317944
-83.794080589
-83.6465087818
-83.8282350645
-83.7632190291
-83.5447837137
-83.6485663944
-83.9279338111
-83.8554136471
-83.7782176919
-83.6114229451
-83.7801395966
-53.3011045465
-83.6036372979
-83.636214887
-83.6150513477
-83.7487255478
-83.7627697206
-83.7026285788
-83.873061187
-83.8035419262
-83.8308618388
-83.6739684258
-83.4733016215
-83.5665376454
-83.5947685304
-83.7437710396
-83.7013668451
-83.63611977
-83.787975458
-83.7822806249
-83.6779667006
-83.6825033041
-83.6682648867
-83.6616720179
-83.4924148563
-83.6067439062
-83.7104676916
-83.7745392283
-83.7524583115
-83.7549204575
-83.7248310018
-83.6103439879
-83.8332716765
-83.6187829653
-83.8615577122
-83.7629679323
-83.4485284192
-83.46036719
-83.7094705276
-83.7496600637
-83.5856254885
-83.571481881
-83.6045365386
-83.6500184565
-83.8476062812
-83.6901337256
-83.6656042173
-83.5651287496
-83.8430544022
-83.5147160362
-83.5812459684
-83.6362725661
-83.7414376201
-83.6194036522
-83.8525280979
-83.8908771096
-83.7539045405
-83.6969229822
-83.5672378908
-83.7492742789
-83.6365076728
-65.2476847256
-83.5272704514
-83.5810315068
-83.8964177749
-83.5466837113
-83.7567291336
-83.6655150306
-83.5430743009
-83.7130103174
-83.6717843745
-83.5599149229
-83.7378621145
-83.6409372198
-83.6481887485
-83.6581522455
-83.5162328701
-83.654590114
-83.6799276187
-83.5716479006
-83.7787152401
-83.8897039806
-83.7181734505
-83.6704298636
-83.8226615005
-83.6746214664
-83.5588963833
-83.6119657456
-83.6237275433
-83.782179474
-83.6772146134
-83.6334314059
-83.6121884228
-83.6164648532
-83.7600457371
-83.7688175794
-83.6444132592
-83.7504067776
-83.6985593667
-83.6867337681
-83.6931720355
-83.74832401
-83.6496946546
-83.6280230106
-83.7870183943
-83.9226946226
-83.6454434343
-83.6446870873
-83.7616923429
-83.7427216288
-83.6394075585
-83.8024976002
-83.6836325999
-83.7082982812
-83.5923155272
-83.5688131063
-83.6526214653
-83.7028800639
-83.6449743897
-83.6727072893
-83.7924903417
-83.7751636816
-61.8614805232
-83.8925534729
-83.7430213369
-83.7240388758
-83.6770438607
-83.8386271746
-83.6754693533
-83.3316719314
-83.7807945478
-83.6538514884
-83.8143429484
-83.7837334329
-83.7118626669
-83.5754449631
-83.7449179375
-83.697392348
-83.5777027542
-83.5090309816
-83.697238533
-83.7907744386
-83.7697972921
-83.7818130742
-83.6551820972
-83.5858408425
-83.7309469509
-83.6400505024
-83.5735444515
-83.8212378212
-83.6501580744
-83.7399021419
-83.6930264404
-83.713358639
-83.5121983273
-83.4451110062
-83.5414594752
-83.6359647626
-83.7106149892
-83.882248418
-83.7814802957
-83.7791802167
-83.6738530425
-83.8262520762
-83.7645708476
-83.7447909042
-83.5471638902
-83.5992154977
-83.7874727724
-83.7230396899
-83.93987702
-83.7556462413
-83.67251934
-83.6802368553
-83.726352271
-83.6239713692
-83.7356590966
-83.5461917146
-83.6706583995
-83.7810990887
-83.5856786034
-83.8346799017
-52.4713525484
-83.5591332103
-83.7188455877
-83.7491939043
-83.3917003915
-83.5576631535
-83.8536775652
-83.9823713566
-83.8359188362
-83.8000210473
-83.7542736936
-83.7718135927
-83.5431922002
-83.7904906537
-83.8232922497
-83.7418150751
-83.8192354853
-83.6777309088
-83.5588886305
-83.6227376572
-83.875053461
-83.7125192687
-83.757652066
-83.9393750916
-83.7365822819
-83.4177492607
-83.8056976997
-83.5664015217
-83.7025577181
-83.6030333434
-83.8170299258
-83.6473081729
-83.6604851069
-83.5444967634
-83.722617987
-83.8464031241
-83.648672677
-83.6217573374
-83.7654423828
-83.6703526693
-83.5703520173
-83.6978534633
-83.7489869945
-83.800933389
-83.7285300223
-83.7692322608
-83.8274518256
-83.8221381887
-83.9350272137
-83.6119092273
-83.6046330927
-83.5451331066
-83.5933511164
-83.6156300864
-83.7397263326
-83.9077092411
-83.5810435029
-83.7300568589
-83.6760627965
-83.6630371382
-63.5824823101
-83.698705046
-83.7182550045
-83.4712958597
-83.6828973245
-83.4407370782
-83.5383888873
-83.7931151569
-83.6754156923
-83.7485804317
-83.6374235785
-83.9330184994
-83.5021072152
-83.6675946893
-83.6215319842
-83.7490292648
-83.8211914817
-83.4836760004
-83.763239191
-83.7693332697
-83.5523481069
-83.8015866156
-83.7769551907
-83.5583858991
-83.7152857752
-83.6256415504
-83.8572984493
-83.4912535844
-83.5916760972
-83.5121097867
-83.6455383886
-83.797752886
-83.4525769961
-83.6224093101
-83.8466412499
-83.7059286718
-83.6402613509
-83.8245944115
-83.6206747235
-83.8809745588
-83.702350792
-83.8154148289
-83.8238619733
-83.6422971725
-83.6915983141
-83.5047096352
-83.7516519503
-83.6222121657
-83.600651987
-83.6691043392
-83.526541538
-83.592417146
-83.5265843643
-83.681454675
-83.7295569134
-83.7181262573
-83.4596502733
-83.6959831721
-83.7498064132
-83.5143073032
-83.652737795
-67.0228460578
-83.7311303662
-83.5920785317
-83.6683020221
-83.7693521138
-83.7240162208
-83.6493063849
-83.7274908842
-83.8420107309
-83.7985830793
-83.5391853478
-83.8378719702
-83.8918941353
-83.4916194564
-83.6504073746
-83.8227255962
-83.684517425
-83.6941307498
-83.7770233427
-83.7222570508
-83.6804382043
-83.5524107297
-83.5445670693
-83.6721177866
-83.8249686533
-83.7655522853
-83.7589060202
-83.580719008
-83.6900584442
-83.6347185078
-83.5816385146
-83.7717740283
-83.8871371491
-83.7185397806
-83.8027125506
-83.6101510856
-83.6091893587
-83.6240596109
-83.8191601996
-83.481028048
-83.5793557292
-83.8281656976
-83.7742088607
-83.6227778898
-83.4511249508
-83.6512436104
-83.6647866268
-83.9247493143
-83.5774150912
-83.5372500883
-83.8760721412
-83.9022065693
-83.6999553929
-83.4668674485
-83.6426888356
-83.748254541
-83.5099293909
-83.6207165161
-83.750808102
-83.7080350655
-53.8054146413
-83.7100925276
-83.5802025577
-83.5395788589
-83.7919502062
-83.5121118048
-83.561270943
-83.7760418308
-83.5884670923
-83.7871373818
-83.806181645
-83.7558897374
-83.5654134063
-83.7222735548
-83.9416973662
-83.8244216899
-83.7031163753
-83.6794194372
-83.6330954108
-83.5391320743
-83.761863558
-83.5799842584
-83.6806599775
-83.7867807445
-83.7383372911
-83.7146006507
-83.7303783099
-83.6243112337
-83.6309807287
-83.6063514173
-83.6316350626
-83.7777154546
-83.8544305775
-83.7838386823
-83.5667597203
-83.7378908561
-83.863086597
-83.5156315225
-83.7136387847
-83.537814529
-83.7615856572
-83.6995454021
-83.6399183025
-83.7822013957
-83.8421861401
-83.5608039056
-83.7507920529
-83.7085146946
-83.7881823532
-83.7312930478
-83.4862109131
-83.7990759008
-83.6694331273
-83.7423482087
-83.6730488786
-83.6630776033
-83.4195832008
-83.572220991
-83.794883489
-83.5986428107
-60.388548967
-83.8944110306
-83.7159497694
-83.8302440507
-83.7231385052
-83.6863662284
-83.8909780572
-83.6387148692
-83.7342716503
-83.8124852528
-83.7342177365
-83.6081028988
-83.8175679942
-83.776023398
-83.8817760231
-83.6268900816
-83.8958037254
-83.661705525
-83.6894456886
-83.9148525695
-83.6950664769
-83.5214276023
-83.7771999947
-83.753823854
-83.6888767212
-83.6131320611
-83.8069995504
-83.8016472664
-83.7918689763
-83.4386076168
-83.6970016072
-83.5275489243
-83.7604652448
-83.7042082313
-83.760436442
-83.6528676133
-83.8604847746
-83.7835237555
-83.7066871709
-83.7320589761
-83.6374742384
-83.6606314784
-83.5684044038
-83.7218042617
-83.7038535399
-83.6917722825
-83.6340343328
-83.7869381062
-83.7444833229
-83.6581049218
-83.904945843
-83.7235234444
-83.6373498505
-83.7106629648
-83.8038511347
-83.5649909595
-83.7360624139
-83.642171136
-83.5563945532
-83.7683965452
-83.7395619411
-68.0421138138
-83.6150095621
-83.7434572414
-83.7561691408
-83.6196936628
-83.5552754669
-83.8640432488
-83.7114463762
-83.8034176395
-83.5645974463
-83.5838109026
-83.6249518841
-83.6958520832
-83.5727791426
-83.6053362413
-83.7309879987
-83.7780859828
-83.7818916765
-83.9111979417
-83.7701261576
-83.7492704151
-83.6550805289
-83.4454159893
-83.6416730546
-83.6568880247
-83.7057419531
-83.6758957207
-83.8119415108
-83.6419102578
-83.6471845933
-83.6369101225
-83.6297137736
-83.8909116595
-83.8822828855
-83.6317561479
-83.6740542031
-83.5408422686
-83.7037303385
-83.6154149625
-83.7359297388
-83.6062704926
-83.6656902536
-83.6607264643
-83.7639977767
-83.6274871971
-83.6984943776
-83.6322514242
-83.7784697696
-83.6471764499
-83.8271818315
-83.6576349131
-83.703982947
-83.6659708988
-83.6873678189
-83.5855938025
-83.6960583824
-83.6498996761
-83.7771667583
-83.5403530761
-83.6610716037
-53.5723799249
-83.4735864445
-83.6695152397
-83.788219203
-83.6493614377
-83.7608718677
-83.7925791877
-83.6556133733
-83.8471753555
-83.6561927763
-83.7094774696
-83.6711929802
-83.7082895145
-83.6142962452
-83.8202173572
-83.5708125122
-83.6237368727
-83.6984382573
-83.6532363469
-83.8599945989
-83.6243492622
-83.3451909012
-83.6721098613
-83.5165685574
-83.6036547262
-83.7575344392
-83.7161912344
-83.7135998087
-83.827869852
-83.8072794052
-83.6086890126
-83.6839464468
-83.8310087087
-83.5580503326
-83.686479238
-83.8930498723
-83.4840088615
-83.7415170978
-83.5321510388
-83.3479855729
-83.8953847864
-83.8176161087
-83.8166001701
-83.5147489604
-83.7976514856
-83.4145977351
-83.5581727517
-83.7377662498
-83.6661353884
-83.7703953163
-83.5651232745
-83.3189479618
-83.5478526573
-83.557545446
-83.6164368362
-83.5120229732
-83.8091745003
-83.9142380211
-83.8406648224
-83.8188455984
-60.0692980877
-83.8405401284
-83.8651310943
-83.603566588
-83.7756228707
-83.8274733294
-83.8091356074
-83.6462224307
-83.6123041805
-83.6439143412
-83.8752494135
-83.5634111828
-83.7385405423
-83.7985301122
-83.6986592504
-83.76841911
-83.7185887167
-83.7240049265
-83.6500612019
-83.6822525665
-83.7858340297
-83.6104583778
-83.5341539679
-83.7367955296
-83.3927724339
-83.439911304
-83.7143120261
-83.593079568
-83.5269803946
-83.5885131563
-83.6934711897
-83.4593368825
-83.6586574622
-83.6327558638
-83.4382053109
-83.7943220831
-83.5146305815
-83.6653089135
-83.5564963612
-83.6994049204
-83.6590756374
-83.8409212336
-83.8326847576
-83.7803286771
-83.3782559777
-83.6872323808
-83.707498143
-83.70881766
-83.7370713667
-83.7573883324
-83.7573965099
-83.5000067855
-83.7349065633
-83.545014777
-83.553920725
-83.8015093657
-83.828252909
-83.5258588766
-83.5150079382
-83.7342466787
-83.5429468609
-70.5380419427
-83.6875187342
-83.5491501099
-83.6437811321
-83.6327362131
-83.7348623225
-83.7379035953
-83.6209193246
-83.768864021
-83.794480245
-83.6454076696
-83.5635269796
-83.8172274067
-83.7333590915
-83.745956933
-83.7075558161
-83.6808154183
-83.8655558769
-83.6565978486
-83.745845768
-83.5104028562
-83.8322715659
-83.5264833192
-83.4484390413
-83.8848109855
-83.6796396272
-83.8180636264
-83.7596154878
-83.7406883684
-83.6683081909
-83.6731247355
-83.5990216095
-83.6994384245
-83.7361301245
-83.7494675562
-83.673484808
-83.8325594392
-83.6465633965
-83.6677363477
-83.504180395
-83.8166176348
-83.8660048389
-83.7660739044
-83.6156420221
-83.5235428223
-83.4461889216
-83.521244271
-83.7336202504
-83.5401678769
-83.8245443062
-83.6989530097
-83.7807344868
-83.6980308472
-83.5841684222
-83.8028920593
-83.5020187243
-83.6167883891
-83.6566226712
-83.7125328846
-83.5979851936
-53.796783748
-83.7542735923
-83.6756852911
-83.6058916857
-83.7014065801
-83.7180402652
-83.6660010656
-83.700994436
-83.6335483477
-83.6101163012
-83.5589303427
-83.3973965366
-83.8113252226
-83.464905091
-83.8122299592
-83.5108987421
-83.8305634178
-83.4924561884
-83.6534929382
-83.505158763
-83.6333086924
-83.4935213838
-83.7720224796
-83.6763978457
-83.6708237757
-83.7229278806
-83.6674027841
-83.6761366267
-83.6840665684
-83.687420295
-83.5791613131
-83.661505651
-83.5490832217
-83.5775373721
-83.565320342
-83.6917941534
-83.5355462693
-83.823961025
-83.7602309253
-83.694761002
-83.6054925043
-83.4931396039
-83.7169415045
-83.8797663752
-83.7617850041
-83.5162159638
-83.7682043795
-83.571622478
-83.7070928254
-83.7530639454
-83.6847495506
-83.5903900053
-83.7060283829
-83.462679798
-83.7349431182
-83.9053664573
-83.8175254467
-83.5769105093
-83.662054917
-83.4202914125
-59.1331658623
-83.4997163554
-83.757805015
-83.6154501035
-83.7789919427
-83.7236968097
-83.6785266776
-83.7098332383
-83.6972430387
-83.6364364255
-83.8110608576
-83.6560982261
-83.5324352982
-83.5831175958
-83.707658995
-83.8786021526
-83.6865631369
-83.7224628072
-83.8299477207
-83.6976214122
-83.6458066517
-83.6670796721
-83.6467897795
-83.6133595949
-83.5200888876
-83.5491055714
-83.7132293675
-83.5966490718
-83.8100181611
-83.6065301447
-83.6564790492
-83.7324819855
-83.88046811
-83.7173210987
-83.5993823892
-83.6790432223
-83.517486123
-83.6487826457
-83.6538522987
-83.6687195279
-83.6387529906
-83.715665539
-83.8504231723
-83.6886828728
-83.8105266657
-83.7538530332
-83.7117820015
-83.7315099663
-83.6432351586
-83.6939470276
-83.7347320723
-83.7587883154
-83.6013628243
-83.5737746058
-83.6774855237
-83.7919045462
-83.5717003079
-83.6812893557
-83.7158956419
-83.8669765574
-83.7251554592
-83.5664997021
-83.678194687
-83.6485440964
-83.8175493999
-83.4861066041
-83.7745661555
-83.453406375
-83.6925298523
-83.6996196768
-83.7679328632
-83.6211672473
-83.5388309085
-83.7262204308
-83.7512252023
-83.7984805714
-83.7509143232
-83.7745798034
-83.7554837025
-83.6391942987
-83.5422803132
-83.6807194873
-83.464140632
-83.7121555576
-83.8184852632
-83.7174632622
-83.6104556582
-83.683698627
-83.7905161419
-83.6278792685
-83.6251613583
-83.4925992809
-83.742351732
-83.8425526798
-83.6268158952
-83.6761709031
-83.7325551747
-83.5662666708
-83.7943522567
-83.8219964669
-83.6895777666
-83.702128163
-83.8213060641
-83.5888842416
-83.9717763772
-83.7511915359
-83.7162375331
-83.8057947156
-83.6333081646
-83.6644862952
-83.5350470475
-83.5362283469
-83.6901530603
-83.7530658316
-83.8728578558
-83.7523020633
-83.5592148409
-83.5452969167
-83.4597830767
-83.3902371395
-83.6667926802
-60.9955557365
-83.7592044935
-83.7304226776
-83.5730779985
-83.8398405304
-83.6877048049
-83.8110554971
-83.6812951125
-83.6335946723
-83.5583435986
-83.7017670953
-83.7350750928
-83.8837097843
-83.5304484506
-83.7337094809
-83.5822911758
-83.8082272964
-83.9025927181
-83.6310397363
-83.6441567313
-83.6393346871
-83.6416444564
-83.8587466343
-83.5322184021
-83.8508898837
-83.8628283515
-83.6701792771
-83.7115393115
-83.5684594993
-83.6237027753
-83.6372994305
-83.7970222506
-83.6621759334
-83.6155243075
-83.6164957744
-83.7523192249
-83.8070515515
-83.591406472
-83.7381468098
-83.481585675
-83.6082079049
-83.5156354252
-83.8038960088
-83.6467255065
-83.7668580049
-83.705858431
-83.6537025
-83.8017727244
-83.6678005852
-83.8305700153
-83.7640901901
-83.4861166303
-83.7857841406
-83.6821844546
-83.5841835257
-83.5512152319
-83.8080719885
-83.6401755866
-83.6350561921
-83.898676857
-53.5659052089
-83.4877497009
-83.5311026835
-83.7815358048
-83.4051547262
-83.7841279748
-83.5967480907
-83.7942515576
-83.7960301451
-83.6126378437
-83.5258565782
-83.595753934
-83.7139621771
-83.7900008681
-83.5325893926
-83.5219801048
-83.6148418738
-83.6808831907
-83.714975789
-83.7891038742
-83.6032840952
-83.6835626567
-83.8531725863
-83.6141447338
-83.5579181151
-83.6624620705
-83.7445402987
-83.6705629681
-83.6425014482
-83.602602888
-83.5614868272
-83.7048402079
-83.6577540162
-83.6592187302
-83.5867022809
-83.8093286271
-83.7146388954
-83.336746581
-83.644938969
-83.6203917455
-83.6324400702
-83.5504041507
-83.5714216856
-83.7906281096
-83.6469558388
-83.6327521804
-83.6697300303
-83.7329783858
-83.5450364003
-83.6635511135
-83.7194070876
-83.6629916207
-83.613575865
-83.6947817869
-83.734261887
-83.7359209311
-83.7235529335
-83.7930275183
-83.6674865076
-83.4116490052
-68.4811331407
-83.4829674584
-83.7128698124
-83.6063774297
-83.6444196216
-83.6742316134
-83.785803383
-83.7209584726
-83.414094991
-83.5693057815
-83.6131799181
-83.7169421457
-83.7495375112
-83.6518638821
-83.4894240446
-83.5067760064
-83.7880807982
-83.6540851155
-83.8862971453
-83.8355298207
-83.7651537392
-83.7292594597
-83.4760070188
-83.5969744493
-83.5684412967
-83.8322234717
-83.7498627324
-83.6485775116
-83.6236171272
-83.7092146314
-83.7756511771
-83.7551180263
-83.5641938352
-83.6752570223
-83.7902706996
-83.6176447645
-83.6475357814
-83.7254058245
-83.8337578186
-83.7338499509
-83.6072983532
-83.7200716739
-83.8220579727
-83.6690149074
-83.7678336473
-83.6688811534
-83.8565849734
-83.7220445438
-83.6955150536
-83.7390912967
-83.5969440407
-83.4007579306
-83.944324851
-83.8564530038
-83.5290252106
-83.8453677895
-83.5667238701
-83.8032102734
-83.9268687558
-83.7638151999
-83.7018994086
-60.726504963
-83.7970148308
-83.6653619194
-83.5537100888
-83.8076340728
-83.6988124023
-83.7349442835
-83.6123227758
-83.5026232719
-83.6704336315
-83.69212979
-83.7440809819
-83.7097925358
-83.7792681727
-83.664497032
-83.7135784291
-83.727441271
-83.679097354
-83.6145160803
-83.8534873476
-83.8254962419
-83.755475073
-83.7972856176
-83.5667636927
-83.7335827091
-83.6941087165
-83.8412794283
-83.7796963371
-83.6649854945
-83.7369252293
-83.7760120286
-83.7322684987
-83.5503857852
-83.5844303106
-83.7442088579
-83.6441487448
-83.4695497349
-83.8253448901
-83.7207135676
-83.641185205
-83.6635682836
-83.8713766893
-83.4472294547
-83.5546087591
-83.4657776636
-83.5713309855
-83.7145150681
-83.6676583353
-83.6855909201
-83.5486912986
-83.5443767818
-83.8185910259
-83.5620175802
-83.859740911
-83.793158596
-83.6705299161
-83.6625457636
-83.6308373878
-83.7124899496
-83.5572329157
-53.6526326464
-83.4291055303
-83.71458577
-83.4959221534
-83.7293279891
-83.5853804345
-83.8582053107
-83.599193468
-83.7823648625
-83.4764416162
-83.7020941565
-83.5216363521
-83.6650970254
-83.6220608371
-83.7275467041
-83.5371322725
-83.3727053895
-83.6107734383
-83.5118665462
-83.5412319131
-83.6346887308
-83.8496495849
-83.6680871328
-83.5804906133
-83.7201681664
-83.6671843089
-83.717640564
-83.8147284736
-83.827169085
-83.9074535315
-83.5420024134
-83.7519828812
-83.6114594665
-83.7007085873
-83.7819256777
-83.549000573
-83.4319274865
-83.6375451741
-83.7390203658
-83.7113334613
-83.9466683021
-83.7516638941
-83.7762185754
-83.5432056141
-83.6560422191
-83.630445577
-83.8178294699
-83.5933069292
-83.6875819056
-83.7193120393
-83.7614706104
-83.8130312877
-83.5816365739
-83.6934461062
-83.6728794141
-83.8021037963
-83.6706167929
-83.5260448302
-83.7118356695
-83.7977210036
-70.887684113
-83.5661734382
-83.8638452239
-83.5874086838
-83.800710911
-83.6898715775
-83.7273226973
-83.8180076282
-83.4508505992
-83.7692756736
-83.7061557821
-83.801230645
-83.9344025055
-83.6736529949
-83.646093574
-83.5921050041
-83.6971617135
-83.6481665673
-83.7363006076
-83.7355733536
-83.6771551298
-83.7894032639
-83.5787997036
-83.614622745
-83.5964646846
-83.8899163594
-83.7027846701
-83.4840125357
-83.6832511211
-83.7089360717
-83.5353511117
-83.862908916
-83.684056819
-83.5814340631
-83.4004449037
-83.683386769
-83.6877411839
-83.4995280118
-83.5728766735
-83.9795424515
-83.6666097068
-83.5806333493
-83.7436623278
-83.7051835033
-83.6160007014
-83.4367926738
-83.6011908584
-83.7481514966
-83.7211704428
-83.8019647806
-83.4420639213
-83.4472950991
-83.4710285439
-83.757714438
-83.6793426705
-83.8785824329
-83.7991227329
-83.5542007671
-83.7526978383
-83.7313583656
-83.739558097
-64.3218238998
-83.6141008332
-83.8172064774
-83.5674962269
-83.6506708223
-83.6991732366
-83.7727206635
-83.7665655612
-83.4830063661
-83.5446136036
-83.679777665
-83.7686662094
-83.6570547476
-83.6782055461
-83.7435030868
-83.6421371605
-83.6276830908
-83.6756466037
-83.5502408413
-83.7113239191
-83.7976583688
-83.5656092423
-83.6949916487
-83.8595964968
-83.4686447428
-83.6509951333
-83.3425660816
-83.5379406847
-83.7891767879
-83.5917580123
-83.5874645735
-83.6085060618
-83.699903079
-83.6613226334
-83.7319035321
-83.6068473789
-83.5485829551
-83.6810141123
-83.7001034264
-83.8462954022
-83.5382954748
-83.4933171137
-83.6274538222
-83.4838225962
-83.6692249335
-83.6227344102
-83.6330921584
-83.3996035765
-83.5935237032
-83.6363767472
-83.6519070917
-83.5973589292
-83.7775676549
-83.8459315363
-83.6059821157
-83.5998413963
-83.7452982963
-83.6179906446
-83.6366092684
-83.5742642631
-53.2720304262
-83.5801939317
-83.5349690164
-83.6703675908
-83.7362774586
-83.6572388589
-83.6352278745
-83.8053521917
-83.6366491073
-83.4837480624
-83.6856244557
-83.6300280504
-83.5733911586
-83.8074169657
-83.5847411826
-83.8829244918
-83.5995042625
-83.6256585916
-83.6568560969
-83.8013141785
-83.6970851939
-83.6528408321
-83.6746907519
-83.7164777334
-83.7491438669
-83.6611582962
-83.6604346661
-83.7789146298
-83.7291070262
-83.6555619116
-83.6989743376
-83.7799637165
-83.5132341227
-83.6948721913
-83.6774270712
-83.690769905
-83.6882996205
-83.5522668195
-83.5809773891
-83.5810792385
-83.7173414371
-83.5850018246
-83.7597083023
-83.4537420233
-83.7639108143
-83.6172318005
-83.6208406663
-83.6640824768
-83.7352743461
-83.8317298375
-83.638104715
-83.412568858
-83.6113532317
-83.6295711354
-83.7566287152
-83.8291171838
-83.5074022254
-83.8036785458
-83.5056314674
-83.6500422462
-59.7080466855
-83.6734592773
-83.7386560113
-83.6924730992
-83.6807806827
-83.6905415277
-83.4177663328
-83.7650436099
-83.6423839196
-83.6589270444
-83.5389309364
-83.6001499332
-83.7048260934
-83.5442198977
-83.7504223012
-83.6944848644
-83.7358815529
-83.8624486112
-83.442541977
-83.5798500495
-83.6282265187
-83.9659860568
-83.7600949287
-83.6383397598
-83.701391268
-83.6476012321
-83.7312008181
-83.6326365732
-83.6665281623
-83.5149398988
-83.733607961
-83.6598769632
-83.7367639546
-83.7566223046
-83.7212628194
-83.7716206287
-83.7667648483
-83.6608893377
-83.5439640615
-83.5492803953
-83.676715404
-83.6633959393
-83.6888773494
-83.6914479579
-83.7574743578
-83.5372685759
-83.7030997989
-83.8531079753
-83.6856161941
-83.5706044171
-83.8649790351
-83.7534040821
-83.6242323611
-83.6194064375
-83.7153066716
-83.7052683118
-83.6839456117
-83.8755520256
-83.7113302828
-83.5215418303
-83.668927476
-70.7851720127
-83.7006808141
-83.871814738
-83.8740270002
-83.7126780014
-83.6982636984
-83.737571267
-83.8662931936
-83.6237903484
-83.7383513498
-83.7229722166
-83.7780176895
-83.7677742754
-83.6012433939
-83.7773328115
-83.6964731178
-83.6797924342
-83.6303471149
-83.6519717938
-83.7172086846
-83.7161101925
-83.5523339755
-83.5543547834
-83.6738860291
-83.5429559135
-83.632908144
-83.5649165368
-83.6453192021
-83.7240568261
-83.7168496684
-83.6223075307
-83.7092965416
-83.8403741253
-83.8179463024
-83.6868626567
-83.6617571882
-83.5124164431
-83.7638146438
-83.6008108007
-83.4343533391
-83.7925498063
-83.3729397497
-83.7709077448
-83.8170329266
-83.5965893522
-83.8024400482
-83.5529610932
-83.8098394739
-83.7281770933
-83.8468587528
-83.8205442366
-83.5653324531
-83.7426677344
-83.7993084524
-83.5124785857
-83.6377242526
-83.6517565975
-83.6679430444
-83.4982312679
-83.4322755777
-83.7037549871
-83.7965626109
-83.5297470211
-83.7642274732
-83.7487766873
-83.7802434935
-83.6793929703
-83.5949299244
-83.8551772814
-83.6357917212
-83.7849161394
-83.7930880684
-83.4535236054
-83.656610561
-83.5458170909
-83.7902396178
-83.743907969
-83.7541297622
-83.6815119418
-83.6834855879
-83.8788529387
-83.6513513735
-83.6513195733
-83.7274499284
-83.6628690376
-83.6507453629
-83.5547709765
-83.7112559811
-83.7886978097
-83.7489756751
-83.7440995965
-83.5745441362
-83.7274603335
-83.808815675
-83.811522524
-83.8808725499
-83.7161711862
-83.428713748
-83.6148880003
-83.8479192763
-83.5700448391
-83.5986244618
-83.7140496339
-83.4647110288
-83.5102707661
-83.7400561057
-83.3032278577
-83.6478676116
-83.5540341068
-83.6757511232
-83.7290333919
-83.6043567807
-83.6952793983
-83.6093997458
-83.6107635937
-83.4396946132
-83.8750282843
-83.6799573867
-83.7048765224
-83.7501314669
-83.9376109469
-83.6442141812
-83.6108443986
-83.5528089921
