-83.9034492306
-83.9565273064
-83.7569686916
-83.8489672259
-83.7508184408
-83.7593667174
-83.4965481501
-83.7928675332
-83.8328065736
-83.8098568764
-83.6854164538
-83.9548109005
-83.6351836721
-83.8501244635
-83.6113713932
-83.7116710787
-83.6259377537
-83.7756631456
-83.5091623681
-83.6727615002
-83.8082923887
-83.9763047854
-83.8551364781
-83.6719344693
-83.8052399066
-83.676799869
-83.7680217203
-83.6860872849
-83.5347857314
-83.8145027746
-83.7588006662
-83.7429066356
-83.7250925207
-83.8463602963
-83.6901512756
-83.7536103437
-83.9536490037
-83.8516916216
-83.5674282839
-83.7403325993
-83.7667693505
-83.9004838649
-83.9170700588
-83.8743401359
-83.5739972787
-83.7676988341
-83.867606731
-83.5684045678
-83.7674871499
-83.8346194291
-83.7653300854
-83.6999044209
-83.8745844627
-83.5608956465
-83.6215123647
-83.7603371652
-83.6260225801
-83.8855865062
-83.8526135523
-83.9168042133
-83.6414330633
-83.7678665756
-83.6743818708
-83.6979661504
-83.7677263906
-83.9288282917
-83.8564173226
-83.8434538401
-83.7171231397
-83.8459778024
-83.8346800229
-83.6451653094
-83.6377687103
-83.740482337
-83.9846798374
-83.7144932566
-83.5891001592
-83.768633312
-83.8316162306
-83.6824435501
-83.639517822
-83.8702400961
-83.7982148338
-83.6932079026
-83.7788744575
-83.6587133493
-83.8348135841
-83.6470161322
-83.5394630356
-83.6741111881
-83.6468908153
-83.8530203955
-83.8172083753
-83.8875254402
-83.5050229098
-83.6386602804
-83.8081128379
-83.8385349587
-83.6724233191
-83.8061009306
-83.74206304
-83.7764340631
-83.7413467637
-83.7689338612
-83.7121380248
-83.7568405248
-83.7304502354
-83.9187261094
-83.8777392417
-83.5442928634
-83.8723632071
-83.6340462351
-83.7915973614
-83.6691543903
-83.637001114
-83.7391996046
-83.7879014751
-83.7617089917
-83.7253790539
-83.7981600806
-83.703527952
-83.7167523998
-83.8656273194
-83.855193901
-83.8785720349
-83.6514290703
-83.2444023341
-83.6123389144
-83.5437289065
-83.686831422
-83.7238170261
-83.7354663629
-83.7397822357
-83.7326351463
-83.7514725029
-83.9126215162
-83.8211204919
-83.5593423779
-83.7822421864
-83.7135262329
-83.7893923804
-83.453607281
-83.8802407604
-83.5445384746
-83.5520208132
-83.4591779137
-83.8636013272
-83.7642915803
-83.6049066991
-83.7100621812
-83.8638247742
-83.759996961
-83.4896633893
-83.7505370425
-83.7643932846
-83.4699063694
-83.8015245662
-83.6965530209
-83.8517197227
-83.7212715681
-83.7677250939
-83.8587535607
-83.8576207224
-83.8532930248
-83.763641584
-83.7086651275
-83.5657273893
-83.7419113575
-83.6367847154
-83.4870003115
-83.7932736302
-83.7270155166
-83.7309153477
-83.8231796263
-83.553971378
-83.8843170779
-83.855960296
-83.6258625696
-83.5940161116
-83.622585208
-83.8253773962
-83.7674712113
-83.8621575767
-83.7413518223
-83.725667883
-83.7341739467
-83.7770047665
-83.7734935804
-83.8081724568
-83.7182655824
-83.4319083888
-83.9014489619
-83.5388817331
-83.7470686482
-83.8334977342
-84.000813112
-83.7562518957
-83.6190250668
-83.7340493532
-83.8606198196
-83.6485683921
-83.8096147445
-83.7733234617
-83.7617053076
-83.5982417279
-83.6568599628
-83.480482205
-83.3224742357
-83.5620483239
-83.7966585708
-83.7170821039
-83.5800348225
-83.5656952748
-83.8202194513
-83.555587375
-83.6248978728
-83.7619225177
-83.7833395083
-83.73397282
-83.9541855246
-83.5985714084
-83.6006533046
-83.8012290969
-83.7596006048
-83.7950296451
-83.6879583601
-83.7114940911
-83.8777204191
-83.7514872183
-83.7101655508
-83.6790771611
-83.5562043427
-83.592484546
-83.7300486393
-83.5974590082
-83.8368214972
-83.4985920883
-83.6243230714
-83.5541648377
-83.7290089928
-83.591201318
-83.8136819586
-83.590479295
-83.7079000188
-83.6841272395
-83.7360423
-83.7026326755
-83.6769467482
-83.6463595195
-83.7596368208
-83.6719528473
-83.5566249613
-83.6053208428
-83.5445608776
-83.8833142495
-83.879180451
-83.5578568051
-83.8117189702
-83.6102474291
-83.692550245
-83.6641206104
-83.6107559723
-83.6524057934
-83.8825282792
-83.6211992196
-83.703579844
-83.6628913924
-83.7555801962
-83.617461009
-83.7736245307
-83.8561469004
-83.6920121031
-83.5754951003
-83.7809562861
-83.8998693058
-83.7937039927
-83.7446212238
-83.6626392459
-83.8187852498
-83.7405257117
-83.5450361834
-83.5122980744
-83.7772586744
-83.6524582169
-83.7649020107
-83.6561544936
-83.9505381749
-83.7298343775
-83.6683961649
-83.8849727492
-83.6884081252
-83.6545501399
-83.7576908449
-83.8529151325
-83.6986502912
-83.6936935164
-83.7645215879
-83.7188344104
-83.6260522744
-83.7915189883
-83.866540273
-83.8053665282
-83.5625987862
-83.8826682537
-83.7287634577
-83.6775610327
-83.3990290282
-83.5617947532
-83.6762349581
-83.7814466901
-83.8978435024
-83.538756948
-83.626598322
-83.6563535058
-83.7478430309
-83.7580072215
-83.6436377664
-83.7225425338
-83.3200859708
-83.8068900692
-83.4751691675
-83.6505794769
-83.8725125062
-83.8810278775
-83.8017546953
-83.8389996185
-83.7872524476
-83.6670147991
-83.8424500484
-83.6235415434
-83.783086944
-83.6273180488
-83.5576287148
-83.842678213
-83.4681713834
-83.6974688986
-83.4180683723
-83.6656979495
-83.8310255825
-83.6981007519
-83.8296897316
-83.7832737833
-83.6428941077
-83.6385844539
-83.6150480562
-83.7445431024
-83.5454048367
-83.651147529
-83.5685277992
-83.5873523321
-83.6445205535
-83.6699633818
-83.6778539526
-83.8212960628
-83.7206784476
-83.6472477954
-83.674166572
-83.630701993
-83.6390931089
-83.7657867209
-83.6856317915
-83.5289310444
-83.5757594983
-83.7089899041
-83.7750690615
-83.6731830775
-83.5835100371
-83.5384495589
-83.8023536594
-83.6311299335
-83.7024862006
-83.7556861778
-83.7033085414
-83.7127321679
-84.001368678
-83.476658309
-83.5827313605
-83.772733689
-83.5941911215
-83.704646941
-83.9650208841
-83.7084626399
-83.7477694519
-83.6252369265
-83.8084149514
-83.711617231
-83.6478665562
-83.4722461451
-83.6761722311
-70.6389609941
-83.8156896191
-83.8607271648
-83.579182624
-83.4428474506
-83.501647499
-83.6716523547
-83.7115297403
-83.7042803266
-83.6343746777
-83.7809398652
-83.7887856992
-83.7063473016
-83.7877141111
-83.9751226188
-83.6999782785
-83.5704959949
-83.5568294918
-83.7758066763
-83.6661977102
-83.6854588131
-83.6577536321
-83.6518815328
-83.4962702161
-83.388842166
-83.8271712668
-83.6709807629
-83.6505139295
-83.5982316073
-83.7776880072
-83.7676373355
-83.5936800298
-83.7340758322
-83.7437119779
-83.6112842553
-83.7011314586
-83.736614816
-83.8412893802
-83.6301312293
-83.4726213434
-83.5002639936
-83.7110605534
-83.7068389534
-83.8797125273
-83.7877410742
-83.743853653
-83.7192166899
-83.6406827534
-83.4859911986
-83.8033113366
-83.4792797362
-83.7955141137
-83.798119009
-83.7343811678
-83.6655989477
-83.6219889831
-83.4399774032
-83.6483862804
-83.5367457533
-83.7009010191
-55.766058511
-83.7489671181
-83.5860821017
-83.8949223101
-83.7390455762
-83.824586557
-83.7945646756
-83.7583626081
-83.7556163117
-83.7362423606
-83.5238282369
-83.5070229247
-83.7699761368
-83.6533440073
-83.5778469876
-83.6557165589
-83.6263974479
-83.6317933811
-83.7249678204
-83.4964065928
-83.6847719473
-83.5574033071
-83.523812712
-83.6468526221
-83.7324983466
-83.6313509605
-83.5825565996
-83.4612129876
-83.5863657814
-83.7407317024
-83.7002355404
-83.5633145233
-83.5552424386
-83.603187867
-83.6886684356
-83.6417531423
-83.6558272995
-83.8886314555
-83.721382378
-83.7326777619
-83.6171335708
-83.7531366698
-83.6047830689
-83.7239452865
-83.6810098472
-83.5783456167
-83.5450224671
-83.6255384267
-83.6494608289
-83.6571168619
-83.5997950661
-83.8602408409
-83.8595654384
-83.473009187
-83.6508221994
-83.5541146754
-83.6161354503
-83.636659933
-83.4762369982
-83.7219375166
-65.3556091803
-83.7248585516
-83.859322777
-83.7092342103
-83.5303987679
-83.8464690742
-83.6853937041
-83.6351369335
-83.5975018589
-83.6772480986
-83.8512506539
-83.6182631135
-83.6820543496
-83.8124521195
-83.6494511649
-83.590901115
-83.7929923415
-83.4698198913
-83.501083894
-83.6865468411
-83.6050049788
-83.4567843297
-83.6200385347
-83.7374500953
-83.5946888233
-83.6571938547
-83.6212156135
-83.7983872936
-83.7802822849
-83.6952259025
-83.6554692476
-83.6135203803
-83.7201379743
-83.7355675634
-83.4409572034
-83.8055783588
-83.737511633
-83.740355752
-83.6866849414
-83.6113324636
-83.6753877544
-83.7838658099
-83.8197568959
-83.6175744639
-83.6711025522
-83.6366138344
-83.7803801088
-83.670874607
-83.673862296
-83.672614248
-83.7600400679
-83.591768282
-83.88143161
-83.5253464352
-83.7769096626
-83.474365535
-83.4218815187
-83.3234655103
-83.6034666237
-83.6042924374
-83.7232456455
-66.3338673225
-83.7683046923
-83.8830092314
-83.6113705741
-83.768683553
-83.8211555304
-83.7576844445
-83.7584849633
-83.7353720931
-83.8955340244
-83.5190905409
-83.4042146223
-83.796866133
-83.5689108882
-83.7218087102
-83.4613579878
-83.3300056945
-83.5918933373
-83.5260694867
-83.6643258755
-83.5959418534
-83.6154579937
-83.4601553052
-83.6252746029
-83.7835053403
-83.6138928207
-83.6548008351
-83.7619710078
-83.8345625592
-83.7021113504
-83.7509027363
-83.7348180128
-83.7726683269
-83.6604998354
-83.7432735921
-83.3920643971
-83.4178375422
-83.4763029333
-83.7421580684
-83.5439977685
-83.4087393066
-83.8088980105
-83.8686309017
-83.5100191658
-83.7603762648
-83.4870624318
-83.6277875603
-83.5489762915
-83.7240460762
-83.2997219622
-83.5322532007
-83.7349302111
-83.5994005359
-83.5005637578
-83.7422985674
-83.6657172995
-83.7204835575
-83.4533299636
-83.6231143098
-83.7655120148
-55.9074128336
-83.6408275246
-83.6889957661
-83.7261619494
-83.751455825
-83.5100525503
-83.8314585299
-83.6576576357
-83.6482507
-83.8514388049
-83.496657326
-83.8312284066
-83.501367079
-83.7728994985
-83.8840573774
-83.6900169663
-83.7043775748
-83.4297570962
-83.6825522514
-83.7303226592
-83.5616199796
-83.7632037879
-83.8399341659
-83.6318079729
-83.7240893849
-83.5012467793
-83.9985528095
-83.7147338578
-83.7079009907
-83.5121095119
-83.583865988
-83.7658665303
-83.8348358959
-83.5738597123
-83.596522445
-83.7722681196
-83.654700502
-83.8232358166
-83.5638121113
-83.7203701997
-83.6894404252
-83.7602638736
-83.5904965327
-83.7692825366
-83.4463465882
-83.5419472814
-83.6138566332
-83.6279961507
-83.6457634798
-83.7714989486
-83.6902125853
-83.5897165582
-83.7145116304
-83.7570769567
-83.8544592305
-83.8242828541
-83.5220831929
-83.7575263035
-83.7144581531
-83.4739457254
-65.7175100634
-83.64983735
-83.718649736
-83.5855565396
-83.7054758362
-83.6786384863
-83.687347275
-83.672321626
-83.5588669333
-83.6853004349
-83.701203251
-83.5718499015
-83.7526199506
-83.8099961717
-83.618351406
-83.5379031307
-83.844424019
-83.7169711836
-83.6438126815
-83.6272304257
-83.8352701382
-83.58724983
-83.7259765212
-83.8046914981
-83.7819357705
-83.6205145686
-83.6276500174
-83.7150477327
-83.6241443357
-83.7405628627
-83.7983900132
-83.6245906143
-83.5347787715
-83.6843399579
-83.7646833319
-83.7466922161
-83.6127059357
-83.6319344949
-83.5537545147
-83.700375782
-83.4158186612
-83.5575771313
-83.9298603138
-83.7153046519
-83.7409687593
-83.644415765
-83.5315433424
-83.6783564261
-83.5442704092
-83.8182472116
-83.9194521506
-83.6807183
-83.8590929252
-83.5837959619
-83.3654818282
-83.615072104
-83.7992314964
-83.8218282474
-83.6622653659
-83.5870166812
-83.764795034
-66.2050517551
-83.7145221572
-83.7118640737
-83.7376798539
-83.844925691
-83.6383995139
-83.7347111271
-83.631990013
-83.4486868894
-83.627831463
-83.7218999171
-83.4697932863
-83.7055664181
-83.661228951
-83.7717038266
-83.7687276714
-83.8327842756
-83.7126470549
-83.6929173108
-83.6958831483
-83.7791173882
-83.6895870451
-83.5667582951
-83.7640844494
-83.6136089045
-83.5317225
-83.7259228278
-83.8143137091
-83.548416428
-83.6041554951
-83.6722777859
-83.7305609047
-83.6783729622
-83.7068866148
-83.6459214335
-83.6696950439
-83.6788251133
-83.5368733306
-83.6535469131
-83.6555740333
-83.6790302726
-83.6606080884
-83.5154140373
-83.6218247805
-83.6471600305
-83.4637606544
-83.6655377654
-83.6820192166
-83.5468990608
-83.5848166926
-83.8022855674
-83.6312862672
-83.8371311781
-83.6701098479
-83.6131730731
-83.6878085468
-83.7000035039
-83.7519812022
-83.8192040186
-83.7295292861
-55.9562947211
-83.8232864329
-83.5917878277
-83.7530708874
-83.4738269823
-83.5799366487
-83.6423153505
-83.6985285664
-83.6682585158
-83.7325058302
-83.7854985262
-83.6375698556
-83.6410560461
-83.7274385554
-83.92180649
-83.7574729592
-83.7361660197
-83.7785857617
-83.6410995785
-83.5967021695
-83.7818535393
-83.6736284902
-83.4844655507
-83.5810064098
-83.7070564434
-83.5612388028
-83.5146077387
-83.5063255257
-83.7158159536
-83.7135216176
-83.6326684568
-83.7460809201
-83.6594752441
-83.5960203815
-83.7647199552
-83.7265967399
-83.6285549386
-83.7333776196
-83.5561615313
-83.7900526075
-83.6109415307
-83.7111878999
-83.7297756902
-83.7548333146
-83.7336801618
-83.7632522451
-84.0029111159
-83.8508683969
-83.6815336441
-83.6595977779
-83.6739150573
-83.769293829
-83.6032605728
-83.572986092
-83.6066359145
-83.8064443715
-83.8511874194
-83.7338028527
-83.8503998321
-83.4302627533
-67.4234625681
-83.774863103
-83.8635920892
-83.7412769675
-83.7875982724
-83.8447971348
-83.7073116825
-83.7118795245
-83.4351905978
-83.7040088767
-83.7884839356
-83.8811477157
-83.8086862387
-83.7182758526
-83.5144037099
-83.7550625605
-83.7537502597
-83.936935959
-83.6637749602
-83.7521732386
-83.5116929637
-83.7665018195
-83.7175153902
-83.691734119
-83.6240766477
-83.7354748543
-83.8276548206
-83.8521445948
-83.5778748874
-83.8039646217
-83.6697775275
-83.8852554241
-83.786343783
-83.6393589961
-83.6606414617
-83.7619023228
-83.6999056526
-83.6848715862
-83.6701143155
-83.6762895651
-83.7340019983
-83.6946123454
-83.6854752851
-83.4155925022
-83.6309552724
-83.7202098453
-83.7691480292
-83.4733174188
-83.6252463198
-83.6550243651
-83.7696242719
-83.5657389248
-83.5773221689
-83.8867562735
-83.7245174713
-83.7665416587
-83.8197251702
-83.7859688026
-83.3346992619
-83.76225344
-83.6118182082
-64.7719236274
-83.596699683
-83.712905567
-83.4431967339
-83.5944131442
-83.8162908279
-83.5859412898
-83.7339062797
-83.7597025353
-83.7583373483
-83.7350631225
-83.6585298282
-83.7503486772
-83.7625855971
-83.7079473124
-83.8411573317
-83.8738982706
-83.8970426622
-83.5963955197
-83.645459664
-83.7204906909
-83.8743223693
-83.7747826587
-83.5439053425
-83.578493685
-83.574654862
-83.7173102462
-83.5774781816
-83.3520095934
-83.5100979337
-83.7360367935
-83.7616506548
-83.7825009097
-83.702044124
-83.4070687519
-83.7262265556
-83.8199785164
-83.5437115547
-83.4697995713
-83.6707832148
-83.5607578953
-83.7620655001
-83.5831916822
-83.7244095264
-83.5812178077
-83.3509151722
-83.5934963715
-83.8017875108
-83.7481857979
-83.7683030218
-83.708986518
-83.6751507671
-83.7199878105
-83.6480553388
-83.7361801009
-83.7596482662
-83.5236301456
-83.788752966
-83.8865191889
-83.5968299087
-54.9276861317
-83.8990340829
-83.6566780737
-83.6671613792
-83.6836398427
-83.7681284597
-83.7347666702
-83.6937949273
-83.7570534133
-83.6751791071
-83.5430403545
-83.7405113695
-83.6712792519
-83.6169638475
-83.8087121034
-83.6396074153
-83.7300818596
-83.4194698491
-83.8635046374
-83.6662095285
-83.8766184092
-83.7591007581
-83.4934613295
-83.8499941943
-83.8338313175
-83.8113067838
-83.7409095231
-83.776803731
-83.7854210184
-83.5395374313
-83.6773168923
-83.7262005794
-83.9501824544
-83.7618419184
-83.6508297378
-83.6979304395
-83.6875416642
-83.7595594541
-83.8038317565
-83.6697046751
-83.8316061479
-83.7222771856
-83.8272243982
-83.6771785574
-83.7349258155
-83.8601572658
-83.5340386793
-83.7436057962
-83.5565097406
-83.5677313055
-83.7101375422
-83.3791177703
-83.7131406716
-83.5756216328
-83.7391006778
-83.6167623975
-83.7714854223
-83.8867207351
-83.7675584456
-83.774175155
-66.9835961135
-83.835130167
-83.8469092405
-83.8307616758
-83.699803014
-83.8604955827
-83.6805279232
-83.5995423597
-83.4340843548
-83.593918635
-83.8181025584
-83.700541195
-83.4718832384
-83.4878329654
-83.669471509
-83.8314794311
-83.7748588533
-83.6446083793
-83.5319050286
-83.593173063
-83.6519542557
-83.5340166108
-83.651847464
-83.8541937431
-83.6578999935
-83.7465220416
-83.8589660582
-83.7332077236
-83.6975180677
-83.9319677398
-83.7210233414
-83.7551498844
-83.644896764
-83.5879042566
-83.8492674364
-83.6873702851
-83.8663405615
-83.8126963138
-83.620680513
-83.7212787302
-83.8323882441
-83.5437758084
-83.7444981058
-83.7339736167
-83.6787425872
-83.4596906589
-83.7292796731
-83.6598416573
-83.5570386046
-83.7819472896
-83.7337593211
-83.6812020244
-83.7123956416
-83.7595209035
-83.546573208
-83.7394279196
-83.6891595854
-83.7929761026
-83.7160843023
-83.5823754673
-83.7032374118
-63.1273482417
-83.7878736772
-83.6025740614
-83.7301892097
-83.8190710768
-83.6355574336
-83.8316371436
-83.7284507186
-83.85046294
-83.6963275385
-83.7774547684
-83.6699910592
-83.8342557883
-83.7004884008
-83.6745735463
-83.7690484867
-83.5529363415
-83.6836907236
-83.5462534516
-83.6401496529
-83.8234044074
-83.4731737452
-83.6505162192
-83.7780420722
-83.9547594882
-83.6110377065
-83.5981995252
-83.7992470901
-83.7054986839
-83.8645930799
-83.5959806222
-83.6371281464
-83.6134612894
-83.6885590676
-83.7888238363
-83.6916264053
-83.4777349966
-83.6999204643
-83.6426778068
-83.8538600868
-83.5664791751
-83.4380429246
-83.8875989255
-83.5521583771
-83.7754937695
-83.5926174158
-83.7668983326
-83.6229571339
-83.6429626305
-83.7959025936
-83.4878311007
-83.6360420288
-83.6461929105
-83.7443712978
-83.7966914213
-83.7642939903
-83.6590821416
-83.4986868344
-83.7837120359
-83.6993585881
-55.1551451851
-83.5104962175
-83.7874219414
-83.6139914565
-83.772730206
-83.7777087728
-83.6003532627
-83.8606653149
-83.6765527424
-83.7139644964
-83.6759373484
-83.9246818251
-83.8205882818
-83.5716971704
-83.6060698292
-83.6613761195
-83.8194761657
-83.6753858951
-83.7855681563
-83.5155537314
-83.7394936889
-83.6214962612
-83.629029495
-83.712590193
-83.7673657419
-83.8181689325
-83.8789355151
-83.7352352012
-83.8598823223
-83.637293675
-83.5618847435
-83.6227481287
-83.7564292476
-83.8036640897
-83.8072457375
-83.5722925116
-83.7428817519
-83.8231893944
-83.7208478116
-84.029457568
-83.7003234871
-83.7888481257
-83.7548692354
-83.6871809937
-83.7929483115
-83.8804571309
-83.7688599587
-83.5014995089
-83.6066424692
-83.8225550631
-83.7043124723
-83.6470865335
-83.7776843413
-83.8605382017
-83.7632083826
-83.5924502699
-83.6593747739
-83.7878919262
-83.6597608589
-83.7322106608
-68.2318199489
-83.6231079711
-83.6801643768
-83.4855024472
-83.721931756
-83.6377974158
-83.6957614963
-83.4250287794
-83.5276035506
-83.658038812
-83.4942879306
-83.6579934717
-83.820853224
-83.6953459664
-83.5574040047
-83.7287054905
-83.757395383
-83.7458254749
-83.7329374215
-83.5008238491
-83.7033054233
-83.6983540698
-83.8359214168
-83.740820533
-83.6738418643
-83.7027318994
-83.7810911274
-83.613328083
-83.7725700529
-83.7430803424
-83.7252602775
-83.5670591726
-83.6462067561
-83.6338988786
-83.7653580459
-83.5468995145
-83.5744106336
-83.9588359686
-83.6093240571
-83.405124849
-83.5558255634
-83.7127734886
-83.4956244006
-83.7700925766
-83.9144764785
-83.7575900449
-83.6312873021
-83.6553505929
-83.5869536914
-83.6680691927
-83.8272697373
-83.5928287549
-83.7458104904
-83.5982088207
-83.6385028453
-83.8262765256
-83.7487525592
-83.4567087564
-83.6470965088
-83.6302674819
-83.6164745647
-60.8737636481
-83.6304614246
-83.8422847391
-83.663060275
-83.7809680625
-83.6733383644
-83.7416209122
-83.5393831106
-83.7889728691
-83.5332258632
-83.5921533816
-83.7230230691
-83.4892311638
-83.6426040614
-83.6386558157
-83.7000234739
-83.6173686814
-83.5566595805
-83.6607044439
-83.8661571684
-83.311105421
-83.5820024778
-83.7059737704
-83.8816091345
-83.6208563452
-83.672032779
-83.5357908011
-83.6759135022
-83.7240890768
-83.8129336073
-83.7987194069
-83.5699457177
-83.7689925084
-83.6850789461
-83.4781318345
-83.6525268846
-83.7811908449
-83.7252379971
-83.7216072217
-83.7152486659
-83.6476478592
-83.5395477371
-83.9694942098
-83.4882304263
-84.0640427107
-83.6577820448
-83.7128722771
-83.5915599602
-83.5609346755
-83.5081542914
-83.7037287893
-83.8202483603
-83.6911831154
-83.6464913082
-83.7267476377
-83.6567434524
-83.9018176393
-83.6478145099
-83.7816086514
-83.705390193
-56.0254773565
-83.7697461377
-83.7624459509
-83.7709612311
-83.5400807964
-83.8280293953
-83.8594422455
-83.4932621102
-83.782260819
-83.6682719802
-83.7294906426
-83.7509979813
-83.8216901321
-83.7902744157
-83.8688283325
-83.5861961486
-83.6740137872
-83.7302651753
-83.737739238
-83.6966086768
-83.5173162278
-83.5999149467
-83.7422866458
-83.7099906945
-83.6285388661
-83.7721086763
-83.6781694646
-83.3897275468
-83.7021447351
-83.7446946839
-83.6711144099
-83.7588601326
-83.6520335108
-83.6921606894
-83.5178362294
-83.7910602116
-83.7017678779
-83.4964784328
-83.7523770044
-83.8020182683
-83.8550288732
-83.5432114181
-83.7121324191
-83.5058910133
-83.8193957581
-83.755263897
-83.6538224901
-83.7789166895
-83.7459876509
-83.4261957047
-83.6471556697
-83.8567325147
-83.5123800035
-83.406144164
-83.51848638
-83.6939883062
-83.9312891016
-83.5314345793
-83.750129629
-83.8023458486
-69.3807950958
-83.7520032258
-83.6796191524
-83.5749191405
-83.7672135963
-83.5504242216
-83.8281565157
-83.5180885064
-83.7675817191
-83.5598620436
-83.856864755
-83.5628914878
-83.7379813463
-83.676873538
-83.609415138
-83.8377019481
-83.8081639006
-83.7555103618
-83.531742946
-83.6895256332
-83.7671534051
-83.7613737133
-83.704432642
-83.5141017196
-83.6711778872
-83.5296526811
-83.7449920147
-83.8543459857
-83.6946503862
-83.6324862057
-83.6817047981
-83.6279143268
-83.6948779473
-83.7165723342
-83.6572310317
-83.4984189817
-83.5364055276
-83.7869548335
-83.8402978164
-83.7083746611
-83.7247706533
-83.8920837989
-83.8028684994
-83.544274729
-83.614099047
-83.7106168356
-83.5391401521
-83.7100698192
-83.7939011781
-83.7694335468
-83.5286001151
-83.7392010128
-83.6754486617
-83.724306121
-83.8147915689
-83.6741530971
-83.5620563468
-83.8798021908
-83.7822214457
-83.695814914
-83.6543725806
-64.5789743898
-83.5287318177
-83.5879632312
-83.7307332682
-83.5626818601
-83.7268138911
-83.8693013192
-83.6133029155
-83.6044020307
-83.6609471617
-83.846192335
-83.6537608488
-83.6957708756
-83.6810761597
-83.6160305798
-83.745253588
-83.8234110371
-83.6947316626
-83.8133933532
-83.3157141732
-83.7229137068
-83.8593050846
-83.7481659929
-83.6949519754
-83.7975429984
-83.6233637444
-83.8080540945
-83.5459979666
-83.7861813084
-83.7600241163
-83.5385008205
-83.6825914044
-83.5447644282
-83.6567627205
-83.5497931408
-83.6599854447
-83.8895046551
-83.7194004776
-83.5888756419
-83.6268024481
-83.6943661713
-83.7901768071
-83.7592648881
-83.7788050443
-83.7646450276
-83.7672491985
-83.7527789072
-83.7279105185
-83.6407611288
-83.6329427531
-83.6846692719
-83.7220601724
-83.633014494
-83.6867967666
-83.7121877026
-83.7161325704
-83.8479312741
-83.6911682496
-83.9136867468
-83.8837629507
-54.9454137487
-83.5654661631
-83.8084395523
-83.7879142936
-83.6881758908
-83.7183297608
-83.9386021842
-83.8451215801
-83.7307916161
-83.7295238632
-83.6784406886
-83.5590468031
-83.5007049007
-83.7173491089
-83.7011330777
-83.8403614775
-83.5993204211
-83.8027008101
-83.8399829503
-83.6158638156
-83.6348409604
-83.7991397019
-83.7946631982
-83.6477095375
-83.8116550917
-83.6054577256
-83.7782471697
-83.7169201298
-83.6327181683
-83.7682088124
-83.8315001917
-83.5515261026
-83.8335208107
-83.5551157029
-83.6899676209
-83.7334675206
-83.7096396591
-83.8225891522
-83.791110829
-83.7094324507
-83.2662000521
-83.8601820116
-83.6472426469
-83.7651884143
-83.6642729682
-83.7455304369
-83.4071274398
-83.8185196621
-83.5245549864
-83.5580946207
-83.6999193879
-83.3754599975
-83.6010439021
-83.60263195
-83.7345285759
-83.6088240804
-83.5870239193
-83.629067861
-83.6924289575
-83.7747547533
-66.4190930153
-83.5281503093
-83.7058375449
-83.8750637752
-83.4511803955
-83.6497629446
-83.7962153218
-83.7182339388
-83.6123320427
-83.5492954057
-83.6872293622
-83.6863240804
-83.6218792052
-83.7224733807
-83.597098931
-83.7184112165
-83.6865120395
-83.497346232
-83.7339233804
-83.6617519672
-83.5516801771
-83.695261219
-83.7543160939
-83.7815432589
-83.6956056721
-83.6400421373
-83.5637447551
-83.7940329521
-83.5952659868
-83.77318875
-83.8169245638
-83.6728537971
-83.8138939079
-83.6188065397
-83.6876973523
-83.6161037475
-83.6290578536
-83.8197427229
-83.6351963946
-83.6844546332
-83.7991661845
-83.6472912942
-83.6424139694
-83.5998721675
-83.627289931
-83.6508620915
-83.6446568907
-83.5228085756
-83.8449959048
-83.7135673205
-83.643653191
-83.7316823299
-83.8873000968
-83.7525838958
-83.64595935
-83.716105584
-83.5958830881
-83.5535774502
-83.7117592655
-83.9308770658
-83.6995363377
-83.6042017098
-83.6259516543
-83.4262758599
-83.6783193847
-83.6764950815
-83.558619292
-83.8559723477
-83.83124041
-83.7451004232
-83.6282623951
-83.7318600646
-83.4923619066
-83.8274251503
-83.844889764
-83.7048213806
-83.7066111079
-83.7253742239
-83.5704717772
-83.7811976632
-83.7438751037
-83.5063583435
-83.7469368589
-83.8157700106
-83.570866932
-83.549025709
-83.7204506562
-83.7383020126
-83.6631974666
-83.5336640992
-83.898124805
-83.6602995432
-83.7022127469
-83.5074785268
-83.8103352095
-83.6632609608
-83.6711773589
-83.5537947358
-83.4318538065
-83.912161873
-83.6966603511
-83.5423763247
-83.9148970287
-83.6965890856
-83.7542194616
-83.6045413263
-83.721987427
-83.5439675284
-83.5548617756
-83.7321835851
-83.5747985663
-83.7525908417
-83.7379783919
-83.6698887437
-83.8905255619
-83.7561278073
-83.7941040716
-83.6192906015
-83.6752218364
-83.7727768291
-83.8059051286
-62.2760848379
-83.6939046252
-83.6247068231
-83.9453551979
-83.5671322497
-83.5618975712
-83.7376303011
-83.5471312514
-83.5461272134
-83.5600979882
-83.5877641908
-83.641019458
-83.6366039297
-83.6737007999
-83.7304027066
-83.7749204323
-83.7316413627
-83.5603154646
-83.7782141675
-83.6031093705
-83.5740409206
-83.6740889468
-83.8213104139
-83.6515351306
-83.7123842436
-83.7316034392
-83.7945951992
-83.6693763039
-83.6478473693
-83.5046220568
-83.5741995668
-83.686303518
-83.7697343698
-83.7100914037
-83.7244731127
-83.9124739761
-83.7995757093
-83.5975888065
-83.729004489
-83.7189134121
-83.7490620054
-83.5368425382
-83.7678316185
-83.7762169237
-83.6226447266
-83.6748083724
-83.694108051
-83.7078900042
-83.6054181118
-83.6184454668
-83.6084644291
-83.6378512498
-83.8796856592
-83.6584200393
-83.7536914766
-83.6467219483
-83.7756799507
-83.8430960175
-83.7287700871
-83.8674990809
-54.4281297208
-83.584629947
-83.7549275579
-83.6758932513
-83.7852807605
-83.5242762825
-83.5041659729
-83.6313067304
-83.7058222161
-83.6889650041
-83.5736855205
-83.7135038027
-83.803248382
-83.8501642798
-83.5968664483
-83.6504003458
-83.6784614346
-83.5612034971
-83.7412716989
-83.6611603541
-83.6480260242
-83.8646106858
-83.7547563835
-83.6506651427
-83.6231414327
-83.6181093473
-83.7957213368
-83.6551708432
-83.6353542144
-83.687822747
-83.7118969733
-83.5761776843
-83.8409420123
-83.7755423908
-83.7780573646
-83.871771241
-83.7320833949
-83.5852447682
-83.6157813202
-83.7083932821
-83.6801223741
-83.7065851444
-83.850724102
-83.7411077721
-83.6781473212
-83.6367565221
-83.7654846226
-83.7417829263
-83.8167997164
-83.7044728615
-83.5835911439
-83.5966603131
-83.8501857428
-83.5918351216
-83.60016933
-83.8510785
-83.6684822886
-83.6959898868
-83.6532105976
-83.9159500746
-68.6927483101
-83.6578505517
-83.7701314121
-83.700662976
-83.6884313488
-83.5915462399
-83.7037995328
-83.6728780375
-83.7419735627
-83.7068043718
-83.5330270074
-84.0283124128
-83.8072161975
-83.5811806987
-83.5586233519
-83.6323865171
-83.9464625399
-83.7927180687
-83.7824740803
-83.6256594134
-83.653741579
-83.4783357291
-83.7009883513
-83.6952955965
-83.8192325442
-83.7439841729
-83.822540233
-83.5592660695
-83.8009521178
-83.8015254327
-83.7064968723
-83.8184588558
-83.6171789043
-83.563533997
-83.9136405935
-83.8388825822
-83.6193905165
-83.6843483704
-83.6657154116
-83.7338401161
-83.7547478364
-83.6481622717
-83.5408501885
-83.7029056696
-83.6904444405
-83.5729748347
-83.6496089159
-83.3789459771
-83.7096427578
-83.6927820133
-83.663527146
-83.8067939084
-83.6249705606
-83.6845823221
-83.6121097831
-83.4769135856
-83.8048413019
-83.7905161094
-83.6308819307
-83.7800442325
-83.8039494165
-62.8993721296
-83.6950097285
-83.6869997849
-83.7297269505
-83.6841675023
-83.6981145244
-83.7441693472
-83.6119326671
-83.7702209576
-83.5944982669
-83.6675094775
-83.5613443818
-83.8814046439
-83.7743654389
-83.6934052347
-83.8408624951
-83.6581638391
-83.7735763396
-83.5350767187
-83.8237678717
-83.6393579054
-83.5005579713
-83.9064974007
-83.7303059371
-83.8024713302
-83.7558876161
-83.8434353997
-83.7324654821
-83.923484169
-83.8137791809
-83.494107204
-83.6266238369
-83.8250748621
-83.6757266122
-83.5537757586
-83.8550605002
-83.7157701025
-83.6614192133
-83.5379978429
-83.755097466
-83.5893199867
-83.6123528719
-83.6106422898
-83.4910960746
-83.7087381798
-83.7286793786
-83.8373846993
-83.5487628596
-83.8960808011
-83.5558776684
-83.5787419041
-83.7935211705
-83.7130815307
-83.6802870064
-83.669978812
-83.6893807386
-83.6850168988
-83.7359313105
-83.8217123736
-83.861253316
-54.8341181162
-83.6461731589
-83.6791688645
-83.6829738432
-83.8632322452
-83.6466861802
-83.7443021797
-83.6976175833
-83.6965644221
-83.3781377829
-83.7018545229
-83.8584224571
-83.7737219522
-83.6006756991
-83.7413921224
-83.6494050885
-83.7344495255
-83.5923469807
-83.6455653892
-83.8473729222
-83.536644683
-83.7662049011
-83.8284981753
-83.6553058995
-83.8023716035
-83.7272694648
-83.684434874
-83.6979592384
-83.7979113448
-83.6664271433
-83.6707533745
-83.8226511937
-83.6841978337
-83.5995913336
-83.571083419
-83.4502908435
-83.8118205567
-83.6947231947
-83.7800392913
-83.7007219902
-83.6158334884
-83.6750261237
-83.4437750486
-83.6710404019
-83.6978492778
-83.7524335063
-83.8790604196
-83.7124258372
-83.6048989819
-83.661506615
-83.7596668789
-83.907231681
-83.8549187432
-83.611158562
-83.817448705
-83.6791033183
-83.6277184173
-83.7372255164
-83.5661033992
-83.5067536836
-70.5544426669
-83.5977635485
-83.5844595304
-83.6760012132
-83.5691971193
-83.6549663182
-83.6919966948
-83.6746379901
-83.6619821518
-83.653958337
-83.8590482585
-83.7092831054
-83.5928875036
-83.6904831167
-83.587438684
-83.8340309593
-83.7426555259
-83.6344126844
-83.9133336563
-83.4559192538
-83.7919628183
-83.7773943556
-83.6078364628
-83.519438464
-83.7764300236
-83.5695444915
-83.7780037248
-83.9179644218
-83.7865367587
-83.8320958126
-83.5805284609
-83.6544207334
-83.9829885595
-83.7292329047
-83.4719236592
-83.6250769661
-83.615861944
-83.6665097856
-83.8280416782
-83.4636689047
-83.5789564124
-83.5634506221
-83.6311952223
-83.4270996301
-83.9326133415
-83.6426772937
-83.8515449275
-83.8262381718
-83.7208395781
-83.6397694528
-83.6112943341
-83.6360006038
-83.6444372263
-83.9196713891
-83.7138182375
-83.5961209931
-83.5502771029
-83.6015647874
-83.7838170385
-83.672817256
-83.6805400294
-63.2147550604
-83.7803619572
-83.7328021294
-83.803527912
-83.5825761378
-83.8581594415
-83.4460315578
-83.6671408808
-83.7505691056
-83.707323216
-83.741048173
-83.537861869
-83.6668996596
-83.4910051303
-83.7835625508
-83.7145250928
-83.8769380391
-83.6755579546
-83.5558770282
-83.6831868655
-83.4947861619
-83.7780466171
-83.75699024
-83.6948012069
-83.624183949
-83.7783397814
-83.6093851026
-83.4260617153
-83.7146325269
-83.8369574238
-83.8982642032
-83.709453652
-83.7563988623
-83.6960618828
-83.8130624954
-83.9166241794
-83.7364839444
-83.6751391533
-83.7185052884
-83.6966149649
-83.8385254161
-83.7515126465
-83.5258950057
-83.8596234662
-83.5954968912
-83.6151358867
-83.7361170689
-83.6541810541
-83.6999744682
-83.6169701696
-83.6421139331
-83.6646374815
-83.8332147766
-83.7454586644
-83.8170737886
-83.6285254254
-83.566269083
-83.4857631869
-83.6077463308
-83.6556042053
-55.2962431696
-83.7964364501
-83.7349138131
-83.6157378265
-83.8887848194
-83.4983927073
-83.8168427779
-83.7760595958
-83.7550894033
-83.7454100154
-83.710213758
-83.7295057611
-83.6524685355
-83.6205125515
-83.6982822524
-83.8286240993
-83.5202911654
-83.6565916605
-83.6855663872
-83.7840227973
-83.7496215501
-83.6209423723
-83.7219782311
-83.6399674885
-83.6680447833
-83.7007948748
-83.7730209871
-83.8261814914
-83.6511413347
-83.4451755638
-83.770270866
-83.4785078447
-83.6701527167
-83.6419914895
-83.66846138
-83.8533322933
-83.3085671157
-83.650816773
-83.6113718284
-83.7993396944
-83.6468556958
-83.6792511852
-83.6702253648
-83.7537089464
-83.6490451397
-83.5719901369
-83.8100463189
-83.7723192888
-83.7079092413
-83.5863386997
-83.6714328808
-83.5087647906
-83.6630401071
-83.5737058264
-83.7558648778
-83.7403741293
-83.6798478796
-83.7400365707
-83.565682161
-83.6414027745
-66.5376242807
-83.6981261229
-83.6733334699
-83.5276251166
-83.7896762163
-83.7177636862
-83.8504798848
-83.8071581064
-83.5871702505
-83.7673453402
-83.7118227597
-83.7625168402
-83.6607910064
-83.8309135915
-83.8011586798
-83.8323902019
-83.6788460421
-83.7002133645
-83.6144022286
-83.863230824
-83.5714959216
-83.865502869
-83.6817235253
-83.6449903777
-83.44271435
-83.8504376396
-83.6422558754
-83.5953870644
-83.6077484657
-83.5375858532
-83.8952273184
-83.7157112454
-83.7226213595
-83.9152982572
-83.6970256578
-83.6972937718
-83.8264873706
-83.9486522268
-83.6552227195
-83.6331970936
-83.9715365194
-83.6658274099
-83.4143754074
-83.6682571319
-83.8206350828
-83.6511900675
-83.6661330428
-83.6804986541
-83.7245980806
-83.6097412323
-83.6994250542
-83.5365669103
-83.5286781234
-83.6288600071
-83.5465267046
-83.7368799834
-83.6754075781
-83.5701260267
-83.654324337
-83.7651972633
-83.7301068943
-65.4228164252
-83.5418148001
-83.6213974722
-83.6129869803
-83.8282374679
-83.6194316349
-83.6663355971
-83.590230002
-83.7442186531
-83.8249081448
-83.6395746333
-83.6263172349
-83.7389105444
-83.7420765672
-83.4827336128
-83.625969504
-83.668294488
-83.6925707474
-83.5690980674
-83.6519233016
-83.8682628426
-83.532732498
-83.7548945237
-83.770819006
-83.6023332453
-83.5413600691
-83.4115311495
-83.6861755026
-83.7164580621
-83.6213768541
-83.8811961064
-83.6918961413
-83.7187190999
-83.5716442783
-83.7699022813
-83.7838531703
-83.6726409975
-83.7680124312
-83.4861077082
-83.7369570175
-83.7123369545
-83.6827372772
-83.6021507279
-83.6654811315
-83.8563554832
-83.6903372608
-83.4999618631
-83.7027557413
-83.4323957688
-83.6328971197
-83.742338546
-83.8321703079
-83.6785557677
-83.8406444962
-83.6406405338
-83.451969949
-83.6725375624
-83.723550497
-83.3473009505
-83.7795623271
-54.2754831885
-83.6397767051
-83.6766279798
-83.5586513706
-83.5390091272
-83.5259753926
-83.6074567088
-83.7157264983
-83.6151543269
-83.7295974994
-83.8178669876
-83.6008768602
-83.7518213856
-83.5842215679
-83.7479635697
-83.7747708515
-83.7483433556
-83.5830635494
-83.5425662355
-83.4721177675
-83.8429265348
-83.5925061725
-83.6310056864
-83.7091328384
-83.8896971999
-83.7930503521
-83.8270903392
-83.5838846377
-83.7419263007
-83.7419466249
-83.7697293606
-83.7636470917
-83.8794042429
-83.6047206626
-83.6526416195
-83.4876437871
-83.8429282399
-83.9270200478
-83.7502118996
-83.7060532509
-83.7810863013
-83.7939611051
-83.7539518843
-83.7304530636
-83.7878038767
-83.5770229023
-83.8218253219
-83.726341747
-83.8407380682
-83.5347167435
-83.8643070865
-83.440679103
-83.5898487224
-83.8041925217
-83.6846368787
-83.7893059045
-83.5812796908
-83.2320373013
-83.6031011529
-83.7158693233
-66.6269285758
-83.7548104114
-83.7733920185
-83.6125562477
-83.7758428925
-83.7082425925
-83.982634042
-83.7145855268
-83.7155604102
-83.7368255389
-83.7859163013
-83.7615691397
-83.5251141991
-83.8588575362
-83.6784546474
-83.7666952037
-83.805150308
-83.7345221588
-83.7953221835
-83.5881340723
-83.467035195
-83.7506022704
-83.5393291609
-83.5420363122
-83.6755567212
-83.5967956858
-83.5481942323
-83.6161053385
-83.6813286821
-83.4851934868
-83.6255144266
-83.6693932173
-83.6152060167
-83.5340865694
-83.6927597441
-83.6169274679
-83.8330907018
-83.7322818834
-83.4458509819
-83.8373438486
-83.6990633285
-83.7299060257
-83.6617779019
-83.5390332959
-83.7785057621
-83.545285542
-83.9051537747
-83.7020302468
-83.4838863953
-83.9476622681
-83.3866675091
-83.8600764633
-83.7913118061
-83.6249043782
-83.5890674134
-83.7301823044
-83.6890896365
-83.7278754873
-83.2982013237
-83.6994348897
-83.7668062351
-62.0518435445
-83.7343139122
-83.8045498741
-83.6561599778
-83.6067940159
-83.5727103564
-83.7506001606
-83.6529859026
-83.731452505
-83.6146207761
-83.7663016237
-83.851460022
-83.5656430151
-83.6959478467
-83.5222661313
-83.7634905133
-83.6679158092
-83.7615926694
-83.7508828806
-83.7330254955
-83.6068957724
-83.605905113
-83.8136848827
-83.6751873034
-83.7668544494
-83.6839423485
-83.839969969
-83.5608195372
-83.8116221839
-83.515083102
-83.51183391
-83.612473717
-83.6168465951
-83.7777507348
-83.7697466299
-83.6864681396
-83.7466856649
-83.7947639762
-83.8282807162
-83.8690292198
-83.5961543044
-83.6477272926
-83.6916498542
-83.9971173895
-83.7491431578
-83.5488757065
-83.6294930679
-83.5766565745
-83.7231876362
-83.81507256
-83.6729026483
-83.789188159
-83.675388352
-83.7296789778
-83.48301431
-83.6889870405
-83.5972082137
-83.6832963612
-83.751884217
-83.7065442492
-55.1506072326
-83.835285353
-83.7116865582
-83.7826681822
-83.6155384893
-83.7940838466
-83.7580263211
-83.715059108
-83.6298408818
-83.6491820109
-83.6816288782
-83.6404012674
-83.485139349
-83.8034046391
-83.8376988698
-83.649813404
-83.6817996043
-83.6429464864
-83.5713153716
-83.729859236
-83.6937216201
-83.527271415
-83.6883336517
-83.6923211629
-83.8424444001
-83.7528167241
-83.6813606151
-83.7253346744
-83.6749936352
-83.873367559
-83.6871353941
-83.654083887
-83.595056689
-83.632872802
-83.5606848719
-83.7626975669
-83.8924663436
-83.7872273399
-83.4323031212
-83.6448490187
-83.5686526931
-83.958628642
-83.7500555077
-83.472125967
-83.7842087477
-83.8666052299
-83.6134593261
-83.7022094795
-83.6977885595
-83.7257157359
-83.6413216026
-83.5631405217
-83.6241223959
-83.7977625388
-83.9599982982
-83.5113832123
-83.7258404874
-83.69465644
-83.6970445911
-83.6832222917
-64.8435914064
-83.7999282447
-83.747956173
-83.7836124831
-83.522106158
-83.5795852201
-83.8399023093
-83.6037028814
-83.8638924246
-83.6296174725
-83.5765001572
-83.6783386609
-83.7152941705
-83.6037036427
-83.3184871345
-83.4307104502
-83.7521933128
-83.6519968336
-83.8479784466
-83.6572379737
-83.5736860817
-83.5497238718
-83.8046459703
-83.4456823781
-83.7778206292
-83.6607415559
-83.7180861945
-83.7272479079
-83.6361224719
-83.6230545989
-83.7315573801
-83.747260742
-83.7321256655
-83.9099250685
-83.6965491501
-83.6457232345
-83.5922942261
-83.586948578
-83.7439021089
-83.8085924064
-83.7434291289
-83.9027084143
-83.6189593245
-83.6994390389
-83.7704344538
-83.556976901
-83.6092589868
-83.5965254168
-83.8541357511
-83.7341881097
-83.7791097473
-83.7527090539
-83.6570920959
-83.7820350882
-83.6976465714
-83.5876453689
-83.6808651446
-83.7716858991
-83.6966215543
-83.7014025736
-83.7853852365
-66.0589488162
-83.8044588793
-83.6938388789
-83.840244
-83.671846188
-83.6620310582
-83.624891572
-83.601631493
-83.5013359261
-83.6103644202
-83.5837440553
-83.7013537257
-83.7528579715
-83.5392625683
-83.7008202051
-83.5821293328
-83.78570895
-83.8664511922
-83.7804781876
-83.937686784
-83.7648479714
-83.4527895789
-83.5921296648
-83.4961067212
-83.6802626403
-83.6462104139
-83.632454654
-83.8050268998
-83.5958764368
-83.8199774282
-83.8228201517
-83.6848016598
-83.6064273831
-83.7886828141
-83.6933856743
-83.8170208766
-83.8104208443
-83.6701199661
-83.5373626681
-83.7264003879
-83.5605491228
-83.80753905
-83.6067677332
-83.6558148403
-83.6242241822
-83.6149977254
-83.7016834474
-83.7078118424
-83.6183540287
-83.6991880152
-83.6573766639
-83.6964771504
-83.7816585272
-83.644745026
-83.653587485
-83.6558185684
-83.6136017649
-83.7012921748
-83.6858436416
-83.7317820251
-55.5021860546
-83.859428451
-83.7832506615
-83.8027821247
-83.6501014115
-83.6382055798
-83.9229428435
-83.583490101
-83.8026849322
-83.6436295303
-83.6797623338
-83.9229132813
-83.7311488575
-83.6404447419
-83.7977760924
-83.6943564786
-83.4967381481
-83.7875402235
-83.7183964302
-83.5791490418
-83.571499399
-83.7741938144
-83.9554639268
-83.7803659968
-83.7158177298
-83.6100116991
-83.6905258684
-83.5122365122
-83.8258153766
-83.6554419682
-83.6932718582
-83.6304014041
-83.4897490694
-83.798728669
-83.777208325
-83.6382407696
-83.6473034778
-83.8078150933
-83.6241798458
-83.6516275912
-83.6274219252
-83.4420165099
-83.5289848302
-83.5859024714
-83.715490733
-83.8335897767
-83.8120999724
-83.8848252841
-83.7966582907
-83.7483978609
-83.3419321608
-83.7198272564
-83.7234036339
-83.6500665194
-83.7469379025
-83.9628722189
-83.7562091566
-83.7436567132
-83.480676338
-83.8354145001
-68.8499004804
-83.4060914351
-83.7168140805
-83.7960380645
-83.921834173
-83.769752474
-83.5204306117
-83.7282070233
-83.7033537582
-83.6463006679
-83.6717754226
-83.7262578028
-83.7212885916
-83.7220755298
-83.6324010522
-83.6718000512
-83.6213812296
-83.6096168795
-83.8086063327
-83.8480663014
-83.7339749276
-83.7630484353
-83.5778234421
-83.7892568311
-83.7430386486
-83.4263940363
-83.7894653163
-83.6531069345
-83.7080377949
-83.5242707498
-83.6949513004
-83.6814323198
-83.4375415027
-83.8279886403
-83.6824489398
-83.681129174
-83.8707195285
-83.9452153773
-83.7722800671
-83.7377493666
-83.6072400683
-83.7453582071
-83.7243554456
-83.639198278
-83.5504053032
-83.7286536121
-83.6510187432
-83.7215480987
-83.6496871094
-83.6184103727
-83.7164636702
-83.6155960116
-83.6445906152
-83.7791690403
-83.7309160643
-83.8014077802
-83.7144497708
-83.7034670472
-83.6483582632
-83.8786885767
-83.890223223
-60.2091689485
-83.7063649979
-83.8065596027
-83.8035229347
-83.966136813
-83.740185511
-83.6419905065
-83.7286002059
-83.62321667
-83.4906319106
-83.6623205856
-83.8771129715
-83.6904350027
-83.8097138977
-83.815916237
-83.7664880291
-83.4645009477
-83.8358088413
-83.6057665547
-83.624443942
-83.6376565031
-83.8608199139
-83.8934783002
-83.6701615822
-83.8033872015
-83.7254557014
-83.5369443016
-83.7087815007
-83.7652997406
-83.6556421844
-83.816979979
-83.6855253078
-83.7940308747
-83.8094403155
-83.5159565885
-83.79131665
-83.5744188165
-83.721841937
-83.9810527064
-83.6308941611
-83.7421291846
-83.8739822126
-83.8991317034
-83.6157533667
-83.9213277007
-83.6670520644
-83.6759760539
-83.6626860687
-83.6424417266
-83.7922053422
-83.7072755478
-83.5412835012
-83.8041779172
-83.77907655
-83.7488771984
-83.8076314181
-83.5957052274
-83.7157530457
-83.5504486827
-83.6869094185
-55.4708800956
-83.6292744426
-83.5513974364
-83.8025306968
-83.7524965562
-83.606723607
-83.7386288872
-83.6326003376
-83.9299349554
-83.7906512609
-83.4683253655
-83.8207672504
-83.9618579594
-83.6937696861
-83.7292172307
-83.9325511082
-83.8691832438
-83.4294295887
-83.8232811815
-83.6317833778
-83.7909689098
-83.6331314284
-83.7525725756
-83.6007046472
-83.8322393939
-83.644394825
-83.7477339132
-83.7124683571
-83.6362283775
-83.6492243969
-83.4954510566
-83.6155445891
-83.7621713716
-83.5869361177
-83.8471749776
-83.6310858229
-83.7211667959
-83.7646065765
-83.6715933176
-83.6971465635
-83.8688017925
-83.7771165032
-83.7556744772
-83.7038994863
-83.9319571506
-83.442710572
-83.6941178654
-83.7325699177
-83.691751703
-83.4904902139
-83.7562804959
-83.7201560324
-83.7385062379
-83.5138234896
-83.8998801353
-83.67173838
-83.6121430902
-83.6286843916
-83.7652020183
-83.8001641318
-73.8007957334
-83.5947092601
-83.6856801627
-83.649847077
-83.6849334236
-83.6503841241
-83.6440852863
-83.5923041679
-83.7404980293
-83.454029781
-83.7897643318
-83.8472490505
-83.7854005158
-83.8837520846
-83.658096355
-83.7857623154
-83.7896720856
-83.6532510872
-83.6019361155
-83.6902546769
-83.6503402931
-83.5948209779
-83.8647585172
-83.7055371765
-83.7912795328
-83.7242539433
-83.9399371794
-83.7355434018
-83.7182835649
-83.5988446348
-83.7340846209
-83.5903882454
-83.6040217494
-83.7003034446
-83.8480704616
-83.754138849
-83.5066971373
-83.5465356309
-83.8284450355
-83.7405432393
-83.6755704983
-83.846293501
-83.7937578033
-83.7030006351
-83.9008083217
-83.7403861219
-83.7010941893
-83.7214090418
-83.559559221
-83.4921848946
-83.5410798127
-83.848103969
-83.8414439267
-83.6289706549
-83.604407935
-83.7945620332
-83.7432287191
-83.7233572015
-83.4521822269
-83.7800804259
-83.7217940903
-61.4088375788
-83.6239141093
-83.8756604958
-83.773749678
-83.6449192881
-83.7828842394
-83.7015529967
-83.8077262063
-83.5202971792
-83.7254019343
-83.6920607544
-83.7322149304
-83.7347054907
-83.7913728912
-83.8197974553
-83.5874446922
-83.7918859414
-83.6975169404
-83.9489131792
-83.659916613
-83.4249919726
-83.598681432
-83.6376222751
-83.5544766138
-83.7785320889
-83.7176934781
-83.6508259162
-83.7153274717
-83.7548719607
-83.605083903
-83.3270954441
-83.7441324841
-83.7917780413
-83.5754846661
-83.5528599398
-83.5255548601
-83.8051430624
-83.7051320821
-83.621783787
-83.5327954943
-83.6194352111
-83.5739436867
-83.6019302592
-83.7578181767
-83.6579914632
-83.6047377288
-83.5527111093
-83.8653358547
-83.5619629513
-83.713325389
-83.6670560146
-83.5794091649
-83.6724085192
-83.6322098345
-83.6227316692
-83.6328422193
-83.7336919999
-83.6574568917
-83.7514983313
-83.5730049155
-54.8959803464
-83.7329621737
-83.5170692507
-83.5823557363
-83.6834080508
-83.5823936848
-83.6133200086
-83.7120083727
-83.6024140717
-83.7452118063
-83.8796421763
-83.7608124078
-83.7868392031
-83.4531901987
-83.5619990857
-83.6810869566
-83.8830264671
-83.5325591159
-83.8286583179
-83.7501693212
-83.7194429544
-83.6592771545
-83.6352258384
-83.6138997391
-83.8804716251
-83.5774523145
-83.7876024095
-83.2285817385
-83.5281488607
-83.6165854323
-83.839905043
-83.7910136303
-83.8786668359
-83.6523837965
-83.6655883375
-83.8916968063
-83.6452258724
-83.6064307934
-83.7058421407
-83.5246949687
-83.64625548
-83.6929290328
-83.6560139805
-83.6416544703
-83.71751629
-83.925237377
-83.6600691736
-83.5621054902
-83.7640112705
-83.5776221628
-83.6135233768
-83.7435966192
-83.7336639559
-83.7181791607
-83.6969837312
-83.5595340057
-83.8873019675
-83.8803749097
-83.6932793857
-83.6120604756
-71.1823762201
-83.6887299661
-83.6581303545
-83.5119891551
-83.4502857938
-83.8328615635
-83.589787564
-83.6837733385
-83.5529488643
-83.8194619523
-83.7512427817
-83.9321357192
-83.7461767976
-83.8704639076
-83.7729809095
-83.5311834437
-83.6780325695
-83.5361112327
-83.6090294308
-83.5886580465
-83.8006176009
-83.7972706029
-83.6322423304
-83.6852017533
-83.6998215479
-83.7405094434
-83.7341729282
-83.7318595538
-83.7272534244
-83.6524873872
-83.8117569076
-83.6214806527
-83.6684892799
-83.8945611463
-83.8427073307
-83.4269344766
-83.8824084841
-83.7206331863
-84.0200506126
-83.7376093028
-83.6549847165
-83.8465431344
-83.850539662
-83.6416669368
-83.714931602
-83.4989916753
-83.791100834
-83.9289317871
-83.4231243089
-83.4466324973
-83.7740826625
-83.7451854648
-83.6315234496
-83.8312015394
-83.6013533041
-83.4910409264
-83.5921554697
-83.7382413459
-83.6527224957
-83.802319801
-83.9191452399
-62.9649335134
-83.8642378206
-83.5460865602
-83.8606867173
-83.6035270894
-83.7558195408
-83.5536191169
-83.6174688071
-83.7707199054
-83.519179013
-83.5450820891
-83.7343488689
-83.8562744789
-83.8077126167
-83.6575925305
-83.576531763
-83.5660838334
-83.8286564069
-83.7936407438
-83.820338212
-83.5927292813
-83.7520836807
-83.7102299647
-83.9209229526
-83.5313413869
-83.8688256289
-83.4993551342
-83.6622528013
-83.6204864298
-83.8920406178
-83.5545422095
-83.7016477863
-83.5861283242
-83.8074840942
-83.7734953688
-83.4434490232
-83.6240871135
-83.7065700464
-83.6016967296
-83.660888273
-83.6136138452
-83.5879926977
-83.7287952766
-83.5231810846
-83.7587871056
-83.67769195
-83.4659619578
-83.8290576503
-83.6433058314
-83.5159629271
-83.6076528199
-83.639179431
-83.5659683328
-83.6223214251
-83.6992887486
-83.7189881835
-83.4991492122
-83.7047528939
-83.6505606225
-83.5601924695
-54.5991960126
-83.6315212916
-83.7227506453
-83.8251675796
-83.6748297629
-83.7639533834
-83.7236963737
-83.8852828288
-83.6539814333
-83.7221955451
-83.7977208189
-83.4948847791
-83.6579977847
-83.8545635763
-83.6814871376
-83.7163171433
-83.6097177311
-83.6994401902
-83.7935411897
-83.6377474681
-83.8340671693
-83.6514482737
-83.5681871853
-83.7810579113
-83.937434863
-83.8151341414
-83.5591886455
-83.7695019317
-83.8615418653
-83.7689462317
-83.8059125383
-83.7351771955
-83.9035749452
-83.8781414042
-83.7446144835
-83.8631416105
-83.7800425408
-83.6768968414
-83.7500330558
-83.4693127781
-83.5583932277
-83.4709270334
-83.8122381765
-83.5109343968
-83.7841350852
-83.4785692561
-83.6372594066
-83.8607343039
-83.6645246589
-83.6064295552
-83.7805438339
-83.4942062991
-83.6390896546
-83.4320592395
-83.8021119941
-83.5161454572
-83.6884986299
-83.5690572636
-83.5928255164
-83.535346846
-61.3886276307
-83.7452604464
-83.6814774987
-83.5218129242
-83.4850617704
-83.7247460525
-83.4873337187
-83.7154047554
-83.6098302688
-83.7632374307
-83.769228465
-83.4914047149
-83.8332143568
-83.7112485976
-83.7472426373
-83.7158840602
-83.6661754486
-83.6595353332
-83.8177012428
-83.5775304839
-83.5382789866
-83.709653293
-83.7673785146
-83.6936976534
-83.7067677944
-83.8343798839
-83.585742057
-83.767613374
-83.8330424371
-83.716863525
-83.6529381251
-83.7198455773
-83.672944637
-83.6898851953
-83.8804867232
-83.6215691566
-83.768414617
-83.6826271436
-83.5838049968
-83.4344215559
-83.6186163592
-83.6678138533
-83.6370142851
-83.7649792772
-83.6589411565
-83.7216365047
-83.6949021509
-83.9404541519
-83.7077219689
-83.5342201786
-83.4878547085
-83.7219660106
-83.8295841203
-83.5972500052
-83.3362094555
-83.5044277815
-83.5983683779
-83.6368051768
-83.6455778239
-83.5315768175
-83.589389037
-63.7793026007
-83.6550837233
-83.5340292073
-83.859044068
-83.7262830697
-83.7113441829
-83.6766858932
-83.7947488055
-83.6434511155
-83.6847635789
-83.7099076871
-83.7266459004
-83.5193923265
-83.6696929481
-83.7061402705
-83.7462718782
-83.7300179786
-83.9996139275
-83.5334427659
-83.6713385387
-83.8144926822
-83.5717318065
-83.6639835396
-83.7302000491
-83.6912214225
-83.6875838216
-83.8350193317
-83.5738304104
-83.6933188704
-83.7380282722
-83.7105084615
-83.7304065971
-83.6991584069
-83.5136472029
-83.8845432875
-83.718348045
-83.8007941591
-83.6802126372
-83.632541309
-83.5983473794
-83.7827666112
-83.5783596007
-83.743086326
-83.5020857953
-83.6497719986
-83.7958314999
-83.6901639786
-83.6784544882
-83.6892796126
-83.7708936687
-83.6634822145
-83.8437091059
-83.9449821279
-83.8198846784
-83.77966798
-83.8519202918
-83.8158634387
-83.5981227109
-83.6773921811
-83.7227386142
-50.120338885
-83.6349943234
-83.8112794426
-83.531641191
-83.7093636967
-83.6651901032
-83.5972598595
-83.4743725611
-83.3567044161
-83.8554096657
-83.8361041047
-83.8419675676
-83.5582506168
-83.679291757
-83.5293452717
-83.7036474857
-83.7114989367
-83.5484384621
-83.8560353066
-83.6337362286
-83.5613229511
-83.7388423709
-83.7367771333
-83.6812646729
-83.5075281134
-83.5402175459
-83.534426148
-83.637698066
-83.6494863226
-83.6247030876
-83.6931110809
-83.7259293018
-83.504814053
-83.8867225663
-83.5896340993
-83.6879392367
-83.4421436597
-83.7090009004
-83.735526745
-83.7354507719
-83.6857520105
-83.845578072
-83.7074021783
-83.8045178405
-83.6447701777
-83.544710841
-83.5054935159
-83.660729434
-83.5351735794
-83.7947423904
-83.8401143036
-83.583548965
-83.578184872
-83.7418670442
-83.6245144935
-83.5115950199
-83.6433360459
-83.7265287079
-83.7067926877
-83.7437907093
-56.7751915506
-83.5855497289
-83.5449262252
-83.5990331286
-83.7353448968
-83.6919376893
-83.5837755689
-83.8624176793
-83.5214721007
-83.4896044917
-83.6688862487
-83.5219820548
-83.5160940211
-83.5179255803
-83.7066372542
-83.5704802028
-83.4862423142
-83.79889669
-83.8628634269
-83.8788871587
-83.794401896
-83.7094172344
-83.5471670878
-83.7290515095
-83.7953571676
-83.6098840846
-83.7411491841
-83.8808143162
-83.4917605634
-83.658954086
-83.5562647402
-83.7026727698
-83.6587294209
-83.8720877183
-83.492782944
-83.7337139652
-83.7104577146
-83.6528109553
-83.7159726743
-83.6852878413
-83.7593063385
-83.7910880686
-83.6075911922
-83.4955180481
-83.8576867393
-83.918873103
-83.6505927848
-83.713504531
-83.5421641867
-83.6622147733
-83.668125615
-83.7047343606
-83.7561413488
-83.6550882402
-83.7426621261
-83.6591238398
-83.6812778543
-83.7985556226
-83.4975763362
-83.5258517426
-83.5670287977
-75.9471306155
-83.3277287929
-83.7001089557
-83.7267076052
-83.869204371
-83.6476698218
-83.6719088786
-83.7777752113
-83.8096388433
-83.7721383822
-83.7597406851
-83.574358199
-83.6260041188
-83.868951139
-83.7651203233
-83.6922054847
-83.8212143125
-83.8680301642
-83.6557209922
-83.6732901016
-83.6260087951
-83.6881055417
-83.7556081472
-83.6440377345
-83.6060782695
-83.5301701378
-83.678627233
-83.4654965875
-83.6013334117
-83.727468841
-83.7220420688
-83.7511266584
-83.5396008668
-83.6444695078
-83.5539526288
-83.4095306306
-83.7969956013
-83.6279631919
-83.6910902817
-83.8396800482
-83.616650479
-84.0517732228
-83.6867257048
-83.7648774487
-83.5904425036
-83.7127751397
-83.565127354
-83.8608160294
-83.6175178649
-83.8579935273
-83.7210013267
-83.5686073798
-83.7011403994
-83.686372549
-83.7289979144
-83.7090873509
-83.9171963958
-83.556273593
-83.6732072185
-83.6625530549
-50.1275257139
-83.7787424973
-83.7349760907
-83.6304332898
-83.5602092074
-83.5529939262
-83.7786106124
-83.8164067612
-83.7452918078
-83.6593087297
-83.9570165258
-83.5683106549
-83.7735729493
-83.8921307977
-83.7689702132
-83.7669331792
-83.7880286053
-83.7125543413
-83.6294029948
-83.7975219544
-83.7477280017
-83.5499589214
-83.809143532
-83.5062345543
-83.5443173287
-83.5503967608
-83.6846096192
-83.8720376284
-83.5961457289
-83.6024730289
-83.6741106545
-83.6640576842
-83.7517249478
-83.7964777341
-83.6176096051
-83.3792251142
-83.6897941521
-83.8225888073
-83.7819016646
-83.5893987954
-83.6960744301
-83.6353899279
-83.7377862703
-83.600701501
-83.7455503208
-83.5598906962
-83.6151909438
-83.4881919369
-83.7253849572
-83.6889278728
-83.8659377953
-83.7226313406
-83.8513088939
-83.6545424042
-83.6921938621
-83.7463895197
-83.6350898601
-83.5473509743
-83.5974747884
-83.7178176924
-54.401403863
-83.6005736581
-83.7818103418
-83.8554644224
-83.6968227545
-83.548728606
-83.5840638944
-83.8370352353
-83.6933000242
-83.8461525588
-83.6026857915
-83.8694595903
-83.7774475315
-83.7980080039
-83.8073432703
-83.6654599114
-83.6357854842
-83.6170121488
-83.8939962518
-83.8020721149
-83.7796146746
-83.4197026946
-83.3868580952
-83.9239094814
-83.5113297099
-83.7300020956
-83.8366433641
-83.7513355189
-83.7763266639
-84.0320670081
-83.7377071295
-83.6393696937
-83.7053006882
-83.8680439522
-83.8018668463
-83.6206926746
-83.6601527422
-83.80478184
-83.7062944895
-83.5872031321
-83.698365972
-83.66939024
-83.8059445688
-83.5524708684
-83.7857843238
-83.8342937698
-83.7092358388
-83.8408409959
-83.6353372562
-83.7185957063
-83.6593766881
-83.7704402687
-83.5543122821
-83.4306806608
-83.7436120386
-83.7196556808
-83.9056040719
-83.661771009
-83.7737368752
-83.5145735754
-83.6362145389
-72.2204262876
-83.7470748562
-83.7656511227
-83.8743387289
-83.7300349819
-83.6375173698
-83.7005949646
-83.7045477888
-83.7172609051
-83.5212139375
-83.6475638081
-83.5538137647
-83.5568715037
-83.6361869899
-83.7224144101
-83.751313074
-83.8594898443
-83.7512285294
-83.7279259073
-83.7408945462
-83.7569800269
-83.4293967178
-83.3207897691
-83.727308694
-83.749511276
-83.6543687559
-83.9656079797
-83.5838282981
-83.659939223
-83.5816501395
-83.3382323184
-83.7103623245
-83.962129527
-83.8401663828
-83.7033015676
-83.7751816298
-83.4351709695
-83.6763701515
-83.7799507146
-83.8360956376
-83.9353332767
-83.79005891
-83.6131515204
-83.5593840778
-83.4930836575
-83.7026933911
-83.8423513801
-83.6716978436
-83.5671478061
-83.5771466472
-83.7213766219
-83.7763326015
-83.8385469022
-83.8087457853
-83.5354830758
-83.5724785387
-83.7003388723
-83.6355177963
-83.7873704555
-83.5711821676
-51.6948921843
-83.6992771635
-83.7798281929
-83.766751403
-83.7975260539
-83.5716411324
-83.6469831867
-83.9725846929
-83.5608780002
-83.6448860716
-83.526295605
-83.7617210377
-83.8157693985
-83.707040713
-83.7769374974
-83.5451841265
-83.7443708292
-83.7409846822
-83.8155023471
-83.9063997109
-83.8404080149
-83.6829538953
-83.9400827275
-83.6362468721
-83.6372205326
-83.7944145211
-83.622361191
-84.0446063893
-83.3606594092
-83.7219110112
-83.9775375571
-83.656915249
-83.6656533179
-83.7206438034
-83.6849995909
-83.7996711629
-83.6365186239
-83.5151862892
-83.9929228552
-83.9610623785
-83.8730863637
-83.6193464591
-83.8803498833
-83.7217020749
-83.7289474431
-83.4715598111
-83.8224705003
-83.6100629598
-83.5554385117
-83.7795958436
-83.7493830256
-83.6862150122
-83.7901073393
-83.6534055905
-83.5273231504
-83.6526545254
-83.6039640931
-83.7453044003
-83.8393463056
-83.7604853222
-54.8197502428
-83.8417944668
-83.7306123665
-83.514215259
-83.5550789637
-83.9412878714
-83.5524679622
-83.7758304838
-83.7434449025
-83.6108746414
-84.0016114028
-83.6473802489
-83.6861873753
-83.6258301178
-83.6858232293
-83.7802735579
-83.8444703581
-83.9028411794
-83.7631439416
-83.6874670669
-83.4711446174
-83.3813034564
-83.8209542023
-83.7241205673
-83.6005195931
-83.6727180118
-83.7521977007
-83.671546432
-83.822619618
-83.7999361726
-83.6875267307
-83.8561534539
-83.4710200241
-83.8373356105
-83.770102167
-83.5582466079
-83.8189575034
-83.6254572521
-83.8693259649
-83.7798258172
-83.6781108982
-83.8617338372
-83.6868520245
-83.6173819565
-83.6562226244
-83.7672564579
-83.8640246363
-83.6167233262
-83.6872768382
-83.7938217337
-83.5209787875
-83.6959250535
-83.6972002275
-83.7555441805
-83.4789590263
-83.7623366865
-83.7804691304
-83.5175182178
-83.6994088079
-83.6983474397
-82.8662537972
-83.5044765827
-83.9050508666
-83.7519264271
-83.6132713883
-83.7654823538
-83.8514233249
-83.8269552798
-83.5745367048
-83.6827400154
-83.8519545353
-83.829167961
-83.732863371
-83.8720983101
-83.7095412904
-83.601602023
-83.8631980459
-83.675804637
-83.698759779
-83.5604297179
-83.4749507533
-83.8481778159
-83.8005404016
-83.8096513972
-83.6905776659
-83.5652846337
-83.7190834488
-83.4922174792
-83.6887222787
-83.8011273253
-83.6639055153
-83.7777094901
-83.8961500065
-83.746275639
-83.5284696964
-83.8630948882
-83.6392131332
-83.6619734785
-83.5914184106
-83.6962013441
-83.7940411711
-83.7151541438
-83.6021416661
-83.603529286
-83.6936648196
-83.663783271
-83.8246763302
-83.5168214269
-83.6270107036
-83.7295352609
-83.5880635083
-83.6437743009
-83.6557427596
-83.7740593643
-83.7756546941
-83.6637235013
-83.710606076
-83.7176680919
-83.7181613218
-83.6389616346
-83.5749494289
-66.0945992585
-83.5613678172
-83.6481304279
-83.7577585399
-83.6214412909
-83.5490490155
-83.7774516079
-83.7684673285
-83.6757589963
-83.777605246
-83.5238420953
-83.6324824445
-83.7897717346
-83.8419769613
-83.6152165919
-83.5258449592
-83.4068617667
-83.8489673586
-83.6021561972
-83.639646248
-83.8769921171
-83.8142643787
-83.4316393167
-83.746983323
-83.5506812136
-83.6332245247
-83.6617716424
-83.5682980213
-83.7413634549
-83.4753521433
-83.5288258158
-83.8351954088
-83.7681331987
-83.7158167141
-83.8201457565
-83.6832369607
-83.8284989294
-83.7515227937
-83.6617970509
-83.6433341204
-83.5899075941
-83.7236208036
-83.7103782447
-83.6193514713
-83.8323315139
-83.6108335398
-83.5467962351
-83.757906263
-83.8082130701
-83.9485203118
-83.7916164711
-83.683307946
-83.9314821196
-83.8394070525
-83.9345380992
-83.5731554372
-83.8129513617
-83.7269501552
-83.5857746402
-83.8804040874
-52.0652187366
-83.7829438329
-83.8279210019
-83.6714859386
-83.5798267161
-83.8223372357
-83.5399292291
-83.641754872
-83.7510733229
-83.5750874393
-83.8109000585
-84.0067468145
-83.7572462139
-83.6344221385
-83.6674744683
-83.7711538398
-83.5505906894
-83.4568032854
-83.673427835
-83.7027785342
-83.8653724243
-83.7824137839
-83.7856590915
-83.713844545
-83.5823083977
-83.7063538191
-83.7310479211
-83.8075369087
-83.716980798
-83.7114500323
-83.7139033557
-83.7836019393
-83.5956979079
-83.748504049
-83.9160609706
-83.7798643863
-83.8277541607
-83.598913541
-83.6476513899
-83.6352051546
-83.7557645962
-83.6365923135
-83.7281108316
-83.6347848515
-83.6404618241
-83.663303962
-83.5014101593
-83.7086919189
-83.7260041551
-83.8750166784
-83.8514531424
-83.7430851783
-83.6631563988
-83.673311876
-83.8469256547
-83.6258707858
-83.8392093346
-83.6282837739
-83.6516768017
-83.7276873712
-56.0837383159
-83.8254579857
-83.8377452026
-83.6601269192
-83.6894090787
-83.7219611173
-83.8856317237
-83.5450363402
-83.6166388693
-83.7387841912
-83.331175193
-83.7999202056
-83.5802606305
-83.7597662645
-83.8316576656
-83.7617818056
-83.5286962248
-83.7117077499
-83.704087283
-83.4332946954
-83.6816922392
-83.6140133529
-83.7071759458
-83.6315830993
-83.7682604018
-83.8805645694
-83.6305131444
-83.6385268333
-83.747534436
-83.6877706538
-83.7718434856
-83.7349318395
-83.6871122539
-83.784408725
-83.7499856151
-83.7933977836
-83.6713393133
-83.7976910951
-83.8430011131
-83.7244985435
-83.6466621693
-83.4761488357
-83.8502086034
-83.7320954348
-83.6463854727
-83.8818869462
-83.8056069501
-83.7667367055
-83.7119005297
-83.5409861633
-83.4776557488
-83.8245581973
-83.6659817321
-83.8774850826
-83.9551430694
-83.4509832105
-83.7578796422
-83.741568144
-83.6616680616
-83.9834003988
-83.519843685
-70.7735650817
-83.7282593535
-83.6687991741
-83.3686267124
-83.7348803205
-83.6321970276
-83.7158816999
-83.7606365239
-83.8675757377
-83.8171474587
-83.6913982664
-83.646714865
-83.7083697214
-83.6740214062
-83.8345272307
-83.9731706695
-83.5335454815
-83.7875922258
-83.6988693644
-83.8310639522
-83.8783660422
-83.5961847572
-83.7697196894
-83.8756389581
-83.9122476671
-83.6618453549
-83.6719881832
-83.6931934293
-83.8570296178
-83.8117145815
-83.7503534954
-83.6865111151
-83.6532597147
-83.7518354353
-83.7425284054
-84.0012921731
-83.6296086769
-83.4555834145
-83.7851329802
-83.6844813332
-83.9788472216
-83.8351898269
-83.7766797286
-83.7881343561
-83.7492828203
-83.906553801
-83.809655213
-83.8492806772
-83.8252249609
-83.960631823
-83.8206050772
-83.6839048927
-83.9510408031
-83.8057576
-83.6386147321
-83.6828194041
-83.5883574697
-83.5856228717
-83.7303113486
-83.5434591512
-51.0805075459
-83.8753557529
-83.8854157759
-83.5395407685
-83.5187610733
-83.6511451123
-83.6580790907
-83.7877250125
-83.5360011705
-83.7888696222
-83.8776399499
-83.9935518783
-83.8680100246
-83.5461214492
-83.8624808497
-83.5622439753
-83.7908375334
-83.9180348292
-83.7252137593
-83.7982735514
-83.7135043432
-83.8383247378
-83.717193086
-83.6095856938
-83.8591950316
-83.8687882251
-83.825323271
-83.5621946739
-83.4750535295
-83.6719993272
-83.958785587
-83.7430579889
-83.6149825776
-83.789478319
-83.6729288631
-83.8829246984
-83.7603449632
-83.7580813472
-83.6212837645
-83.7472341767
-83.849176646
-83.7985628601
-83.9489994356
-83.8977847636
-83.924800276
-83.8918008589
-83.5188288934
-83.7511046357
-83.7972201311
-83.8784453958
-83.8428837363
-83.7793783995
-83.6305228793
-83.7144941663
-83.8682964388
-83.7845810039
-83.5910076025
-83.8634900327
-83.7323410182
-83.6804248625
-54.1909814437
-83.7791663267
-83.7530706196
-83.5219479247
-83.7209727515
-83.6735155463
-83.9911850213
-83.7668104713
-83.7187887343
-83.6514424515
-83.6854929508
-83.7920214245
-83.6043075939
-83.6246035713
-83.7132678256
-83.8753540231
-83.7686533018
-83.5193254697
-83.7425211989
-83.5485899727
-83.7020635178
-83.4663351106
-83.7858556551
-83.9447949083
-83.9442034841
-83.8228582222
-83.7083690202
-83.7192070439
-83.8727437567
-83.8549459689
-83.8484987569
-83.6666684203
-83.7668759938
-83.8844780373
-83.7765277761
-83.55116429
-83.8210655826
-83.902072728
-83.6410480094
-83.7745863562
-83.7156032679
-83.8566312819
-83.6674288332
-83.5565803189
-83.7141592136
-83.70269503
-83.660357386
-83.8271857386
-83.7060501892
-83.5221008222
-83.7963694833
-83.765505953
-83.702668801
-83.7597005265
-83.6039764655
-83.5324315823
-83.6852648415
-83.6304550051
-83.623936778
-83.6745544148
-83.4326518192
-74.115035806
-83.8621112311
-83.9703466084
-83.8030752334
-83.9168432639
-83.7306918292
-83.6662493991
-83.644448069
-83.8215276017
-83.7490989577
-84.0115444152
-83.5657762109
-83.6652391102
-83.6172163683
-83.5558009165
-83.5594490868
-83.665420323
-83.7583355225
-83.7552146575
-83.7101556215
-83.6365548112
-83.6588331995
-83.5315736823
-83.6493556375
-83.748708238
-83.5502371264
-83.6827396423
-83.7038177906
-83.6721862268
-83.5066516189
-83.5429587097
-83.48331242
-83.7336725456
-83.7560646805
-83.8628348061
-83.6312360029
-83.750888826
-83.7024241324
-83.7034385618
-83.7968917225
-83.7684252636
-83.9389489665
-83.7720475398
-83.861123029
-83.6632253497
-83.8047917286
-83.3965208995
-83.7659957651
-83.6195450614
-83.7233995709
-83.7439252871
-83.8494554995
-83.6532551828
-83.5622209488
-83.6992987118
-83.5681041524
-83.5645935748
-83.7759268989
-83.7524555032
-83.6198989623
-51.6743760504
-83.7858874847
-83.7664386462
-83.6744836687
-83.8083304288
-83.5844295925
-83.7203090896
-83.6621754281
-83.7110595031
-83.8654153246
-83.5834565621
-83.6634206283
-83.7747268606
-83.7315674717
-83.7324710418
-83.9106604397
-83.7286170332
-83.6560228779
-83.7915889911
-83.7594746966
-83.7569878075
-83.9098451919
-83.6189914702
-83.6464956434
-83.6399568996
-83.6532042093
-83.6736211428
-83.9556417204
-83.6895081274
-83.761930329
-83.7389065479
-83.7343081756
-83.4627582151
-83.7509281005
-83.7530688436
-83.5292469092
-83.6781229851
-83.6863791423
-83.6946956339
-83.8596715377
-83.7907691718
-83.5953042358
-83.8034748172
-83.6969382562
-83.5507044219
-83.8032218454
-83.6893352742
-83.7773589498
-83.753699014
-83.827528563
-83.7161552771
-83.4035741848
-83.700606919
-83.8120621842
-83.6548749987
-83.9061412864
-83.7897197337
-83.8768022486
-83.7221991511
-83.6164379582
-52.3490500452
-83.9920863972
-83.9024767748
-83.3534499031
-83.7225206132
-83.817371908
-83.7313108467
-83.6558049652
-83.8640566061
-83.8475898458
-83.8075976217
-83.8049259471
-83.6605214076
-83.6652605015
-83.8119893235
-83.747494013
-83.8771059368
-83.7291162532
-84.0117494717
-83.7054706965
-83.700537742
-83.8888583438
-83.5737736376
-83.7819222326
-83.6073050216
-83.7213862571
-83.7321689995
-83.5039600427
-83.7075229734
-83.7335959219
-83.7832101758
-83.3637830678
-83.6934007515
-83.7464516319
-83.9152060702
-83.9251817965
-83.7121691363
-83.6856226604
-83.7220841875
-83.8727392729
-83.7908792662
-83.6652515347
-83.7397230496
-83.5968943173
-83.5932604499
-83.4584966571
-83.9334293529
-83.6716906004
-83.6069238956
-83.7063903283
-83.6938679887
-83.836241349
-83.8470725352
-83.6655533273
-83.808174917
-83.6957352212
-83.704297643
-83.8808922804
-83.6922022625
-83.7566637089
-73.0111937032
-83.6686939388
-83.6489600473
-83.7967603714
-83.9170213888
-83.8906586718
-83.4950712868
-83.9214118413
-83.6906492204
-83.6490346581
-83.6804505769
-83.7909636652
-83.6916893409
-83.513771036
-83.7129325737
-83.5969545311
-83.6286412901
-83.6366144958
-83.8452835416
-83.8835959391
-83.8848250359
-83.8833473451
-83.6993795234
-83.8481144085
-83.5702962584
-83.5616854294
-83.7488886608
-83.9323604643
-83.7023080203
-83.8794543425
-83.7491253299
-83.8507337509
-83.8120958384
-83.7951470561
-83.6193688065
-83.7467463326
-83.8172210644
-83.7174659857
-83.7830676847
-83.7841822309
-83.768970612
-83.7700360211
-83.7728291342
-83.5143654677
-83.8355218243
-83.6126146799
-83.6989845804
-83.8356187637
-83.8048600361
-83.8132561294
-83.6828221002
-83.7411138467
-83.7618962182
-83.9108849921
-83.7350222952
-83.8253436713
-83.7901398094
-83.6498679985
-83.6542015543
-83.6450965773
-83.6779550625
-57.5201830322
-83.5895519031
-83.8273422393
-83.6937208688
-83.8708394788
-83.9417989993
-83.8196653657
-83.6780018942
-83.4321282415
-83.6737880203
-83.5176771342
-83.653612885
-83.7650124967
-83.817064857
-83.4930866418
-83.7960237316
-83.8641333285
-83.7415908822
-83.5915253753
-83.7622837347
-83.6344950754
-83.6508977631
-83.8801739149
-83.7948096783
-83.6907320627
-83.8078015156
-83.5816654428
-83.8324446393
-83.6355892361
-83.5386662407
-83.7106245665
-83.7763978204
-83.8390608464
-83.8288259526
-83.9130090916
-83.8025091685
-83.72624045
-83.6183239337
-83.6440139565
-83.5127993487
-83.6527592867
-83.7034478918
-83.6437944721
-83.9509927308
-83.6893365693
-83.6718636925
-83.8871335346
-83.5971789704
-83.6839025968
-83.7388403807
-83.8611362689
-83.7891592146
-83.6675471946
-83.6587616323
-83.6620540837
-83.5642007998
-83.5515643587
-83.7158359129
-83.9128085915
-83.7300257909
-51.2627863791
-83.6410029257
-83.7153343135
-83.7324474745
-83.5651234111
-83.7201498072
-83.4961986453
-83.7289713931
-83.6064673871
-83.9925626717
-83.650983344
-83.8173695217
-83.661859126
-83.8538917739
-83.6288821874
-83.6971859136
-83.986138018
-83.5134725538
-83.7046727908
-83.8422744024
-83.6538475724
-83.911541217
-83.8494837295
-83.7344809185
-83.5864524648
-83.6771162139
-83.4962591421
-83.7022825946
-83.7559994788
-83.4301284785
-83.8608539686
-83.7969792219
-83.6526361766
-83.6606513533
-83.8785631261
-83.6924805138
-83.6291441403
-83.6427257017
-83.8558577991
-83.8177076595
-83.6635322344
-83.8555473809
-83.9733306842
-83.75572601
-83.6382913349
-83.8049481554
-83.7789453188
-83.7383959625
-83.9231178586
-83.6818562852
-83.6987439725
-84.021903818
-83.893675041
-83.792773328
-83.7538410584
-83.8099500601
-83.7249871078
-83.7742375299
-83.8216752405
-83.7494429115
-58.2365720045
-83.6317786102
-83.9028193216
-83.6279529732
-83.8184360124
-83.7050951975
-83.7700293713
-83.6611859121
-83.5675911991
-83.5979878003
-83.6391870028
-83.7313312005
-83.9050437886
-83.6224101627
-83.7438238259
-83.5781670214
-83.7228232958
-83.7789223738
-83.6393261668
-83.7404585286
-83.4979926613
-83.682735735
-83.635295432
-83.7131859978
-83.7252644236
-83.7376112431
-83.678257028
-83.929382812
-83.8120985792
-83.7866091963
-83.816018185
-83.8028302922
-83.7085538287
-83.6414739978
-83.7554017908
-83.5104746177
-83.9043865506
-83.6537275214
-83.5266386449
-83.9243065394
-83.8483350793
-83.9018004412
-83.7579819786
-83.7399760715
-83.6095271732
-83.7000405966
-83.6922025334
-83.7014720451
-83.7619999224
-83.6755460701
-83.6602129058
-83.7806766418
-83.6512675241
-83.6206945069
-83.792145497
-83.7521975825
-83.806291987
-83.6667519045
-83.7853608492
-83.8017770479
-83.8650135817
-72.9867607169
-83.5869621468
-83.5174960415
-83.8006924838
-83.7816949081
-83.6451454777
-83.7381628105
-83.7236798009
-83.7877175529
-83.6871879798
-83.7688439617
-83.6661886924
-83.8009040733
-83.6910068512
-83.3907938144
-83.6387797086
-83.6242307919
-83.6436650507
-83.6136065207
-83.6237540521
-83.7007204755
-83.8419048677
-83.7866519117
-83.711128299
-83.43909576
-83.812043677
-83.5710275094
-83.6819130504
-83.6413547112
-83.7837337549
-83.6926879565
-83.768524557
-83.7129914228
-83.7959680472
-83.6820096172
-83.6549293691
-83.5197537702
-83.7411184756
-83.6413140501
-83.6191993589
-83.699150368
-83.6709992562
-83.5515682247
-83.7298984531
-83.6807961129
-83.6582572418
-83.8195602172
-83.4696559754
-83.5971798289
-83.6055850306
-83.5903273529
-83.6403813568
-83.645662782
-83.7027757633
-83.6851194443
-83.6490403634
-83.8159197296
-83.6978311257
-83.7459257168
-83.6337609449
-52.845817665
-83.938594437
-83.6792931022
-83.6225401343
-83.981146654
-83.386660443
-83.8694179229
-83.6604092058
-83.6499328982
-83.4890379643
-83.9879848783
-83.8623331961
-83.793253171
-83.7867012781
-83.822531434
-83.6907897469
-83.6467834586
-83.6116799911
-83.4408665909
-83.5346843915
-83.6164298539
-83.6591627222
-83.7345015682
-83.6913744821
-83.6206702652
-83.9280337256
-83.8634584732
-83.8978948774
-83.7845674791
-83.7395793247
-83.6197310559
-83.6329793562
-83.7625072045
-83.7218522417
-83.7316396884
-83.6239534118
-83.819396252
-83.6306475296
-83.7936769505
-83.6033055241
-83.5230814063
-83.8832831656
-83.8740413012
-83.9169199533
-83.8662223451
-83.5179650313
-83.7181685174
-83.7406516666
-83.7331856876
-83.6331054667
-83.7695262129
-83.5776909267
-83.6797587713
-83.7659307577
-83.5057006682
-83.8568685293
-83.5644458086
-83.8529470758
-83.824541074
-83.7157640312
-52.6318613949
-83.7826430539
-83.5644169577
-83.5302924342
-83.7384429363
-83.7046012647
-83.7079799666
-83.7961868765
-83.8431352189
-83.5871732677
-83.7150890274
-83.7345008732
-83.8200779106
-83.8761721623
-83.917996217
-83.8599149251
-83.7233633754
-83.7325681093
-83.4787450746
-83.6156329655
-83.6951656474
-83.7478550431
-83.4467266343
-83.6518347216
-83.7089114795
-83.5067730771
-83.6096895276
-83.8371663348
-83.7849825246
-83.6895628301
-83.7419776649
-83.6703619093
-83.6782288751
-83.5909907188
-83.6344537006
-83.8022495286
-83.8095640969
-83.5681654593
-83.7726626575
-83.949037138
-83.819219451
-83.7535870598
-83.8686387648
-83.7414048189
-83.6820750897
-83.9180582022
-83.9062488065
-83.5835381233
-83.8449537524
-83.8309520239
-83.8569633223
-83.7685448171
-83.6036483258
-83.8909046004
-83.7513401507
-83.7537791849
-83.4261500198
-83.7885754233
-83.8053681614
-83.647250178
-68.4062030297
-83.8457446874
-83.5886271085
-83.7594696251
-83.7059850038
-83.8265576855
-83.6817825305
-83.6953066153
-83.643505203
-83.7070732441
-83.9152026771
-83.7226257575
-83.629752174
-83.5523459885
-83.602062787
-83.8407159694
-83.5912852277
-83.8356472517
-83.6970158013
-83.7397530567
-83.7238077703
-83.5887555897
-83.6391386095
-83.7208445732
-83.7759299024
-83.8143173871
-83.4876516355
-83.7818302352
-83.5558685366
-83.7244164348
-83.7905393203
-83.7524654421
-83.7951769093
-83.5003975773
-83.6156307493
-83.6957472883
-83.8971165363
-83.8877589593
-83.9331460524
-83.8840867915
-83.6312274678
-83.4459607726
-83.725090099
-83.7116197913
-83.7041656475
-83.6238572157
-83.8373299341
-83.7144189714
-83.9481960913
-83.7055893683
-83.4706901147
-83.7413016516
-83.7697541894
-83.592305971
-83.7763332012
-83.7510664192
-83.8215724619
-83.7032132737
-83.5411777748
-83.5628059851
-83.7631426861
-60.9866999485
-83.7192508564
-83.5522896418
-83.7205691924
-83.8414328673
-83.8820896967
-83.6371487061
-83.6847487748
-83.7423931679
-83.7964679269
-83.7863860109
-83.7173100641
-83.5962857009
-83.8571895388
-83.5339731839
-83.590982676
-83.5872640164
-83.5749275956
-83.9347369848
-83.7540403536
-83.7909299012
-83.8118535102
-83.6669786987
-83.5428347267
-83.6784298981
-83.7584299223
-83.7655345801
-83.8122118898
-83.7075985539
-83.549076847
-83.8431347948
-83.8190004375
-83.8901575543
-83.6154100085
-83.751431033
-83.6981461172
-83.7950575448
-83.7632389693
-83.6109049275
-83.7301883758
-83.7288788486
-83.6508170763
-83.6624409646
-83.7492933475
-83.6952838202
-83.5969832606
-83.6646894074
-83.4333390624
-83.5700262
-83.6277216758
-83.703765203
-83.6173715426
-83.6589963998
-83.6859270774
-83.7695346101
-83.7367546989
-83.476293313
-83.4921180054
-83.7043752698
-83.920578616
-51.3878726598
-83.6530655291
-83.6570475739
-83.8084157761
-83.7394616784
-83.7012103162
-83.8741003527
-83.581742223
-83.8908691665
-83.5287585731
-83.5603269651
-83.7742446354
-83.7453363265
-83.775752801
-83.7364425094
-83.5825959918
-83.5940653935
-83.6422324003
-83.9016008535
-83.6914796951
-83.8681367859
-83.7165516821
-83.5614865793
-83.7231808218
-83.6069606501
-83.8219781791
-83.3938204366
-83.6044244239
-83.5275036478
-83.7217062048
-83.8341609625
-83.9324516981
-83.4668312699
-83.7133557465
-83.8464931087
-83.8174211835
-83.9134502051
-83.4665528706
-83.4385036466
-83.7008698237
-83.629743443
-83.7316111767
-83.673683655
-83.7652721517
-83.7113855388
-83.6895898944
-83.8761473066
-83.7516938477
-83.6448348938
-83.7000116223
-83.5897085975
-83.6812825353
-83.6141552077
-83.7638783537
-83.655881269
-83.7932551364
-83.5967567434
-83.6442732462
-83.5124689265
-83.6433522812
-57.8564413166
-83.636624068
-83.7233190443
-83.9039839803
-83.8121538479
-83.8290245128
-83.6184091765
-83.6275953849
-83.8280239149
-83.7356121053
-83.7379249388
-83.5873737079
-83.6156459408
-83.7219061645
-83.6888142482
-83.723838756
-83.6684501442
-83.7513535222
-83.5200854826
-83.6579023754
-83.7137736229
-83.7478302445
-83.8802211906
-83.9282522536
-83.7803677796
-83.4610059662
-83.7401038542
-83.8847502706
-83.7162294964
-83.6105629338
-83.6169807586
-83.9284271049
-83.510169024
-83.8346916449
-83.8251195538
-83.7378675651
-83.7207207241
-83.6616520223
-83.7463969836
-83.5730312226
-83.8829323129
-83.6560423346
-83.6425153898
-83.7247813998
-83.7028983755
-83.7679976024
-84.000644667
-83.5377961453
-83.7368627905
-83.6697777421
-83.8230848776
-83.7926349754
-83.9247078957
-83.6486315762
-83.7279788569
-83.8132480908
-83.6406190484
-83.9120716834
-83.7127242583
-83.7657666737
-83.7707669488
-69.7157616164
-83.5045732939
-83.8235986055
-83.7424653517
-83.8341518804
-83.8540930034
-83.5828318926
-83.7481805589
-83.451693373
-83.965499144
-83.7562194689
-83.5737322319
-83.6383183981
-83.6107605076
-83.5005400798
-83.5927783772
-83.7013936532
-83.6139955658
-83.6036497614
-83.6947160338
-83.6641160144
-83.5568882545
-83.5601690585
-83.7611429609
-83.5332109194
-83.6585326934
-83.6791050328
-83.6260286339
-83.3475019276
-83.8772704844
-83.5887347266
-83.4835099931
-83.653888306
-83.6496177337
-83.7254527898
-83.5847309629
-83.8069528996
-83.7575433727
-83.4732658481
-83.760813605
-83.8388176538
-83.6465694952
-83.7196330963
-83.5106043385
-83.7795675624
-83.7326610678
-83.5743441437
-83.7858915388
-83.8344569892
-83.6131347042
-83.6967545802
-83.7150584026
-83.482793207
-83.9478132577
-83.4656886495
-83.6918133926
-83.4861656705
-83.5403386751
-83.6759492875
-83.8030233641
-52.6470409135
-83.8135717504
-83.8462651551
-83.5761146886
-83.6590611336
-83.6157647444
-83.7000526217
-83.9198255951
-83.6285260037
-83.7799129451
-83.6506728534
-83.6543127795
-83.547565499
-83.8417304584
-83.6675111622
-83.5580365868
-83.4154093838
-83.7885947662
-83.6851846402
-83.6784176019
-83.5220364854
-83.6731186374
-83.6276149572
-83.592516689
-83.8597220035
-83.5164342873
-83.7761927215
-83.8744787026
-83.7649190548
-83.8116982755
-83.8339496123
-83.7142655947
-83.6348197066
-83.7725857796
-83.6377581654
-83.7736179605
-83.540365297
-83.6546760711
-83.7431151618
-83.8809720656
-83.5995005102
-83.7507033693
-83.6934279616
-83.7283305389
-83.5760806518
-83.6824765909
-83.7417171621
-83.9198254331
-83.6625019418
-83.6088603176
-83.5741850081
-83.769575385
-83.8239964382
-83.9222450129
-83.4635938163
-83.7060321354
-83.6225597137
-83.7120877348
-83.6641660758
-83.59745915
-55.462939632
-83.9027640452
-83.6019972773
-83.6198566038
-83.7561672119
-83.7720970368
-83.8598103942
-83.7823560275
-83.6863233344
-83.7980261979
-83.8028783077
-83.9374667277
-83.8809286012
-83.764006043
-83.4431933297
-83.6209826702
-83.5014431388
-83.6207858904
-83.9143906598
-83.6734859159
-83.7142522979
-83.4392851073
-83.8933767439
-83.7300162954
-83.6325015976
-83.8405220165
-83.7172400158
-83.8512445136
-83.7385459985
-83.8100656801
-83.6144815112
-83.7533805211
-83.5127056108
-83.5441102515
-83.6662706557
-83.6796255532
-83.8082319904
-83.7736974667
-83.6984256433
-83.754063975
-83.750831727
-83.7700881089
-83.787251592
-83.5222607431
-83.6113095359
-83.633545194
-83.765250697
-83.5990894604
-83.6618313932
-83.7531693465
-83.8037747723
-83.640142765
-83.7429616394
-83.6031580486
-83.661597106
-83.7010335492
-83.8417864344
-83.5514811737
-83.4327708538
-83.7191394442
-83.0199740621
-78.616611024
-83.5239093282
-83.7798461679
-83.449021833
-83.8171340182
-83.7613829762
-83.823766076
-83.8983690443
-83.8948248474
-83.9433508547
-83.9628327509
-83.6122104916
-83.6652421645
-83.6577317071
-83.9148007074
-83.6313492909
-83.7038682521
-83.5601319249
-83.7147119209
-83.6931126034
-83.7455306978
-83.7650492411
-83.8293732916
-83.5855636358
-83.910968791
-83.5225584513
-83.3929045859
-83.6499696027
-83.6548415583
-83.515000684
-83.8688811633
-83.6694369597
-83.7596727152
-83.5454411694
-83.6111408588
-83.7628514162
-83.7474680383
-83.7063272791
-83.6729007019
-83.7917814161
-83.7287392337
-83.6009435267
-83.490527241
-83.7142701143
-83.6651308798
-83.6307851211
-83.6116438471
-83.6779003131
-83.8390787656
-83.719136592
-83.6268054203
-83.8252472298
-83.88338288
-83.5665226786
-83.8047724792
-83.8412583765
-83.6838502685
-83.723980902
-83.7057950855
-83.7724774166
-55.1979344469
-83.7298065676
-83.6453707622
-83.7135349387
-83.6632556546
-83.6349742093
-83.758394008
-83.7177073256
-83.6551580937
-83.7659812433
-83.7626717536
-83.729009847
-83.7498309489
-83.7635104381
-83.5396357395
-83.5497389245
-83.7868960866
-83.9284034633
-83.664589417
-83.6971418642
-83.8411111135
-83.8121955195
-83.6578916424
-83.8445534036
-83.7419183291
-83.6894738575
-83.6550889673
-83.7604616145
-83.8623279376
-83.5036095181
-83.8355116798
-83.7086345951
-83.7766900383
-83.3796597642
-83.7528999246
-83.6161944362
-83.7413207302
-83.4841130392
-83.4313063798
-83.5996374718
-83.6921263088
-83.579112403
-83.720037069
-83.8770697272
-83.7507248358
-83.485376774
-83.6390706631
-83.7068330464
-83.6640381306
-83.7482561842
-83.6430272025
-83.7212009921
-83.6622012264
-83.6790028782
-83.6395243808
-83.7327953432
-83.8733192443
-83.7440047085
-83.6565959589
-83.526921935
-51.8095353643
-83.6089607457
-83.2588378278
-83.7615404684
-83.5495137056
-83.8321641615
-83.6122178274
-83.7616752302
-83.8018671867
-83.6256689498
-83.6253057183
-83.658156111
-83.7097181687
-83.6196084664
-83.6789850925
-83.7670428872
-83.6764313236
-83.5887875629
-83.8708634573
-83.6865048504
-83.4609003793
-83.7603658913
-83.6375155618
-83.6069496204
-83.8097213998
-83.8356868978
-83.7359931382
-83.7333761857
-83.5914577529
-83.6307107703
-83.7107686586
-83.6000589889
-83.6374523819
-83.7931961943
-83.6409523699
-83.6505405295
-83.6179156843
-83.7300611707
-83.6533121724
-83.8264009292
-83.7709664658
-83.744480688
-83.5907399381
-83.9089899983
-83.7576678392
-83.738605819
-83.8954397748
-83.6556453274
-83.6809122035
-83.8431351663
-83.619882768
-83.7608060672
-83.7935973272
-83.5249788343
-83.6566493819
-83.6602036355
-83.7622645742
-83.6023175328
-83.6650747633
-83.7701155441
-67.8341658502
-83.7045200185
-83.8254092091
-83.6246856794
-83.8381954411
-83.4864318078
-83.6923084554
-83.6570653225
-83.6572355382
-83.7108056416
-83.7485756414
-83.7169262896
-83.6992215509
-83.6497332882
-83.7113825564
-83.7467343818
-83.8642677159
-83.7726231331
-83.8648360528
-83.7782489509
-83.7821346412
-83.8185850155
-83.5220436868
-83.7960670486
-83.6614971272
-83.8911544454
-83.6273936994
-83.7489732018
-83.7088702286
-83.7581517487
-83.7320131852
-83.662182346
-83.8636923285
-83.7287005617
-83.8331134974
-83.6095679886
-83.6431220649
-83.7787639532
-83.7015163461
-83.8291465713
-83.5662094783
-83.6433499849
-83.7555455264
-83.5244224171
-83.6389299883
-83.7050009743
-83.6293097657
-83.5108998687
-83.6852800971
-83.7322084715
-83.7158685963
-83.7119304917
-83.6306442557
-83.7665973947
-83.7342575758
-83.8051643309
-83.9004766429
-83.5810059777
-83.726136607
-83.737160918
-83.7854593793
-58.6728346145
-83.7902486308
-83.7492269868
-83.7833282723
-83.7141162703
-83.7669105505
-83.7516464721
-83.7573190697
-83.4820979561
-83.7796571439
-83.7463830715
-83.6993318547
-83.5510978385
-83.6061676882
-83.5705921146
-83.7474439445
-83.7373883061
-83.602540641
-83.6492943754
-83.7176259867
-83.6644843231
-83.7941613407
-83.8011162824
-83.7229865778
-83.5883521517
-83.5220033295
-83.6689864043
-83.8768309735
-83.6378298934
-83.7001271799
-83.6913367407
-83.8185158543
-83.6452925642
-83.6217583505
-83.7641223918
-83.7074623274
-83.9319330514
-83.5948882862
-83.5327067787
-83.7829946421
-83.8409070359
-83.5825950322
-83.6945597855
-83.7269505855
-83.9215401967
-83.550180085
-83.8152001807
-83.805094718
-83.733278877
-83.6663562772
-83.4664977422
-83.6987398851
-83.5540376654
-83.6940388325
-83.7242384104
-83.8987245133
-83.7452588111
-83.9072931783
-83.8131212804
-83.8708818178
-51.7943859448
-83.7477473579
-83.865774395
-83.8578382883
-83.7175125012
-83.6593859706
-83.748990097
-83.6760240606
-83.627300736
-83.7575679613
-83.7638705149
-83.8563190725
-83.6740636833
-83.7607599107
-83.6864976698
-83.6982588185
-83.8433622758
-83.8269576044
-83.6874334503
-83.7663093297
-83.5485008665
-83.767672903
-83.7074180086
-83.5780148364
-83.5643841456
-83.7767519554
-83.6073305263
-83.8550005977
-83.7808168142
-83.7838534451
-83.7828974758
-83.6678691894
-83.7444570372
-83.7477745826
-83.840801206
-83.546000281
-83.7520928186
-83.4851707856
-83.7153833151
-83.6756781317
-83.4666747464
-83.92245134
-83.5361168017
-83.68545811
-83.6571567259
-83.8625429374
-83.7520112029
-83.7347306691
-83.7353581469
-83.6925876915
-83.763036415
-83.7391881556
-83.7378007443
-83.790393161
-83.8320157276
-83.3693707615
-83.7955993026
-83.6445321348
-83.7509544522
-83.7096675203
-60.7150973941
-83.6935846822
-83.8362167989
-83.6949184391
-83.7381756346
-83.793397438
-83.6924314403
-83.5581097808
-83.5992448384
-83.9047869668
-83.9841802694
-83.7556469553
-83.5809221619
-83.7655096801
-83.6930129555
-83.7041184535
-83.8829123141
-83.8511443839
-83.6814557955
-83.6738684735
-83.7047159448
-83.8816305373
-83.6740648399
-83.3856030521
-83.7116084201
-83.5981083826
-83.8390309244
-83.7788254378
-83.7948292574
-83.6762301212
-83.7331800813
-83.7411034083
-83.6228561931
-83.7397918996
-83.615912215
-83.4414304018
-83.696043542
-83.7406185355
-83.754510459
-83.6518086318
-83.6984149433
-83.5472286418
-83.57074671
-83.7357541784
-83.6962158518
-83.7299211319
-83.7094841722
-83.7363786666
-83.6418847768
-83.8610383595
-83.7392397033
-83.7529556381
-83.7687990321
-83.8053929687
-83.3962987281
-83.5483631984
-83.6183463549
-83.7868292028
-83.7957574276
-83.8617672627
-83.6791461364
-62.3925409777
-83.932688553
-83.4982981512
-83.4546640929
-83.7834758826
-83.7758384014
-83.7311464082
-83.686817568
-83.5602564194
-83.8058336364
-83.6610332364
-83.6313728718
-83.6311906662
-83.9153866439
-83.6371714658
-83.6855532782
-83.7007145424
-83.660193647
-83.7517771785
-83.4743368993
-84.0012114505
-83.6078073447
-83.8278110408
-83.8641310346
-83.6864509572
-83.6838528621
-83.8145434518
-83.5688920936
-83.6744395252
-83.6853105291
-83.7247771288
-83.8516534215
-83.626502518
-83.8687716152
-83.4307900561
-83.8398036418
-83.7605499067
-83.704349405
-83.690966769
-83.6591188316
-83.7488134586
-83.5197918555
-83.713049017
-83.644050491
-83.5088751197
-83.8737461696
-83.6032811066
-83.7763932167
-83.5398854877
-83.7118405745
-83.626638496
-83.802379948
-83.6649574561
-83.6124078926
-83.6871777746
-83.7508580914
-83.5857335302
-83.6670752996
-83.7488666824
-83.5830748871
-51.3322057057
-83.756205468
-83.700754395
-83.6540503663
-83.818181665
-83.6951076007
-83.6696725219
-83.7687598164
-83.7707861309
-83.7471788176
-83.769764828
-83.6630732722
-83.7329936337
-83.7661112302
-83.6751181783
-83.5962340511
-83.9246672508
-83.7079477066
-83.4936124475
-83.6204100754
-83.6969170581
-83.8761020025
-83.6375990158
-83.5019416494
-83.7594905346
-83.6460875604
-83.7881055977
-83.775477027
-83.8847043529
-83.5718177846
-83.6134302335
-83.6134723231
-83.9783404633
-83.71985207
-83.5973730351
-83.4616668688
-83.8954114466
-83.5393771594
-83.6216042695
-83.84647828
-83.7584981407
-83.5417605905
-83.5979668244
-83.718113544
-83.6013835433
-83.8561490495
-83.6286850889
-83.6682970793
-83.687398358
-83.7191355451
-83.8210521772
-83.7614933313
-83.5789858205
-83.5676207088
-83.7728991639
-83.7468349572
-83.749461765
-83.4971579847
-83.6362576776
-83.8023110416
-53.5367785804
-83.6440363313
-83.7218199042
-83.7651974278
-83.5210003481
-83.8069605574
-83.6935007057
-83.7011831841
-83.806776246
-83.5960585973
-83.6576120649
-83.6973284599
-83.6969582964
-83.9232133278
-83.6502665065
-83.7879290055
-83.7901015267
-83.8145594878
-83.546710897
-83.8019502563
-83.6532857359
-83.7760336975
-83.6373188386
-83.566380384
-83.6876644402
-83.727952103
-83.7813123287
-83.6904903956
-83.6316437814
-83.7182696342
-83.8008719783
-83.4699104286
-83.7651924262
-83.7040372187
-83.8732259904
-83.7163895063
-83.663777007
-83.6595632182
-83.8861099641
-83.7082993117
-83.5750108733
-83.9081701417
-83.6243848651
-83.7691979943
-83.5009997636
-83.722677874
-83.8481750877
-83.827019541
-83.7050495451
-83.664150915
-83.63127257
-83.5622230421
-83.6575834998
-83.6812442024
-83.4753627024
-83.6133915673
-83.645743408
-83.7034381577
-83.7710147889
-83.9102852792
-77.286767633
-81.8273637005
-83.7275907286
-83.4577017067
-83.6677207818
-83.7516171303
-83.6772198689
-83.6864070196
-83.7880733371
-83.8038767137
-83.6886246883
-83.5591639134
-83.5472197116
-83.7444487757
-83.9247359716
-83.8380208733
-83.7371748998
-83.7053767649
-83.8236781532
-83.6635608873
-83.6071843821
-83.7859224187
-83.8627788446
-83.7210937889
-83.630401008
-83.7195735413
-83.731328128
-83.6520006813
-83.8126968362
-83.5463830394
-83.7459833002
-83.5069705946
-83.8098008644
-83.5990270508
-83.6825047025
-83.6550848763
-83.5068279675
-83.6852171722
-83.4952122881
-83.7514483529
-83.9296786672
-83.6330366675
-83.6096347985
-83.8028964082
-83.7283475576
-83.7190729309
-83.5555932855
-83.4578727217
-83.7534996022
-83.7252731816
-83.8276929525
-83.4950066436
-83.8007235065
-83.6349137753
-83.367779453
-83.8432685049
-83.4879048187
-83.7018992802
-83.7221991505
-83.6719855405
-83.7411344551
-54.4515321663
-83.666418286
-83.7652004289
-83.674770367
-83.7329817567
-83.7563062046
-83.6155372808
-83.7886333257
-83.7079978825
-83.7650540746
-83.6984749715
-83.5746467614
-83.7470321983
-83.7247846199
-83.8514565327
-83.7663790904
-83.903093671
-83.6983894366
-83.7112994333
-83.5997843172
-83.6987743517
-83.7441982397
-83.6165906052
-83.3904677315
-83.9194943472
-83.6684045478
-83.6187360344
-83.6771226426
-83.8080642718
-83.6323112041
-83.7814478476
-83.6000040545
-83.5861049029
-83.6330783597
-83.5891771015
-83.8918829125
-83.7878009325
-83.8170428908
-83.7253357853
-83.597988404
-83.8048476454
-83.6284470646
-83.8038556888
-83.5409492104
-83.7147849317
-83.8614921204
-83.7218074011
-83.6033090889
-83.6540942652
-83.8307078413
-83.7857891757
-83.8532410169
-83.7928810185
-83.5070941349
-83.7115452754
-83.714655384
-83.7930238217
-83.7490966715
-83.7059251873
-83.7413868002
-52.3366310597
-83.6388056845
-83.6726366413
-83.6737333282
-83.4911757906
-83.8343816119
-83.708013347
-83.6024591425
-83.7101382643
-83.739424441
-83.7448351956
-83.6624039992
-83.5679588368
-83.6737756778
-83.6293658333
-83.4191651244
-83.7126057466
-83.8205420935
-83.8075511076
-83.8534785443
-83.6109388561
-83.74849104
-83.6750886891
-83.6834871582
-83.7091238109
-83.6912924807
-83.7040094494
-83.7056979366
-83.6848882786
-83.8261623725
-83.6899169462
-83.8912071246
-83.6558428081
-83.7102451602
-83.6860547094
-83.5035652665
-83.7086781702
-83.7020441355
-83.5716958638
-83.7603016643
-83.6949075438
-83.9441207393
-83.7073721494
-83.7763032002
-83.8169238079
-83.7307351769
-83.7383127815
-83.5930985115
-83.7095758984
-83.7686140645
-83.5742340119
-83.7761855774
-83.7044261476
-83.5941419801
-83.6397928914
-83.8834230306
-83.712247592
-83.8827880176
-83.7318308643
-83.7331322638
-72.8890304356
-83.459251878
-83.6087133059
-83.5979444264
-83.7100298736
-83.7721976258
-83.5697472329
-83.635851473
-83.7307685583
-83.8028052776
-83.5842556695
-83.5920367029
-83.6917557756
-83.771296229
-83.860506543
-83.7905827377
-83.729359294
-83.5075851902
-83.6779175597
-83.7529205418
-83.6810795011
-83.5262456053
-83.704837546
-83.6339080819
-83.7229983066
-83.728158767
-83.6024420778
-83.6825012403
-83.8693719556
-83.8125399183
-83.5985839883
-83.7062016996
-83.8599104728
-83.781594588
-83.4224873982
-83.6644960275
-83.7847819731
-83.6281181753
-83.8154196726
-83.5358584964
-83.7316844283
-83.6651804706
-83.7616207527
-83.6539233176
-83.6948833108
-83.5703369406
-83.703152318
-83.7412427225
-83.8152996333
-83.6740204262
-83.7360798905
-83.6092281881
-83.8353329045
-83.8543941976
-83.5759919307
-83.7549734246
-83.6826292871
-83.5236603781
-83.725848452
-83.9641456275
-83.6654254738
-59.9120332493
-83.4309634752
-83.5491162076
-83.7625276418
-83.7457498205
-83.8002906649
-83.6606747864
-83.6667598399
-83.5804776396
-83.500549428
-83.5685130395
-83.7753882758
-83.4931856767
-83.559281003
-83.778760633
-83.6158406178
-83.6028947325
-83.7339543354
-83.7025616117
-83.4734683349
-83.6825724928
-83.7930869038
-83.7352446576
-83.7301781735
-83.6001459569
-83.7055403362
-83.8837759083
-83.8583666223
-83.5225861514
-83.4681708994
-83.7435158608
-83.6539093813
-83.5861491734
-83.5368931572
-83.8934581401
-83.6964337057
-83.6178997478
-83.5130098465
-83.7241883856
-83.7112122938
-83.8392777315
-83.574384866
-83.6010761428
-83.7727305362
-83.771089334
-83.7618405074
-83.5666660268
-83.5371738028
-83.6373423973
-83.6352054509
-83.7773196925
-83.7008529822
-83.5318987357
-83.8365657483
-83.7146416373
-83.6473940225
-83.6725724363
-83.7184821657
-83.6435462747
-83.6870096576
-50.7470634206
-83.8260683558
-83.6945115528
-83.7380187882
-83.7562656325
-83.66935657
-83.8378312016
-83.7005062026
-83.8032680477
-83.5586835706
-83.7962579712
-83.6630631632
-83.4948340696
-83.5321031807
-83.7098717964
-83.6194340688
-83.7620794083
-83.4939825611
-83.791222573
-83.553372566
-83.7672890844
-83.8456277722
-83.5433536744
-83.7435948439
-83.7193315621
-83.9291825631
-83.8050736856
-83.5357740715
-83.5387335042
-83.7544393683
-83.7368767769
-83.3847709296
-83.7243566079
-83.7295678255
-83.7110479474
-83.6887934625
-83.755747157
-83.6444152426
-83.6294155087
-83.8187976591
-83.6513437416
-83.7447357114
-83.5188727346
-83.7587563511
-83.6005435999
-83.4959621725
-83.6236255042
-83.7128038061
-83.6707884131
-83.6934049088
-83.7203831654
-83.6411410857
-83.816563507
-83.7146610065
-83.7541278528
-83.6243423576
-83.8317699256
-83.7682641258
-83.6145762441
-83.8497498553
-63.3692767041
-83.5756466363
-83.7335495542
-83.6433368466
-83.6297905096
-83.6561387812
-83.3148161716
-83.7224121768
-83.7120845298
-83.8227836158
-83.7838718351
-83.6472502412
-83.4896395473
-83.6779092692
-83.7252342486
-83.6173792342
-83.4760004297
-83.5954541164
-83.7172092953
-83.5985112317
-83.773367731
-83.7833959837
-83.8145788653
-83.6623596655
-83.7427152479
-83.6594254046
-83.7244560693
-83.6712146619
-83.8614771168
-83.6961065734
-83.6856012857
-83.6462967439
-83.7195040807
-83.7641562937
-83.6645135922
-83.7890475376
-83.651461442
-83.6263896946
-83.7644033104
-83.5278656401
-83.8187386801
-83.8193425221
-83.3654429413
-83.5528912725
-83.728790318
-83.8130742783
-83.7461473579
-83.6595309099
-83.5598570009
-83.6982128228
-83.7426058971
-83.778995494
-83.6934715986
-83.7399073306
-83.7021919881
-83.7065036553
-83.893792329
-83.5653399373
-83.7596915988
-83.7658678514
-83.6963431498
-83.7649351801
-83.4618730109
-83.7016555437
-83.6910026773
-83.5830370036
-83.7643997803
-83.7521157544
-83.5593174501
-83.6125168154
-83.8135461301
-83.6717341245
-83.4203327833
-83.702873047
-83.5180146571
-83.9231193188
-83.4683075162
-83.6449894901
-83.6617004736
-83.6279950815
-83.5642215119
-83.5970815243
-83.7265346233
-83.5472049893
-83.5106814562
-83.812210992
-83.7746840897
-83.7523606336
-83.7495857407
-83.5454010888
-83.6312389957
-83.640290372
-83.8197045813
-83.7415299088
-83.6939660504
-83.5893532611
-83.5558918868
-83.6114438794
-83.8394421439
-83.6600578909
-83.8057486809
-83.7063018605
-83.6798555142
-83.7100870637
-83.6112158556
-83.7151283367
-83.745535249
-83.6667791143
-83.6226859901
-83.6282401959
-83.7801298074
-83.7375553108
-83.5872783983
-83.7752842358
-83.709864931
-83.9045641791
-83.5775794205
-83.518108014
-83.5663827768
-83.7159921273
-83.5664594468
-83.6808735932
-83.6951591951
-83.5508476453
-83.6638065886
-83.8189660747
-83.5946351054
-83.775792921
-83.7262323172
-83.6805220255
-83.5900406334
-83.2736365677
-83.6448252347
-83.6247953762
-83.6944792832
-83.7598753541
-83.8514100423
-83.6471447983
-83.7259243929
-83.843639048
-83.6641551382
-83.5336898061
-83.7536461456
-83.8666892319
-83.7286681691
-83.6854104211
-83.552542893
-83.6296250965
-83.6045849623
-83.7774721149
-83.6114451424
-83.9022100643
-83.654372106
-83.6945709677
-83.6776598736
-83.6750342126
-83.6219752364
-83.3997943678
-83.6178642093
-83.7508147571
-83.5556161298
-83.5266491116
-83.5916976886
-83.4864272441
-83.6792036055
-83.7138009478
-83.6187801007
-83.7624856649
-83.4380234317
-83.7354034979
-83.6575449023
-83.6380378069
-83.5702428323
-83.3791762321
-83.6795924434
-83.6314988645
-83.5365161588
-83.714690744
-83.4931491421
-83.6381120662
-83.3977638029
-83.7480817683
-83.7371647153
-83.7700673474
-83.7459046409
-83.7007578923
-83.6455130027
-83.6624712931
-83.5124969352
-83.8106685607
-83.7941922966
-83.6311701176
-83.6917129372
-83.6889446935
-83.7934363012
-83.7257770549
-83.6366254375
-83.7918798701
-83.8363859814
-83.6478239002
-83.7144287973
-83.514496327
-83.6905689878
-83.661874545
-83.7858197919
-83.8400422039
-83.5680964688
-83.6918165415
-83.7436305443
-83.5971771273
-83.5362726874
-83.6630930711
-83.8200007611
-83.5843403308
-83.890390924
-83.9057703939
-83.5481402088
-83.678976911
-83.6617051063
-83.7663574523
-83.554568291
-83.4687585644
-83.6288214561
-83.7751862244
-83.5473512755
-83.5639920194
-83.5543843103
-83.7054090289
-83.60501706
-83.5583251022
-83.6814372116
-83.8809283153
-83.7150898419
-83.7577581887
-83.6376927706
-83.5330047217
-83.5167009007
-83.692115445
-83.874673579
-83.4415883961
-83.72835033
-83.8127014472
-83.7122741755
-83.6818083956
-83.6680418772
-83.7547306016
-83.5963415277
-83.7622227953
-83.7866134226
-83.6324328245
-83.7368800747
-83.8400833469
-83.7639789042
-83.8076933011
-83.3688681645
-83.7014134793
-83.6487140346
-83.4475537066
-83.7425606755
-83.8386876029
-83.7366178193
-83.5904052356
-83.8277059021
-83.8112905853
-83.5276263444
-83.782649677
-83.7303589324
-83.570308083
-83.7068376636
-83.6171452533
-83.6988295199
-83.8199946142
-83.6564010877
-83.7713123047
-83.7608432543
-83.6652875236
-83.6193978128
-83.8460979903
-83.667289053
-83.6247444626
-83.6782414302
-83.6287806518
-83.4738969783
-83.7613584212
-83.5704627932
-83.7710187082
-83.5688741143
-83.5372110914
-83.7839542877
-83.6760575559
-83.8128018127
-83.5924754287
-83.671031149
-83.8693479738
-83.6297469136
-83.9503142805
-83.7273328649
-83.8460404544
-83.4449894885
-83.4914601589
-83.7291374512
-83.8290187092
-83.4281736601
-83.5847735388
-83.5129160761
-83.6457666334
-83.6232233069
