-83.8575692984
-83.9524331704
-83.7788270667
-83.7016091671
-83.8069385005
-83.8117443392
-83.7426337024
-83.7337842717
-83.7100699124
-83.7981848198
-83.8059968355
-83.8806234017
-83.6678223694
-83.8436860046
-83.826682155
-83.6638780791
-83.7932353407
-83.6783063769
-83.7191198743
-83.7634629358
-83.6263239695
-83.7316392977
-83.7728174706
-83.9279793957
-83.6914307164
-83.6671689584
-83.8161910972
-83.7074184756
-83.6928755461
-83.851798896
-83.9027410475
-83.4712854331
-83.700127298
-83.5272072586
-83.8851253249
-83.852242563
-83.7632351559
-83.967935812
-83.7551886818
-83.7513697003
-83.5977265594
-83.7962955642
-83.6899095175
-83.8747740962
-83.8300386169
-83.7262950678
-83.9104807798
-83.8207121306
-83.9474036169
-83.8022632727
-83.9279310844
-83.7769782189
-83.681552267
-83.6709240763
-83.8817235673
-83.5252058506
-83.5544943957
-83.9271405189
-83.7337929679
-84.0448296091
-83.7738241582
-83.7748379978
-83.9347022161
-83.7316324902
-83.7147462285
-83.6531963709
-83.987566628
-83.8042483131
-83.7516611782
-83.72129389
-71.3876226678
-83.6516979937
-83.6744436274
-83.6815127723
-83.8074104025
-83.767447909
-83.6725877381
-83.7946212668
-83.7276646201
-83.8089589579
-83.8638685212
-83.6808947334
-83.7897690426
-83.6883829652
-83.8818096913
-83.722340952
-83.7884130563
-83.7484728638
-83.8046570888
-83.8129613214
-83.7123944427
-83.7873502462
-83.6077538104
-83.7354448612
-83.7530999327
-83.6162442338
-83.8842811153
-83.7186202234
-83.6199701881
-83.7506625849
-83.6957039525
-83.759998788
-83.6600930387
-83.851794768
-83.876541349
-83.56140387
-83.7075441921
-83.8781628124
-83.6769393846
-83.784897586
-83.8399751655
-83.8308552361
-83.6991002828
-83.5192593891
-83.6605462974
-83.7456246575
-83.5880544198
-83.6317407398
-83.6284808401
-83.5751028724
-83.5870840462
-83.7321225424
-83.8320666149
-83.8770967558
-83.7528598356
-83.9610523881
-83.6895086374
-83.6997564453
-83.9931189891
-83.7977526249
-61.9730450155
-83.8313542404
-83.6048575362
-83.6202680456
-83.4145823755
-83.6139780425
-83.7556511739
-83.7068287671
-83.8533131209
-83.5988733955
-83.7805943682
-83.6506915067
-83.6292426481
-83.7764119167
-83.929693441
-83.6356074058
-83.572765121
-83.6641579376
-83.7590751416
-83.8021326594
-83.6138499061
-83.7898845663
-83.7640968749
-83.9787993923
-83.8114930685
-83.520043688
-83.7198011797
-83.6242759246
-83.6891115717
-83.8029768799
-83.5840943645
-83.8464402372
-83.6033501972
-83.6361261923
-83.8264768248
-83.83077707
-83.8883578444
-83.5481796704
-83.6356586047
-83.8351354919
-83.6757655626
-83.9457873582
-83.6942665365
-83.6538344427
-83.5835971987
-83.7266052961
-83.8703446122
-83.7553974918
-83.7576018576
-83.506647816
-83.617264514
-83.9136145536
-83.7508410628
-83.7703155576
-83.7041112587
-83.6713843694
-83.6685716316
-83.64507992
-83.7444022831
-83.6311622515
-69.6523551003
-83.5326345403
-83.7360938577
-83.6921997696
-83.770205727
-83.8279736101
-83.6573490573
-83.4952634472
-83.9356618299
-83.5352350261
-83.6561309133
-83.7311206893
-83.7766758302
-83.6886899899
-83.4993535206
-83.7593557177
-83.7832045216
-83.6687784071
-83.6850611266
-83.6800932276
-83.5263014703
-83.3904619977
-83.7657465655
-83.6084868037
-83.8190080952
-83.6214924502
-83.6179843631
-83.5425406995
-83.6618109324
-83.7218155827
-83.7242100991
-83.4887001253
-83.7260018406
-83.6168233176
-83.6826021601
-83.8835334043
-83.7184305073
-83.4704212901
-83.6403104962
-83.672507843
-83.8177056685
-83.7735492344
-83.7937536133
-83.5013789375
-83.7526962293
-83.8532676319
-83.7033452206
-83.7398610421
-83.6526567043
-83.8288211773
-83.6917019617
-83.603237801
-83.7532103343
-83.7739434948
-83.6862241833
-83.8100949175
-83.8091403604
-83.7563606058
-83.553040598
-83.7449445741
-83.8956238314
-60.8596759276
-83.7954978849
-83.5779727436
-83.767426574
-83.8462608591
-83.6444328578
-83.6917613772
-83.6033341237
-83.6353450909
-83.7695280077
-83.4560725203
-83.6508459835
-83.730441993
-83.6081462541
-83.6003020742
-83.7261983775
-83.6375837487
-83.6474914077
-83.8462020065
-83.7349825006
-83.4791781487
-83.6606217487
-83.7856279065
-83.7316125413
-83.6338479052
-83.5958096035
-83.6712865769
-83.7716497804
-83.8188702383
-83.6922527057
-83.7349538602
-83.5741925385
-83.6608068945
-83.4494165874
-83.7112090896
-83.6762450274
-83.7796865458
-83.7964122332
-83.7762793133
-83.842893795
-83.874881029
-83.5597329134
-83.7082982424
-83.7384141172
-83.8109111275
-83.5679961654
-83.7068005276
-83.6221655648
-83.4685192974
-83.5531763053
-83.5431248403
-83.473224094
-83.6674609772
-83.7589783818
-83.7321562938
-83.7795313187
-83.6649748101
-83.7107105692
-84.0160969149
-83.7543328703
-54.2288696377
-83.7304782563
-83.6476347135
-83.7653451927
-83.7152183217
-83.5974818096
-83.6588740526
-83.839331193
-83.6651481628
-83.8341041344
-83.727371925
-83.5398688837
-83.7138908592
-83.8007211538
-83.7380878411
-83.7034968118
-83.7458885264
-83.8863434558
-83.6682128956
-83.5464637102
-83.735117531
-83.662852658
-83.5059989813
-83.7341795508
-83.7257922461
-83.5771790645
-83.7115720837
-83.6697867742
-83.7950529379
-83.6933983166
-83.7764680181
-83.7758315318
-83.7595005228
-83.783141641
-83.6780706782
-83.6903669595
-83.8158892918
-83.7226699023
-83.502886691
-83.8014906704
-83.8150579439
-83.5378522336
-83.8366690934
-83.852128347
-83.5537190226
-83.6546521341
-83.6167921868
-83.8894993336
-83.7155545778
-83.7596210418
-83.7384699622
-83.7201377208
-83.5109625174
-83.9061833483
-83.7435966297
-83.6197607002
-83.8094744861
-83.5503659813
-83.63002485
-83.8587919927
-77.3197591228
-83.7687558182
-83.5515740857
-83.6872583606
-83.5810338039
-83.6289590781
-83.8590830871
-83.6857370344
-83.623720022
-83.8115036751
-83.852369552
-83.935577712
-83.7068924477
-83.5533331872
-83.6041951717
-83.7845258445
-83.7426587181
-83.7365680739
-83.8858384614
-83.612581076
-83.7882674086
-83.6198312798
-83.7854869406
-83.6637375729
-83.9341606352
-83.7433874355
-83.7880900978
-83.7242331784
-83.6380611235
-83.693908641
-83.7071095269
-83.7860815337
-83.6841980373
-83.8061021308
-83.7476520494
-83.6569156326
-83.9872937302
-83.7565226735
-83.9133522852
-83.7380136298
-83.7957845662
-83.8012983779
-83.7052781305
-83.7353286752
-83.7113920632
-83.5402505318
-83.5557884475
-83.7522911412
-83.3466468403
-83.7044377778
-83.757370652
-83.4989547791
-83.6831873495
-83.6570471065
-83.7874212422
-83.6278799408
-83.7463296203
-83.471954831
-83.6784436622
-83.8057858075
-83.7142380766
-83.4237633333
-83.8460366622
-83.6266499271
-83.5324465079
-83.5801789716
-83.9546341151
-83.5586438851
-83.7355152687
-83.727468892
-83.6756497402
-83.7380799301
-83.6404811207
-83.5529739342
-83.7552369779
-83.6562222473
-83.7804361164
-83.7210001346
-83.5990806928
-83.5138333204
-83.8279192624
-83.5971117676
-83.926320701
-83.9015629393
-83.8194492505
-83.5932787443
-83.668112533
-83.7058193275
-83.7569453292
-83.7878150411
-83.6292940952
-83.5636556033
-83.6510443656
-83.8516046259
-83.5916526151
-83.5799314142
-83.7716843869
-83.7027483893
-83.7356716373
-83.7105775759
-83.602317658
-83.6644303863
-83.7714178761
-83.9148130154
-83.6853442537
-83.5917087296
-83.6709225239
-83.6883901031
-83.5456694928
-83.4606458844
-83.7395445478
-83.8921645522
-83.5712748305
-83.4471746912
-83.7401899788
-83.7873059809
-83.6715463428
-83.6059298704
-83.6626842173
-83.6423558965
-83.5190329882
-70.0757949974
-83.7713243345
-83.4873551554
-83.6040842499
-83.695490832
-84.0852681188
-83.6074446231
-83.6724673899
-83.5979008916
-83.7296518492
-83.6367891855
-83.7226622345
-83.6101625115
-83.6312594482
-83.7021048373
-83.6728668312
-83.7867556795
-83.6719446059
-83.5736934062
-83.8078905232
-83.7796287819
-83.8345634469
-83.9162075097
-83.5576718151
-83.7177577238
-83.6190900748
-83.7634052336
-83.80791173
-83.7203291943
-83.6879204503
-83.6720059214
-83.7563851103
-83.7645563525
-83.6594771325
-83.6246905201
-83.8514057111
-83.6803028616
-83.7853652806
-83.8770431225
-83.8855268656
-83.6929786441
-83.7889378164
-83.7121999072
-83.6990434729
-83.6463026178
-83.6634607744
-83.7899712278
-83.598303506
-83.5501132286
-83.7834679519
-83.5569341938
-83.7307383592
-83.7048115643
-83.5758604704
-83.7465412168
-83.7840902883
-83.7136817603
-83.5571958247
-83.746021278
-83.6901738398
-58.0866911824
-83.8181150145
-83.7331401397
-83.6925577794
-83.5678793562
-83.55192499
-83.7772593719
-83.567894979
-83.611410433
-83.7823324678
-83.6129234061
-83.6027785662
-83.5280115873
-83.6686103717
-83.7545784257
-83.7497121186
-83.7898174533
-83.8853763372
-83.7952423999
-83.9260288971
-83.4654217098
-83.7633794985
-83.6801311517
-83.8010876812
-83.795814715
-83.7071107349
-83.8180827129
-83.7175884601
-83.451786822
-83.6276194132
-83.7575955877
-83.7788517462
-83.7207777429
-83.6817304015
-83.6300872665
-83.6773271664
-83.8224016075
-83.4178834591
-83.5770941282
-83.8537467192
-84.018947617
-83.7157195438
-83.6589163899
-83.6535367499
-83.819415183
-83.7138795156
-83.7579765862
-83.6207798716
-83.4755543986
-83.8336008415
-83.692119433
-83.8641756008
-83.8075303895
-83.6731519201
-83.5424875238
-83.6322278299
-83.8071782578
-83.8269463184
-83.6585201612
-83.5133888596
-81.5974710474
-74.7943317496
-83.6607426371
-83.6282262902
-83.771498047
-83.7218203159
-83.6974833941
-83.4476133463
-83.5623626595
-83.7060230013
-83.7215469182
-83.7595792876
-83.609130481
-83.5657964826
-83.5631842455
-83.6954317758
-83.6404553235
-83.5102597911
-83.6513355919
-83.6446708866
-83.4664652205
-83.8576238465
-83.7530745469
-83.9359969281
-83.7052120453
-83.8908285936
-83.6933568343
-83.8547297399
-83.7519323081
-83.8888288762
-83.7796656964
-83.536118526
-83.694485591
-83.6779156193
-83.585903051
-83.5715008037
-83.6704528638
-83.671220493
-83.7712732271
-83.6517193082
-83.774157756
-83.7883846992
-83.8061397392
-83.7702868143
-83.7639890579
-83.6162346104
-83.6121448907
-83.6038181779
-83.7818499755
-83.5960838774
-83.6297466113
-83.6679859934
-83.6549127335
-83.4256670467
-83.5861863819
-83.6146765126
-83.5510893538
-83.576165982
-83.6330052789
-83.6793212427
-83.5383659059
-56.9187856859
-83.5558901518
-83.5261123201
-83.6125649228
-83.7924926956
-83.9478063051
-83.749896325
-83.6967342606
-83.5115127429
-83.7491523367
-83.5716042027
-83.8429867433
-83.4722648084
-83.7352251226
-83.7091651202
-83.4866972233
-83.50497486
-83.5681867155
-83.686100475
-83.8193760043
-83.7995203039
-83.4708479793
-83.6619852461
-83.748315564
-83.6678354179
-83.5693719562
-83.5154439173
-83.6722822194
-83.7864812312
-83.6897562686
-83.6337732972
-83.617290051
-83.5673041557
-83.5516403333
-83.6934559515
-83.350147727
-83.689768907
-83.6354344472
-83.8171816548
-83.8097779784
-83.5736900422
-83.7657835443
-83.798445483
-83.6004942772
-83.6817600601
-83.5812185042
-83.7008708285
-83.6547589292
-83.887503422
-83.7366976227
-83.5141255657
-83.7022724115
-83.6492254428
-83.5722903336
-83.6663465415
-83.5192092744
-83.7550957787
-83.6165584657
-83.6206537062
-83.8214418687
-55.6610739602
-83.684217747
-83.7128135811
-83.612147448
-83.6603251334
-83.7007551733
-83.605870604
-83.5171690667
-83.6543556152
-83.6781393306
-83.6458123884
-83.5084597392
-83.6650886171
-83.5706167634
-83.6247086949
-83.6550815452
-83.6683111863
-83.6320281366
-83.7281468503
-83.6892185366
-83.5989526776
-83.9062108468
-83.4940377043
-83.4471626769
-83.5988112605
-83.7556975543
-83.800246103
-83.5824796929
-83.5873429307
-83.5430648824
-83.4219271638
-83.7635920244
-83.7113196256
-83.6851181266
-83.76354363
-83.6021502644
-83.6763056199
-83.490022601
-83.7048882987
-83.7763589477
-83.6237183632
-83.823005028
-83.9594119378
-83.6968346029
-83.7905628154
-83.5268860127
-83.8297691281
-83.7299023967
-83.5127419572
-83.7583696982
-83.7070651461
-83.8142020868
-83.6495838122
-83.8211874165
-83.7589833196
-83.89493319
-83.6253008993
-83.6985080919
-83.8575091371
-83.6642151545
-83.2560051064
-80.382520035
-83.6373700594
-83.6226289369
-83.4405246259
-83.6662330114
-83.6772597638
-83.6295618221
-83.787983425
-83.5963083143
-83.7828092032
-83.5927632509
-83.6363560285
-83.8670784016
-83.8111161295
-83.6959627349
-83.6997703472
-83.7437953541
-83.4833699351
-83.6680282946
-83.5746213512
-83.5988237101
-83.7255291371
-83.4726740418
-83.574381846
-83.7249499682
-83.7651214123
-83.6128156487
-83.7974223765
-83.7223868055
-83.8243599606
-83.7101607201
-83.7270057393
-83.6274384242
-83.7386929477
-83.7821762732
-83.7816793102
-83.5549494304
-83.7770686622
-83.7336724951
-83.7758375115
-83.5972676979
-83.837738471
-83.7768496
-83.7191307643
-83.6858861593
-83.7002173541
-83.7414732432
-83.7068551271
-83.4977225651
-83.689388392
-83.716616027
-83.7443406887
-83.5885947547
-83.4360883078
-83.6986405792
-83.7558520153
-83.6680057134
-83.761212334
-83.7060097639
-83.6769328974
-56.6393179695
-83.608380747
-83.776180605
-83.8099331279
-83.8430317852
-83.6467121436
-83.779776965
-83.764912671
-83.5920672015
-83.7448924827
-83.5625737805
-83.4242734328
-83.4757434743
-83.8319432288
-83.6011974107
-83.6739618064
-83.6845791756
-83.7597985092
-83.5886947762
-83.5585301435
-83.8191208819
-83.8241912166
-83.4936385593
-83.5583561
-83.7560292945
-83.7058757137
-83.7018675597
-83.6593519764
-83.5029598482
-83.7896359331
-83.503654788
-83.6703729375
-83.7134922107
-83.6319208612
-83.8094561056
-83.6794631833
-83.6411915694
-83.7015729845
-83.6575754947
-83.7057156956
-83.8250796746
-83.784593012
-83.6620620362
-83.8342785259
-83.5920657001
-83.5176286243
-83.6207046623
-83.50012061
-83.5243768872
-83.5564202558
-83.7153488387
-83.4935551126
-83.8210338563
-83.8209244573
-83.6197995363
-83.5982635364
-83.6238491924
-83.657428013
-83.835346354
-83.6349757802
-54.448174395
-83.7113101174
-83.7439002387
-83.6940479682
-83.6457666212
-83.4515641809
-83.6323098338
-83.7354175519
-83.6283303266
-83.724073298
-83.7271999075
-83.8210690722
-83.635519762
-83.7336158547
-83.8118039755
-83.7087110696
-83.8393654264
-83.6699756215
-83.5648427948
-83.7492319754
-83.5908363134
-83.6824791893
-83.830063972
-83.8618818548
-83.6635905905
-83.4942015557
-83.6648660634
-83.6455430763
-83.6656395201
-83.6744384377
-83.5948682677
-83.710966167
-83.702970602
-83.7451966339
-83.7188205477
-83.8183500826
-83.8736592055
-83.4894423481
-83.7154272037
-83.4312672483
-83.7348984095
-83.3884791078
-83.8613234614
-83.6434528125
-83.5328774816
-83.7039228678
-83.5320571492
-83.3961550383
-83.5513221405
-83.8817317765
-83.7735538576
-83.8293421419
-83.7960059797
-83.4874775588
-83.8931284695
-83.5972445352
-83.6169802294
-83.5914348386
-83.6700604613
-83.4334134193
-83.6280098167
-74.0773782802
-83.8794873118
-83.5593593122
-83.6919645584
-83.6578418869
-83.5503881024
-83.8766475431
-83.7843017628
-83.8420752784
-83.8035766453
-83.748897386
-83.7385555272
-83.6477560326
-83.7536253353
-83.8360980894
-83.5974812526
-83.8326872271
-83.5549472645
-83.6307550721
-83.7216696094
-83.6623641466
-83.7145398121
-83.6407560948
-83.5999784436
-83.5876658624
-83.717407005
-83.6814471653
-83.5128552275
-83.6863110557
-83.7733425695
-83.6706534025
-83.6354217489
-83.7493648083
-83.5305520325
-83.6643917822
-83.4447137987
-83.7705607885
-83.7954869231
-83.5677919302
-83.5428551504
-83.5370953618
-83.8216712308
-83.4796244017
-83.6688059889
-83.7919943806
-83.626243001
-83.6548343278
-83.5794268464
-83.8977913479
-83.6562761822
-83.7669059946
-83.6292658254
-83.776611583
-83.652359351
-83.8627187364
-83.6847548279
-83.5604374569
-83.8156233107
-83.8061559527
-83.4924365743
-51.0949932257
-83.5631828658
-83.6123367636
-83.5929426665
-83.7102134849
-83.7504500178
-83.7424995226
-83.7750881896
-83.735951084
-83.8688862778
-83.7279447452
-83.7435135546
-83.6919761935
-83.7337643511
-83.7429206933
-83.681059919
-83.7718989378
-83.8051109662
-83.9179921817
-83.6335618337
-83.8733334298
-83.7257979159
-83.9442972865
-83.6052664968
-83.7962740637
-83.6527399252
-83.5085620001
-83.6803241756
-83.7003038807
-83.7207619877
-83.866196045
-83.6458297819
-83.521702347
-83.8993098476
-83.6231156265
-83.5950713158
-83.6001776034
-83.7169172462
-83.5725256
-83.5270530422
-83.6203433868
-83.6807635053
-83.7959865395
-83.9313755858
-83.7853097096
-83.7425791207
-83.718757332
-83.574901383
-83.5654569756
-83.6592412463
-83.718672337
-83.6289851631
-83.6030970824
-83.7444663603
-83.7212199122
-83.689613411
-83.521579197
-83.5803974847
-83.7387927746
-83.7311611384
-54.2714564832
-83.7318585611
-83.6811434773
-83.6520650904
-83.7181747463
-83.6381422215
-83.8353372904
-83.7606194588
-83.7179597637
-83.9161522616
-83.7569087265
-83.713943563
-83.7363270596
-83.6179606378
-83.8512208224
-83.87988969
-83.5411152549
-83.7165650646
-83.6407764025
-83.8237575651
-83.6368720298
-83.7094286945
-83.7281931224
-83.9240916855
-83.7644030192
-83.5054293214
-83.7134314993
-83.6627242977
-83.6783767119
-83.7984810535
-83.5259324439
-83.5442279227
-83.7259332802
-83.7479408205
-83.6298002419
-83.7184849333
-83.6140323782
-83.5428005978
-83.704145257
-83.7336833163
-83.7942614942
-83.7175118643
-83.6321002371
-83.9162494069
-83.7599838753
-83.739617346
-83.8711937148
-83.7227045892
-83.5826393769
-83.5546176428
-83.5415022085
-83.7631751148
-83.6835310612
-83.8254771696
-83.6551140611
-83.6196032203
-83.6055960983
-83.7137553125
-83.6652226903
-83.6949908622
-83.434425154
-67.3440418011
-83.774358556
-83.4329603368
-83.7496906065
-83.6984902455
-83.8444167965
-83.6800037441
-83.9808280319
-83.7545377299
-83.8582762824
-83.6641327039
-83.7824404573
-83.588657417
-83.7533823387
-83.5286863388
-83.645067495
-83.6876937773
-83.8982547068
-83.7761455253
-83.6683634142
-83.7099018652
-83.7162025729
-83.6690988237
-83.6117965518
-83.8023021547
-83.9116271306
-83.5227322531
-83.6073168004
-83.8030478069
-83.7014511765
-83.8940185374
-83.8299486583
-83.7653312094
-83.7646543624
-83.9378915564
-83.5393919798
-83.603900923
-83.9317932455
-83.5126119289
-83.6223757533
-83.5362185412
-83.5348291301
-83.6895781022
-83.6545377491
-83.7535662841
-83.6231689911
-83.5944434942
-83.7307074912
-83.5914129897
-83.8122404342
-83.6266300587
-83.8163900115
-83.630668295
-83.6870528421
-83.5511927072
-83.7989756509
-83.6056958658
-83.7747512973
-83.7756142408
-83.7223469094
-50.6827936948
-83.6292204111
-83.6136034785
-83.4968533629
-83.8157567765
-83.7030370968
-83.5123633202
-84.0258533804
-83.6686250806
-83.5548070124
-83.852881424
-83.7166246035
-83.7011560421
-83.6963734907
-83.5097965597
-83.4518525361
-83.8416640483
-83.8173966896
-83.7069984738
-83.617444586
-83.6888252532
-83.6982958095
-83.4762058415
-83.5427748437
-83.7741402783
-83.6729307855
-83.728157153
-83.7127439863
-83.45569586
-83.5871099654
-83.7909666809
-83.7319146756
-83.6872884079
-83.6237516271
-83.7205736384
-83.603102249
-83.6473672829
-83.6116257758
-83.5821272369
-83.5870275678
-83.8334375281
-83.5479596083
-83.7842203731
-83.6143158216
-83.7575447708
-83.826681605
-83.6379697769
-83.7675152127
-83.7831991203
-83.5348547403
-83.6838878513
-83.6631175242
-83.8297306626
-83.6230598932
-83.6201461086
-83.4764931446
-83.7308870687
-83.8360073768
-83.6313641627
-83.4768644216
-54.4736833307
-83.8477564885
-83.7439391517
-83.8471686647
-83.3708420743
-83.7920568322
-83.4181726711
-83.651554246
-83.552687503
-83.9126160721
-83.8333306242
-83.3908934843
-83.5015229826
-83.7566901818
-83.6912924638
-83.7597987002
-83.6803325317
-83.5059748922
-83.8438653164
-83.7783629876
-83.8794664383
-83.7282980183
-83.7514570942
-83.6377976786
-83.6004209267
-83.695583699
-83.6028198578
-83.7876122667
-83.5006164887
-83.5134495172
-83.759306158
-83.5916820399
-83.485428539
-83.578429365
-83.5581210011
-83.5764206631
-83.5911646604
-83.6788987377
-83.5454854369
-83.7416747064
-83.6003276726
-83.7318717603
-83.7256458589
-83.825791751
-83.6416575719
-83.6163703986
-83.6424508672
-83.6218913455
-83.3525369126
-83.5728884429
-83.7506803099
-83.7118787326
-83.7015522608
-83.5741499534
-83.7537643865
-83.6255501193
-83.5965009415
-83.6870488287
-83.8179451108
-83.4951743775
-83.6857610482
-70.0761493859
-83.6685743787
-83.444027296
-83.7483477705
-83.6840681122
-83.9058724727
-83.7933562912
-83.5569716711
-83.7421789781
-83.7656959918
-83.7776656706
-83.7734143545
-83.7501683979
-83.7528286717
-83.5982369809
-83.7791002597
-83.7373460958
-83.5084829418
-83.6177446526
-83.6548242846
-83.8117987451
-83.6256611756
-83.8659970931
-83.5623628748
-83.812956221
-83.6950213768
-83.5485710183
-83.7339841661
-83.7310461562
-83.7914505573
-83.5725969496
-83.7710800759
-83.6168781619
-83.6314275682
-83.7826513917
-83.5899299145
-83.7084599903
-83.5727990202
-83.7996505532
-83.49729908
-83.6651219725
-83.7918865063
-83.7424704849
-83.5230996059
-83.6059890555
-83.7441275191
-83.7582273447
-83.8247652614
-83.6807878773
-83.744945487
-83.6590848122
-83.643218438
-83.752549562
-83.5946030902
-83.5848634875
-83.5849395213
-83.6618674162
-83.3158048062
-83.816069816
-83.6553697224
-51.6820819393
-83.7826886762
-83.6145651381
-83.7053196391
-83.5802085661
-83.6206322104
-83.731542564
-83.6674870452
-83.7403558991
-83.6335346832
-83.7534337212
-83.734320202
-83.7109254729
-83.8321982807
-83.8016758486
-83.7245364819
-83.6402908337
-83.7621027719
-83.8202992292
-83.7059063466
-83.8407138239
-83.4092200447
-83.6137874786
-83.6048386074
-83.4845703225
-83.725781769
-83.6940315676
-83.6659346129
-83.817907911
-83.6873400526
-83.9290086996
-83.5988941371
-83.7408479544
-83.8200796128
-83.8002850162
-83.6864024752
-83.5355977132
-83.7602988726
-83.5147626752
-83.577575901
-83.5586643751
-83.7669257026
-83.6382368114
-83.8890653925
-83.7308179628
-83.7224190678
-83.65106017
-83.6969784914
-83.5842755535
-83.7991270586
-83.4837762143
-83.7398841671
-83.8301524218
-83.7508481829
-83.6326663184
-83.7665936906
-83.8272592515
-83.8115099483
-83.5871987804
-83.6864330469
-58.2019157828
-83.9030327413
-83.4596455389
-83.5723458883
-83.7691645599
-83.9269403526
-83.8945451612
-83.6922948094
-83.6203686935
-83.5958727278
-83.9759429875
-83.6748250615
-83.7782358999
-83.7405317144
-83.7067869125
-83.5760194166
-83.6406618542
-83.7213192625
-83.638568177
-83.4929618193
-83.7247916774
-83.7097663941
-83.8920717895
-83.7547480062
-83.5435027198
-83.8895383085
-83.6191240639
-83.7512616261
-83.6749983784
-83.7740428328
-83.7762033725
-83.6902147178
-83.7797584862
-83.7713255122
-83.741450254
-83.8129241225
-83.9888712017
-83.5245802297
-83.7411930831
-83.4718905201
-83.7626517399
-83.7607589747
-83.6318935798
-83.7113052341
-83.7270514387
-83.6761290668
-83.6947528658
-83.8836929074
-83.5610059469
-83.7538269834
-83.5493409644
-83.8184329432
-83.6763409782
-83.5150268617
-83.213747656
-83.9015609705
-83.688406604
-83.5477531666
-83.7185959534
-83.7537999339
-83.8979700792
-67.6610345713
-83.7057707589
-83.8402914886
-83.7712286987
-83.6795817687
-83.7388387578
-83.8065851677
-83.6650319809
-83.689717992
-83.5048897772
-83.9430904126
-83.8108382003
-83.7396846472
-83.8413775615
-83.7168198279
-83.5874582017
-83.7358200145
-83.8753014078
-83.7100064061
-83.7703808763
-83.9064295446
-83.6665592829
-83.7394970798
-83.6330006124
-83.6007187468
-83.5959078473
-83.5904649874
-83.7700667284
-83.7211660717
-83.5540323093
-83.6985664664
-83.6861377708
-83.6415080945
-83.6542249689
-83.486935181
-83.8888232966
-83.5835231648
-83.5690216245
-83.5110365991
-83.5670092454
-83.7269274124
-83.6513014381
-83.6729434107
-83.7137889106
-83.6680805877
-83.7225925281
-83.8832029661
-83.7896870534
-83.7206596612
-83.4862690893
-83.8568542007
-83.7330582302
-83.9508893012
-83.8223679947
-83.5069684376
-83.6596696074
-83.8206019627
-83.7797958376
-83.85522623
-83.9182365491
-53.9517959868
-83.7458338189
-83.7623010205
-83.6568299887
-83.667044453
-83.5865971985
-83.5562013797
-83.7718361452
-83.7880578807
-83.7555653001
-83.7676276847
-83.5263016584
-83.7444089954
-83.6065942793
-83.5430084249
-83.7620220556
-83.5725800322
-83.4541429408
-83.5929270429
-83.7483146535
-83.6664658672
-83.6302127938
-83.7223843532
-83.5972925613
-83.6257212669
-83.7248575361
-83.6595795839
-83.6879832632
-83.890608799
-83.992192372
-83.7608903134
-83.5812279253
-83.5563421291
-83.6832780363
-83.614826347
-83.7114871307
-83.5807156985
-83.655956042
-83.8539934333
-83.7832077244
-83.638252569
-83.3497280204
-83.5978284745
-83.5393283147
-83.5011114437
-83.6744660726
-83.4575687662
-83.7716457346
-83.6578407139
-83.7460598483
-83.7096540377
-83.6186997965
-83.5860304708
-83.7252327911
-83.7620544658
-83.7945739699
-83.3801392543
-83.7339664765
-83.6046470795
-83.699995082
-58.8562294853
-83.8592065255
-83.4797090419
-83.6263162567
-83.6410145001
-83.7489247074
-83.6698064471
-83.7417380602
-83.6599650781
-83.5197376683
-83.575204162
-83.6796285639
-83.729975179
-83.661243325
-83.7773830404
-83.8757056735
-83.5774745191
-83.6403081286
-83.6581293065
-83.8679088141
-83.9045218507
-83.5836232229
-83.6885002778
-83.6645538178
-83.5719632572
-83.7098967407
-83.7397534447
-83.7155204122
-83.6584689648
-83.5928545254
-83.5286798113
-83.5225828485
-83.7129217705
-83.7530087105
-83.7852831147
-83.739341396
-83.7502470871
-83.6668601912
-83.7519317587
-83.6186244111
-83.6807191792
-83.5829070967
-83.5155555214
-83.6845613361
-83.6755142514
-83.62932587
-83.7644562704
-83.6432976642
-83.4273831181
-83.6035989592
-83.7985124812
-83.7545922818
-83.6864082016
-83.6782478293
-83.5968450605
-83.7449363084
-83.7343697062
-83.8949747339
-83.6813041811
-83.8586499113
-83.8230023623
-64.5257387104
-83.7427312649
-83.7609474745
-83.6942846411
-83.8041832873
-83.6996176862
-83.6500518658
-83.8672541289
-83.7994762335
-83.7337217926
-83.5664377805
-83.849623504
-83.6359258397
-83.5497918248
-83.7848382636
-83.6922248825
-83.8406586668
-83.6711874561
-83.6623035141
-83.7465239418
-83.8579223102
-83.7061825799
-83.6599045788
-83.6610406082
-83.6614262409
-83.6554324954
-83.5484595867
-83.8728834099
-83.694742509
-83.9413453024
-83.7050979458
-83.638831477
-83.5854573819
-83.723994473
-83.7154646291
-83.7403930036
-83.773750542
-83.4399186826
-83.7171878166
-83.7554937091
-83.7562794685
-83.560372887
-83.7291222834
-83.7179105627
-83.6728681948
-83.5596098126
-83.6274482569
-83.7479144133
-83.785476218
-83.7968263518
-83.8697439506
-83.7956852624
-83.6944749196
-83.7579709143
-83.8898511214
-83.8178767165
-83.8451460094
-83.711572364
-83.5996507338
-83.5589979986
-51.0011484171
-83.6248548636
-83.6830407147
-83.4786238343
-83.6262118372
-83.7785186605
-83.6660716769
-83.6728188514
-83.8495201152
-83.8321184346
-83.5521524565
-83.7524809592
-83.7598324035
-83.5161705541
-83.5562986412
-83.610562057
-83.450291122
-83.5552020809
-83.7316765877
-83.5849799344
-83.8191619417
-83.639561147
-83.7751050357
-83.8665154863
-83.7205558453
-83.709428332
-83.770453111
-83.7838563699
-83.6953773389
-83.7059332123
-83.8327864817
-83.7809483934
-83.4559713456
-83.7295729501
-83.7952264146
-83.7286148794
-83.9101760866
-83.7938563663
-83.6840201226
-83.7896874203
-83.8066265537
-83.6994565332
-83.6961433275
-83.7078944451
-83.6942058808
-83.7799011615
-83.6298045126
-83.5756327507
-83.8703237301
-83.5776904329
-83.7641448131
-83.5034520989
-83.8055302504
-83.7958566777
-83.8119587842
-83.7094350654
-83.7969863283
-83.5060489202
-83.4987369206
-83.7892192533
-60.110800786
-83.5870684356
-83.4587337835
-83.6095487671
-83.6920190058
-83.6253486468
-83.7281237954
-83.6463118037
-83.7374329975
-83.9188224062
-83.6595813917
-83.3624568094
-83.8155050935
-83.621652023
-83.7284083426
-83.7587871931
-83.5504337579
-83.8753901634
-83.7096719533
-83.6818685253
-83.6638220762
-83.8262190922
-83.875615079
-83.5337829553
-83.5613193919
-83.7570039973
-83.7037608952
-83.603163671
-83.6586152193
-83.6018390942
-83.8140199802
-83.5912498978
-83.7252680965
-83.7913759686
-83.7066251468
-83.5971808671
-83.6009591868
-83.5402419936
-83.5766439753
-83.6800825391
-83.8403474158
-83.9276564813
-83.7433572427
-83.664986436
-83.5096004725
-83.8557834016
-83.5949554731
-83.7612802789
-83.6913488888
-83.6938162807
-83.7037611118
-83.6542346877
-83.7283134312
-83.6338509887
-83.7261612435
-83.7893036904
-83.7825517784
-84.0327045893
-83.8105724828
-83.7027866106
-83.6922799639
-62.3697953538
-83.5915489535
-83.7491158599
-83.5826333152
-83.5924141359
-83.6454723661
-83.6222963507
-83.6525591774
-83.7841545725
-83.8866747906
-83.6693886459
-83.6119271177
-83.5963715776
-83.7059490938
-83.7227571335
-83.9569357841
-83.6253615101
-83.782077159
-83.5833391798
-83.6462668034
-83.5813365171
-83.6464409676
-83.7293743615
-83.6603856739
-83.4433236006
-83.6505567393
-83.6092326825
-83.7227520171
-83.5200626867
-83.5485774754
-83.6733843326
-83.6732137631
-83.6755678996
-83.6752793339
-83.7710512345
-83.487630967
-83.6631344398
-83.5040398508
-83.6920392657
-83.7401298712
-83.5483143082
-83.6913767794
-83.6040291733
-83.5401038395
-83.6763520054
-83.8035144963
-83.5423113909
-83.6412121085
-83.6067577299
-83.7339992905
-83.8649919926
-83.5673585367
-83.5743057459
-83.7430657591
-83.6562564452
-83.7581671795
-83.5334509881
-83.7020082811
-83.6814351729
-83.7444718478
-52.0096943364
-83.536635551
-83.5864504858
-83.7038817364
-83.830325166
-83.7341958979
-83.7874197278
-83.5178649604
-83.7169102295
-83.6337476152
-83.656332235
-83.8103954169
-83.6468380562
-83.6599102356
-83.6916481624
-83.5906515964
-83.6684815047
-83.5008713003
-83.6575621367
-83.412518298
-83.7113735368
-83.6857012057
-83.7334291924
-83.907046192
-83.6206864267
-83.7215926834
-83.9314663781
-83.747612997
-83.7476446736
-83.7889050873
-83.64392982
-83.7000208987
-83.806216455
-83.5751525085
-83.7233769062
-83.7092053033
-83.6735057143
-83.582321351
-83.7399745476
-83.7191176418
-83.7234546905
-83.7645407471
-83.8135869871
-83.7988568883
-83.8789717399
-83.8108020948
-83.6810151056
-83.6786854311
-83.5475559748
-83.6734451572
-83.8858020499
-83.5163858992
-83.5617747313
-83.519743746
-83.7185497921
-83.548284864
-83.6589349129
-83.7749911575
-83.6165596927
-83.8982101553
-64.1117490482
-83.7309735828
-83.7390631346
-83.6058628937
-83.6266895789
-83.5919701324
-83.7574751626
-83.6722902277
-83.5652703602
-83.7094913935
-83.5525124197
-83.3769121184
-83.7074596408
-83.6593640417
-83.6540406876
-83.7029402142
-83.5814844752
-83.5464889898
-83.6109643509
-83.6601590449
-83.7190890202
-83.6762661886
-83.5262038948
-83.5620878703
-83.5098847906
-83.7608867089
-83.7343701362
-83.5880241517
-83.4886041909
-83.7440276095
-83.7065445468
-83.556840382
-83.8773304179
-83.6728946075
-83.8429682109
-83.9092907456
-83.9085916787
-83.6331558973
-83.7055438052
-83.7330475093
-83.7174929092
-83.7346774183
-83.6875429295
-83.7744836925
-83.6768482047
-83.7700324212
-83.9393238465
-83.8264214016
-83.6962079812
-83.6944806039
-83.7239718408
-83.6594958506
-83.587069107
-83.7128030014
-83.7969853257
-83.7568065704
-83.4601800294
-83.870608847
-83.6574510362
-83.5834263244
-83.5888189189
-61.9794782274
-83.6986936341
-83.8969445499
-83.8766308168
-83.7876021699
-83.5737336809
-83.8653016191
-83.7057118118
-83.421354462
-83.7144878322
-83.7186138608
-83.6379668928
-83.6336751332
-83.5551185507
-83.9078702928
-83.7005310584
-83.7668351803
-83.7513303352
-83.8422181284
-83.6629786845
-83.4462893207
-83.7709086557
-83.699332564
-83.7193265738
-83.7214670883
-83.4710297039
-83.7583357278
-83.5189617342
-83.673230947
-83.6561065273
-83.7534074072
-83.8509762374
-83.8395958056
-83.675036041
-83.7717111614
-83.6758758288
-83.7571022582
-83.7542754186
-83.6716707545
-83.6675827491
-83.747784524
-83.6945001567
-83.7125813295
-83.7262341489
-83.5872970503
-83.6628199382
-83.6754768914
-83.5830822299
-83.5841517452
-83.6519912481
-83.8181749681
-83.7862901698
-83.6461524671
-83.654443571
-83.5362608379
-83.9140662195
-83.7784266917
-83.6535515561
-83.6384324176
-83.8125730934
-52.6594820483
-83.7750713305
-83.7593767786
-83.628140858
-83.6270035192
-83.5718982477
-83.7873105864
-83.7833247791
-83.7774551085
-83.9254694467
-83.7667026619
-83.5384578302
-83.52400544
-83.6952608401
-83.7359147316
-83.7329119825
-83.5796986812
-83.5269073448
-83.5570851253
-83.8292990265
-83.6925324079
-83.6163529367
-83.6663155097
-83.7731705127
-83.5232689047
-83.7785500576
-83.8686731766
-83.6402224338
-83.5872903403
-83.6522257796
-83.579077373
-83.4093496656
-83.70078541
-83.8769447443
-83.7675488781
-83.6030559546
-83.8316623569
-83.4990280797
-83.8378403765
-83.8066050106
-83.6075290409
-83.4871767143
-83.7186573495
-83.7210127086
-83.5051546031
-83.8887692985
-83.5630901108
-83.6657759449
-83.7508463115
-83.5986385525
-83.7602287218
-83.8683066823
-83.735631614
-83.7454927789
-83.4786410801
-83.7195906061
-83.7975947927
-83.6624356905
-83.6732903923
-84.0062224346
-66.4078654695
-83.7649555572
-83.8269071606
-83.5191288177
-83.5332366985
-83.6641353896
-83.5760437429
-83.4084588706
-83.8038888091
-83.7533574935
-83.8169173527
-83.9896741096
-83.9090237313
-83.8379232118
-83.7775201778
-83.4481598299
-83.5917769305
-83.5973085308
-83.7382806657
-83.7750249522
-83.6581453142
-83.6709836878
-83.9387105559
-83.7965184027
-83.6374738378
-83.6862520389
-83.7632505101
-83.9114106048
-83.6244232827
-83.4686891793
-83.8210951457
-83.8484951545
-83.7446212803
-83.7121157226
-83.7243964307
-83.6635770942
-83.7396149818
-83.8440254859
-83.7558111123
-83.6998633818
-83.5780704629
-83.5935641259
-83.6605590386
-83.6535045602
-83.7649173273
-83.7010555131
-83.7060334439
-83.7843037719
-83.6226169941
-83.5555488532
-83.7774777223
-83.7828631343
-83.8874673879
-83.6223717327
-83.4398326644
-83.6745442214
-83.6253584353
-83.712994633
-83.6556274065
-83.5775281765
-83.7473432547
-58.4098615584
-83.5380260543
-83.5563140127
-83.6523846398
-83.6859688156
-83.7712265684
-83.7283457003
-83.6911848734
-83.8109184893
-83.7872646725
-83.7947821315
-83.725266871
-83.7588528999
-83.746192311
-83.8088619617
-83.7713819999
-83.6293024074
-83.6955099839
-83.6357958436
-83.6428304705
-83.5258364062
-83.6648918975
-83.6623524734
-83.7339800509
-83.6295076644
-83.7196114283
-83.8575013038
-83.7342844602
-83.7714513639
-83.7558190944
-83.8217613448
-83.7963245334
-83.605660912
-83.7270440494
-83.5796944158
-83.7468751629
-83.7743579497
-83.6929004833
-83.6465511189
-83.3279807317
-83.7376624103
-83.6315467639
-83.7586115551
-83.2203793918
-83.6493738965
-83.9397717137
-83.8265284347
-83.6830726629
-83.7086338949
-83.6227126677
-83.5101006535
-83.8217717924
-83.912393938
-83.5302394862
-83.7009752005
-83.8336522207
-83.4284083433
-83.6527823701
-83.6714229691
-83.3030866567
-51.6358091349
-83.4102991417
-83.7179428251
-83.5873037719
-83.8696871245
-83.6504545581
-83.7892604322
-83.6910786186
-83.7751456028
-83.6113952294
-83.741060137
-83.564451273
-83.7817931367
-83.5483312468
-83.4783187976
-83.5986327503
-83.6863904733
-83.6859027956
-83.8538071909
-83.5990897924
-83.6517384066
-83.8179603806
-83.7198614896
-83.7802459579
-83.7855030424
-83.5098878353
-83.7336662088
-83.7677260251
-83.6075605413
-83.842863878
-83.6685845563
-83.545987808
-83.6853632589
-83.7980031491
-83.6829563579
-83.6524546511
-83.7592911575
-83.743583399
-83.7184859351
-83.6854521401
-83.8381816618
-83.4573039054
-83.7885722096
-83.5948388217
-83.4460184348
-83.7326186527
-83.6945953022
-83.7044510152
-83.8262639808
-83.8688261358
-83.5179885499
-83.6067593247
-83.6617658565
-83.5869161197
-83.5549911565
-83.763235554
-83.7656188002
-83.5871880244
-83.6448686923
-83.5350950587
-68.1696580142
-83.6310227285
-83.6966029144
-83.7604506652
-83.518676213
-83.5590424723
-83.6241512489
-83.7463811248
-83.6783024233
-83.7797149363
-83.8826779148
-83.8004048204
-83.7385376867
-83.7808527348
-83.7025092921
-83.7915618631
-83.7320837921
-83.746174617
-83.755314813
-83.8687482221
-83.8824440682
-83.8119723986
-83.8195340533
-83.8772276337
-83.7705445341
-83.6210244008
-83.6391478631
-83.4110687096
-83.6183424424
-83.7253409662
-83.5603406758
-83.6204043285
-83.7437051935
-83.483869563
-83.8439799156
-83.5681473763
-83.5875465471
-83.5659465374
-83.7946340242
-83.7300196187
-83.7302292322
-83.5920150263
-83.8353362892
-83.6516558241
-83.7706082973
-83.6178082823
-83.7082088833
-83.7035381799
-83.8198754815
-83.564733095
-83.6891187752
-83.5934434797
-83.6892995191
-83.6378711819
-83.7908952267
-83.8381928918
-83.6415082212
-83.8114653424
-83.6287590737
-83.6954979963
-83.8252129433
-57.2414311462
-83.5599009799
-83.7179668527
-83.6682038874
-83.6831174277
-83.5141773651
-83.7720466065
-83.7937926128
-83.7585631599
-83.5627659504
-83.4900592457
-83.6626578012
-83.7198936863
-83.5959605212
-83.7681843097
-83.5560618651
-83.5968747332
-83.6341413394
-83.6731143685
-83.750068521
-83.618632174
-83.8604374149
-83.7073005493
-83.8762368877
-83.619733065
-83.6971687492
-83.5484845435
-83.6544846093
-83.7131203938
-83.4646458378
-83.6898673895
-83.7141486249
-83.9529759759
-83.6383405669
-83.6766917484
-83.7705849441
-83.5135889446
-83.6853965437
-83.8476368126
-83.4708245125
-83.7689304134
-83.8124597383
-83.7878918766
-83.6302396201
-83.7169175192
-83.6383376281
-83.8448209763
-83.6619825433
-83.4967013528
-83.7310824677
-83.8226679386
-83.7388025084
-83.7315739775
-83.7325751303
-83.747786544
-83.6485457399
-83.8584093999
-83.6687424807
-83.7075790573
-83.758250285
-52.6175001646
-83.5898920344
-83.7035807245
-83.5817205069
-83.6985692967
-83.9485273913
-83.4937043846
-83.5777551189
-83.6785880162
-83.914045377
-83.7897822075
-83.861790344
-83.8036947327
-83.7328588815
-83.7800290449
-83.5862426075
-83.486873216
-83.6361431253
-83.9069483411
-83.8004275742
-83.5886302727
-83.7546736047
-83.8086307438
-83.9090495771
-83.604363329
-83.7963723631
-83.7583304359
-83.7329496981
-83.7271627727
-83.8705977469
-83.9380742622
-83.6792825751
-83.661204176
-83.7550056674
-83.7462343553
-83.7004154384
-83.6428365093
-83.7774715698
-83.7908297043
-83.8261376096
-83.61722497
-83.8781896933
-83.6555674871
-83.8295485082
-83.8196092204
-83.3989940316
-83.5624764344
-83.6767237477
-83.5607437982
-83.9822598589
-83.6969926672
-83.8208053218
-83.6184431123
-83.7757910786
-83.6782994389
-83.4988766913
-83.6288650647
-83.7569081049
-83.6883469752
-83.6941694437
-71.7476149225
-83.6618604564
-83.7172890694
-83.5730252157
-83.8469530474
-83.6192739706
-83.747416964
-83.9349359002
-83.5787930417
-83.9446610112
-83.6617493466
-83.7578312559
-83.6777537188
-83.5841377938
-83.6916761724
-83.4907637971
-83.6495640927
-83.7481016317
-83.655379737
-83.6463119856
-83.5448677477
-83.8093196174
-83.7241725889
-83.5123171241
-83.761809442
-83.6643453415
-83.6942683376
-83.6027345384
-83.7204069209
-83.6153791754
-83.7838369475
-83.7152107291
-83.7042538697
-83.6236031319
-83.8854809489
-83.6560377955
-83.6219903004
-83.7147687112
-83.7077954101
-83.7204840601
-83.71164224
-83.7079442771
-83.5698499844
-83.8118216648
-83.5358142885
-83.9343078104
-83.7122590223
-83.6879181857
-83.7991745585
-83.8283559817
-83.4569524091
-83.6788965114
-83.6089464105
-83.715008545
-83.5968829558
-83.7309071563
-83.7086957687
-83.6500561157
-83.6473163907
-83.7180477482
-83.6732792784
-74.7603685766
-83.4698440422
-83.7269320017
-83.8083178769
-83.7296388292
-83.7478850362
-83.6519189502
-83.8648044884
-83.7882124338
-83.8331829531
-83.6840606955
-83.7753382382
-83.4811722061
-83.5561596203
-83.7172801506
-83.7677126881
-83.7311394862
-83.8065755787
-83.641155189
-83.6986831647
-83.5623973998
-83.8002251691
-83.681043122
-83.6718234782
-83.8038661768
-83.6991343123
-83.7647065372
-83.722306952
-83.5546715783
-83.9222288647
-83.7056278517
-83.5991100115
-83.6337129435
-83.5435905116
-83.5788316108
-83.7218050324
-83.6663162462
-83.5248365642
-83.8601537291
-83.6336835029
-83.5557396075
-83.6503232512
-83.7284598211
-83.7700820637
-83.7173887104
-83.5896678937
-83.7186967744
-83.7280579591
-83.541890184
-83.7040359402
-83.5798107802
-83.5210750721
-83.6867456454
-83.3176593868
-83.6806862584
-83.682454221
-83.778208425
-83.6871412556
-83.7083000324
-83.8727049455
-52.8827011157
-83.9249333449
-83.6605606308
-83.6015885285
-83.7370875218
-83.5260400343
-83.8998065589
-83.6701050837
-83.8301604255
-83.6668560461
-83.6804885401
-83.6144888007
-83.9145252158
-83.9183905768
-83.5000722925
-83.628247574
-83.3774663592
-83.6604055708
-83.6433878994
-83.8206995287
-83.7135875328
-83.722203679
-83.65742482
-83.6961254766
-83.7239279859
-83.6806556453
-83.8010821141
-83.7852131502
-83.7555341549
-83.7195886281
-83.7508708677
-83.8046688826
-83.6390697313
-83.7356473688
-83.6095522963
-83.7562518565
-83.6525196504
-83.7800770549
-83.8028553654
-83.4444111069
-83.9090868072
-83.8473000089
-83.8298981549
-83.8619573208
-83.5908703981
-83.8979325782
-83.5916165804
-83.6472068668
-83.5558602574
-83.6739377965
-83.7180466776
-83.5841948095
-83.6345878813
-83.7851298985
-83.7574341392
-83.930699854
-83.7855026587
-83.6465223058
-83.7044042458
-84.0073687722
-55.2389697806
-83.5861490342
-83.6954210366
-83.5718123959
-83.7464192878
-83.9311248975
-83.7465916861
-83.8245348671
-83.6463158913
-83.7979289052
-83.7335509532
-83.6872926455
-83.7097459656
-83.6966825411
-83.8968945294
-83.6268671415
-83.6244285828
-83.519705029
-83.614996635
-83.7544284031
-83.7186138637
-83.6490169601
-83.7946313682
-83.7490304636
-83.5947572034
-83.6275427447
-83.7678526463
-83.8211591075
-83.7298472182
-83.690880885
-83.6029350035
-83.8445190827
-83.7365414172
-83.579935309
-83.6018226101
-83.7438673259
-83.6732067175
-83.7023863746
-83.6980090886
-83.4683154114
-83.7646964335
-83.6514937669
-83.9272307526
-83.5855296206
-83.8639457603
-83.7821396491
-83.7302436526
-83.7759500144
-83.7312110265
-83.7816332613
-83.8467073064
-83.6379853422
-83.5994107046
-83.3347128242
-83.6873784189
-83.799792487
-83.8713965574
-83.5489906108
-83.733486387
-83.6342729978
-78.0758272726
-83.0232739938
-83.7160496883
-83.7359661936
-83.7869775072
-83.6557180287
-83.460736526
-83.7998962536
-83.8060007749
-83.5117430873
-83.714605048
-83.8118252295
-83.8218262129
-83.6603713294
-83.7903321815
-83.7709099472
-83.7163181094
-83.6060619358
-83.7246813366
-83.8316902332
-84.0182786552
-83.7546509268
-83.870226005
-83.8744906071
-83.8268446452
-83.7091267359
-83.6847457726
-83.5631724544
-83.5509656226
-83.7927992633
-83.6997236013
-83.6542167832
-83.633464935
-83.6037612227
-83.8606747149
-83.902649134
-83.6630710222
-83.7822590787
-83.8537010986
-83.6784342391
-83.729202028
-83.5224068131
-83.8428036281
-83.6687001961
-83.6232306476
-83.6570589715
-83.6966706373
-83.7986855562
-83.4002525832
-83.8100274498
-83.6546140866
-83.811453442
-83.6918514011
-83.5964838274
-83.8328867312
-83.8646039003
-83.8022674748
-83.7034396811
-83.4289059018
-83.6621391031
-83.6098857125
-56.4639827709
-83.8148065295
-83.5887257009
-83.5172368018
-83.6776140306
-83.5127068585
-83.6014954079
-83.62629292
-83.8287667385
-83.6694127716
-83.8380231405
-83.6541137585
-83.5229689766
-83.6994867889
-83.5483631501
-83.7760352217
-83.6076656038
-83.660258397
-83.5809829229
-83.6764446798
-83.5314593272
-83.5526065132
-83.8476429719
-83.6631183075
-83.6069256636
-83.8106248055
-83.8072424746
-83.7805307575
-83.7244647481
-83.911165736
-83.8211111461
-83.9316229809
-83.6121565082
-83.7543455757
-83.6180962465
-83.4885715712
-83.7267051449
-83.6442867361
-83.7729975397
-83.5603777547
-83.7256612748
-83.6452763583
-83.6105698056
-83.748783937
-83.6962557616
-83.7359216891
-83.7914764981
-83.7220027721
-83.6950334095
-83.6868705972
-83.6326481116
-83.7357551452
-83.5811974278
-83.8038930637
-83.6056590359
-83.6106125395
-83.8522727385
-83.5544130202
-83.6500508853
-83.8546877172
-53.4684043518
-83.5892414566
-83.7714015092
-83.724126062
-83.7164449885
-83.7001568824
-83.7540056321
-83.7696687089
-83.9362961815
-83.512375223
-83.6468326903
-83.8458191743
-83.7103750081
-83.8227978484
-83.6271609937
-83.7904893291
-83.8186960768
-83.5923721079
-83.6987073004
-83.5263521584
-83.8388457969
-83.584794119
-83.634463008
-83.644120955
-83.6907724344
-83.7319917996
-83.5918676149
-83.7374883654
-83.7746407098
-83.7822211372
-83.716502167
-83.72141268
-83.6668978463
-83.631641447
-83.7619801399
-83.7841199618
-83.8120317621
-83.7858600396
-83.8123078849
-83.7168263069
-83.3521976387
-83.6519596929
-83.7894529767
-83.9374735767
-83.8221998156
-83.7531937485
-83.687148174
-83.5662543894
-83.7135246127
-83.7822430323
-83.7005888696
-83.644112342
-83.6208178591
-83.7622763645
-83.7454570811
-83.6140936097
-83.8378910549
-83.6203911861
-83.6570879926
-83.6553365062
-64.7828438179
-83.7603377006
-83.6145506177
-83.8431060768
-83.5949378778
-83.6472413476
-83.6371475341
-83.8385125267
-83.614551102
-83.7504820054
-83.6017848476
-83.552626306
-83.7074880471
-83.408507437
-83.8179723971
-83.7717631489
-83.913541784
-83.6537351156
-83.7615976918
-83.7651165464
-83.9665936444
-83.7568460959
-83.7295280804
-83.8888080969
-83.6802717976
-83.8722173763
-83.5865665868
-83.6940049016
-83.6424576276
-83.7263600498
-83.6602474237
-83.6303460526
-83.8039932969
-83.6727086971
-83.8368040391
-83.8338315529
-83.7846009751
-83.6753979638
-83.601762085
-83.674025265
-83.6357048096
-83.3844050921
-83.6276126113
-83.4771420873
-83.7188592884
-83.7249785194
-83.9420226211
-83.8914235774
-83.6383389659
-83.6235132998
-83.7431930627
-83.4583833659
-83.7465844195
-83.6809159546
-83.6328745297
-83.6778447423
-83.6895769586
-83.8424528762
-83.6096660964
-83.7509344066
-83.737510549
-64.2015000255
-83.891737304
-83.8171146563
-83.6795684595
-83.6842024218
-83.7316404732
-83.6564322679
-83.7522217769
-83.4657117002
-83.7572021262
-83.9093662111
-83.5042481371
-83.7969775696
-83.857679443
-83.8178394183
-83.5775229147
-83.6973305549
-83.8571745142
-83.7045470933
-83.49149779
-83.67303424
-83.7701063429
-83.6215748432
-83.7769463956
-83.7096427948
-83.667895228
-83.6725367965
-83.7055554699
-83.8944320804
-83.874691582
-83.7938375734
-83.5134708615
-83.7220784165
-83.7533904071
-83.5848380244
-83.5670384616
-83.6058406643
-83.7241467114
-83.6575566927
-83.5651111474
-83.7438616056
-83.9184925517
-83.8093024315
-83.8672658018
-83.7224208461
-83.6630708181
-83.6166515954
-83.723099267
-83.7906040553
-83.7185553092
-83.5270752229
-83.6871770539
-83.4940909699
-83.6880712384
-83.7235674806
-83.7430528414
-83.6139286092
-83.8169364213
-83.7155149615
-83.709734092
-52.247895269
-83.6011866109
-83.654810721
-83.8335666782
-83.9633640821
-83.8125408128
-83.5230205756
-83.4784459719
-83.5140468634
-83.7409811455
-83.6425032738
-83.6018928234
-83.78981164
-83.7373747264
-83.5779449915
-83.7880657147
-83.7120320269
-83.773909451
-83.4649247673
-83.7752308312
-83.7756811907
-83.625823482
-83.7113505725
-83.8488261983
-83.5931921276
-83.912545814
-83.604020659
-83.5352468265
-83.8479732778
-83.8134046478
-83.7469094339
-83.6710865657
-83.603085424
-83.7356165097
-83.7247246694
-83.6217993103
-83.8961900719
-83.857580246
-83.7531580513
-83.7046405201
-83.6922978403
-83.4677069873
-83.8022736874
-83.7205089248
-83.707166102
-83.545030448
-83.8735360445
-83.8914049657
-83.6806628965
-83.6997336822
-83.6597728617
-83.5270151741
-83.6231868963
-83.7522551714
-83.5698081299
-83.7878014092
-83.7291065097
-83.7698809986
-83.763288979
-83.6141784761
-58.7012932093
-83.7730334018
-83.7105710749
-83.6879156412
-83.6299778906
-83.7408874752
-83.8036602349
-83.7603457787
-83.67377841
-83.5626107468
-83.8252643261
-83.5427944896
-83.590777093
-83.7895288515
-83.7686814486
-83.8862226789
-83.6321212585
-83.8235915998
-83.5441463359
-83.6368189009
-83.7970989852
-83.6563193526
-83.5471236003
-83.6703474766
-83.9101662619
-83.7799028034
-83.8485659679
-83.8085734847
-83.8589423991
-83.7070161068
-83.8578122007
-83.737878989
-83.8187424126
-83.7448628729
-83.6086877238
-83.7042387899
-83.6595843092
-83.7271970767
-83.5515390307
-83.7927283107
-83.7458255135
-83.7608289274
-83.4898532323
-83.7635973026
-83.7159441711
-83.8053839973
-83.7446988125
-83.5706512822
-83.8720989481
-83.5633804747
-83.7665819531
-83.6602183615
-83.844889667
-83.7402348961
-83.6110240836
-83.5792337512
-83.6538431322
-83.6063751912
-83.6654551575
-83.5583111365
-83.6131687865
-70.1815466604
-83.8021337904
-83.5612155223
-83.712896829
-83.7591957733
-83.6116035213
-83.7679152186
-83.7606130795
-83.8179794377
-83.7707621178
-83.5550335382
-83.7982258211
-83.7785690508
-83.6643148087
-83.6315602557
-83.6738324891
-83.633679306
-83.8337462895
-83.6213803928
-83.8835108142
-83.4426519978
-83.7390936659
-83.8553693769
-83.5504207444
-83.7325842115
-83.8582082843
-83.7491437822
-83.7046160029
-83.78020216
-83.6629468438
-83.8016679749
-83.6961716342
-83.8364745568
-83.480621731
-83.9193808915
-83.2886055133
-83.7814084051
-83.6684873761
-83.7678738388
-83.758213296
-83.7339693843
-83.6654771531
-83.5880326235
-83.7751435261
-83.6989730999
-83.695777423
-83.7269525185
-83.5729405893
-83.8528267025
-83.6462738198
-83.7369725407
-83.6870985144
-83.5363641962
-83.725135783
-83.8885780279
-83.4809876092
-83.5732379883
-83.6645233627
-83.7842915881
-83.6765151772
-53.3441821824
-83.7099776582
-83.7276159606
-83.565836111
-83.4219352653
-83.8190702616
-83.5877581788
-83.7824277261
-83.6932254038
-83.8944074243
-83.7026087059
-83.652381528
-83.8353661782
-83.6204481276
-83.7894396642
-83.447068696
-83.7956686446
-83.7613647691
-83.5999902122
-83.8675187422
-83.5490617865
-83.6261118499
-83.8691505434
-83.658006358
-83.6054206095
-83.9063486626
-83.2978489458
-83.5353743273
-83.6503352448
-83.8572532753
-83.7751797955
-83.7414320861
-83.6804708018
-83.5256289581
-83.7490402677
-83.7603759878
-83.5616663105
-83.7664335501
-83.6074412579
-83.6537444685
-83.7494309899
-83.5709589152
-83.584640111
-83.6381727691
-83.9230234447
-83.861158478
-83.6208637195
-83.7399936829
-83.7002997143
-83.7493144838
-83.838110908
-83.7016576257
-83.7641522789
-83.7151238975
-83.8904538685
-83.5145460866
-83.4742225121
-83.8060724889
-83.8267542562
-83.7375978217
-54.3078822315
-83.6180113941
-83.7470930098
-83.7118157265
-83.7531233152
-83.6960696051
-83.9327487569
-83.6910085288
-83.6919959217
-83.7447380218
-83.783397434
-83.96378001
-83.6868660929
-83.9668425428
-83.6480471885
-83.6643101982
-83.4957272729
-83.6198028401
-83.9648064008
-84.0175194952
-83.9114111785
-83.697507855
-83.7420576567
-83.7302588592
-83.7042111127
-83.7976912349
-83.6290746042
-83.7468261436
-83.6589155509
-83.6068536109
-83.8447993219
-83.6487079539
-83.6645707161
-83.7568001485
-83.7452805297
-83.8840880374
-83.7633974081
-83.85707608
-83.8428443323
-83.6337853866
-83.5382960768
-83.6748729082
-83.7230434118
-83.8927150239
-83.918517214
-83.7818181791
-83.5803704657
-83.8419947585
-83.7814247383
-83.750770623
-83.6742771704
-83.869198331
-83.7370914429
-83.7494938957
-83.9752685644
-83.9388805279
-83.8638600016
-83.9470405588
-83.7936343899
-83.57465242
-70.4133789911
-83.5659510889
-83.7098250366
-83.7116754513
-83.9045808786
-83.6353309469
-83.7364607025
-83.7279266651
-83.8255980903
-83.7426403924
-83.6161360616
-83.5847547115
-83.7947003294
-83.9171438026
-83.7174110992
-83.8565079392
-83.4551114871
-83.7272236684
-83.7359616481
-83.7779891801
-83.5155781462
-83.7366844603
-83.8320518743
-83.737359936
-83.6148846582
-83.8422805788
-83.5371392308
-83.7710568719
-83.6289736036
-83.8509157944
-83.8454201528
-83.6462602206
-83.7871449188
-83.725450544
-83.7349692164
-83.366395072
-83.580903977
-83.4313064776
-83.7306430247
-83.7463175758
-83.6485872775
-83.5142757999
-83.7750742077
-83.7259570162
-83.6911557633
-83.7198862829
-83.8939471106
-83.5642037434
-83.730243461
-83.5147026522
-83.5779475581
-83.6817981601
-83.6580790544
-83.6744829741
-83.5624915052
-83.7459377768
-83.5881088535
-83.506510391
-83.7234698912
-83.739351629
-83.7420078394
-60.0536912063
-83.6403518437
-83.7729227481
-83.7999324325
-83.7036407457
-83.6335270345
-83.6310560199
-83.5849940527
-83.7616083434
-83.8560569944
-83.5443891948
-83.6443822274
-83.804586292
-83.6637142326
-83.7096715768
-83.6166604993
-83.7035097875
-83.6998048925
-83.6888790857
-83.7508223386
-83.6989303689
-83.8465538281
-83.66445786
-83.7495547698
-83.6239730218
-83.7260738455
-83.7134629328
-83.9576721508
-83.7721069043
-83.6459821673
-83.9439058537
-83.8040348656
-83.6893608692
-83.5076104097
-83.7806427473
-83.7137504778
-83.5960008489
-83.7400889019
-83.7292528944
-83.7175285214
-83.6193686485
-83.855013337
-83.604886032
-83.5704475934
-83.680030163
-83.5702719833
-83.7450340417
-83.5197320441
-83.5893115553
-83.4245817636
-83.6506605297
-83.8592157422
-83.6118184343
-83.4677559054
-83.6259655617
-83.690432722
-83.9037042462
-83.5906472414
-83.8217775684
-83.6593268196
-52.5862823986
-83.7716299185
-83.7637462862
-83.9241837652
-83.7027491633
-83.5046504122
-83.4645686219
-83.8046765035
-83.8109971673
-83.6219905564
-83.8115034289
-83.6362841557
-83.7385090004
-83.8485616966
-83.7396333041
-83.7644570991
-83.9322658686
-83.7269582765
-83.8815136449
-83.8621411708
-83.656850708
-83.6804901142
-83.6643053936
-83.6024561255
-83.7222661781
-83.7227860049
-83.7804670322
-83.6854551008
-83.4939709876
-83.5925660656
-83.7403391409
-83.7056589591
-83.72751596
-83.8448762812
-83.5881749963
-83.6730430717
-83.7488236547
-83.627065097
-83.6076911554
-83.5537016078
-83.7818562618
-83.6142232354
-83.719006802
-83.8328918422
-83.5639792943
-83.4964227357
-83.8300975085
-83.8433272762
-83.7860865429
-83.6901199787
-83.6436501438
-83.9006028428
-83.6430158547
-83.6663759713
-83.659511783
-83.6306015114
-83.827651494
-83.6737276495
-83.5498737682
-83.6206019844
-66.2324706947
-83.6624890728
-83.7467533568
-83.6292455746
-83.6436601205
-83.6092545734
-83.3614779966
-83.7629043034
-83.7197592967
-83.5227861606
-83.8516778313
-83.8567164587
-83.6400051556
-83.7156459264
-83.7349080819
-83.6000605369
-83.763603814
-83.9415071092
-83.8585967272
-83.7719775284
-83.6462291677
-83.6308534355
-83.8236165956
-83.8235513671
-83.9397351848
-83.5701438322
-83.532253413
-83.8728094482
-83.7345431301
-83.880285218
-83.6527151286
-83.7001923837
-83.620543636
-83.7475671536
-83.4960204709
-83.6007954405
-83.756958592
-83.8457265745
-83.6153356175
-83.9000464401
-83.7528673126
-83.5687517771
-83.6879038872
-83.6947517634
-83.5804194289
-83.6792424447
-83.7778541095
-83.597962644
-83.63245783
-83.7677841043
-83.5996113943
-83.7152637269
-83.5849301139
-83.7506716298
-83.5997543724
-83.7406909398
-83.6870436541
-83.5854778598
-83.6684589667
-83.6910111758
-83.8124564974
-59.8860774926
-83.6125773323
-83.8442509344
-83.7717466309
-83.8511312229
-83.7526601499
-83.8353677481
-83.647864247
-83.5312364629
-83.927958218
-83.8118030526
-83.7896442016
-83.5274488754
-83.7878367451
-83.5907249122
-83.8827537616
-83.8312548765
-83.7612888532
-83.6965529565
-83.7784366567
-83.9782961402
-83.8597735186
-83.7786034172
-83.8609467715
-83.7225708466
-83.6479532655
-83.7079583146
-83.6609945501
-83.7196628797
-83.4381370809
-83.8993833648
-83.6671135434
-83.7807955901
-83.6578100915
-83.7836563368
-83.6704207019
-83.603957736
-83.9137452787
-83.828049238
-83.6425356154
-83.840121341
-83.6961368542
-83.5067913701
-83.7585130751
-83.9133682361
-83.7065230573
-83.6734707947
-83.7687407585
-83.6460960874
-83.7527461214
-83.7223416922
-83.7708474411
-83.6747536021
-83.5627902831
-83.8344890365
-83.5798323924
-83.5752296345
-83.8180915596
-83.8421989544
-83.475912742
-51.8496701524
-83.7780893067
-83.7203931395
-83.7886194259
-83.6470663448
-83.4753207001
-83.6181091694
-83.6492130715
-83.6801186511
-83.8245015786
-83.7551635678
-83.6870657262
-83.5959421141
-83.8067604442
-83.7833883825
-83.6061697578
-83.7974706418
-83.8415268868
-83.5552780633
-83.4460120557
-83.5043488986
-83.7706308719
-83.6741084437
-83.6678376742
-83.7041681796
-83.8507812107
-83.7951653192
-83.7190844419
-83.7501762417
-83.6652135731
-83.6430685918
-83.5660612771
-83.8270038899
-83.8599391947
-83.5347913198
-83.630814225
-83.6391018629
-83.6712744381
-83.6572474801
-83.7109750822
-83.7946877986
-83.8855049934
-83.7910728891
-83.6542067659
-83.5690754029
-83.5670486172
-83.6479666625
-83.6009031175
-83.6473200058
-83.8281394394
-83.7344939606
-83.690849675
-83.8271715085
-83.6939402017
-83.7717299164
-83.543289734
-83.7796022565
-83.8324461934
-83.6957529804
-83.7649442282
-64.5425534444
-83.5177010251
-83.7521228583
-83.8299397577
-83.6322963976
-83.7937337531
-83.5389730059
-83.5654647606
-83.8231930155
-83.8051916942
-83.814437054
-83.844856988
-83.8231201532
-83.7583213655
-83.7443701597
-83.5328922459
-83.7901906178
-83.732673406
-83.5857270098
-83.7874342613
-83.554775439
-83.5748151178
-83.8737286041
-83.5571048398
-83.5747404855
-83.6342568333
-83.7479481563
-83.7394706446
-83.7622445522
-83.7421662417
-83.7779755699
-83.6492067951
-83.9631790997
-83.8694777983
-83.5457457232
-83.6845958343
-83.5884292295
-83.8309296177
-83.6292267498
-83.8731964534
-83.7050916887
-83.4691829016
-83.7110878472
-83.8372649172
-83.62221146
-83.6369281628
-83.5753828677
-83.6133095937
-83.5395146748
-83.7019717891
-83.6829014673
-83.7266144231
-83.8988779804
-84.002073829
-83.6697008841
-83.9028014508
-83.8950976937
-83.7440586328
-83.6293312659
-83.7342058714
-83.7486912197
-58.5586103833
-83.5717079739
-83.8791959154
-83.8609978645
-83.502192873
-83.5969892665
-83.6454487862
-83.6725878078
-83.650256993
-83.5622439968
-83.4462936592
-83.633201762
-83.9574452471
-83.61063229
-83.6796026451
-83.7263830847
-83.7264233421
-83.6716533201
-83.6582063885
-83.6021309302
-83.6282374587
-83.622476928
-83.6970415272
-83.7825603883
-83.7566072835
-83.7009931877
-83.7390573964
-83.5954653266
-83.6657114527
-83.4916943226
-83.6772700165
-83.8059109264
-83.8080250168
-83.6724351421
-83.7856853392
-83.7975490536
-83.65412789
-83.6045638823
-83.7207778452
-83.5549473978
-83.7959091161
-83.7381535
-83.7204190401
-83.7041540145
-83.7857400088
-83.7966019388
-83.8297331877
-83.800368785
-83.7902140123
-83.8472765991
-83.6236666997
-83.7779152824
-83.7580473044
-83.6143884285
-83.4462581183
-83.8028977682
-83.7163266485
-83.7482098731
-83.7419565573
-83.6789819652
-52.2247722032
-83.6656210847
-83.572581684
-83.7565661244
-83.8912264714
-83.5448917312
-83.7538236166
-83.9569965765
-83.8108498296
-83.7618281198
-83.6856631378
-83.7372348795
-83.7437234363
-83.8062109682
-83.6810122492
-83.7756086201
-83.645915155
-83.7099196742
-83.6632797875
-83.7182303443
-83.8819747264
-83.7063135314
-83.695731031
-83.7688829899
-83.7150146724
-83.6633416199
-83.8649293926
-83.6200743474
-83.6820223264
-83.8010068793
-83.8729200846
-83.7087593036
-83.7475461375
-83.803231353
-83.7692639477
-83.7045870534
-83.5861975389
-83.8276312176
-83.7708666936
-83.6287021781
-83.8004145319
-83.7970335458
-83.7007167857
-83.7428618631
-83.8970734942
-83.6213709012
-83.6658196555
-83.6857010942
-83.7343373375
-83.6480263191
-83.8005292108
-83.8477082109
-83.8463082812
-83.6687677921
-83.633950287
-83.723753872
-83.5831886706
-83.6806486521
-83.6191248582
-83.5539052501
-68.2198704898
-83.7079814215
-83.7567328379
-83.6181932534
-83.6382778874
-83.7111213774
-83.7668491583
-83.7051243019
-83.7569616635
-83.9304683766
-83.7968173146
-83.8143273779
-83.611539291
-83.7500050283
-83.7007995538
-83.8655304836
-83.7456929524
-83.6347116763
-83.7006236026
-83.8826027535
-83.8966301142
-83.488307352
-83.6196378668
-83.5421643321
-83.7333448782
-83.8972463682
-83.8673196573
-83.7984547948
-83.5223868595
-84.0852480274
-83.7562345273
-83.5208626733
-83.8326172429
-83.6228978484
-83.4624549384
-83.8206251479
-83.7550774525
-83.558392163
-83.7880309066
-83.7724927781
-83.6701293464
-83.6051296056
-83.6302005745
-83.8477305863
-83.7217733675
-83.8305012199
-83.757769613
-83.6799800844
-83.7133752347
-83.6383266822
-83.6480562776
-83.5962990428
-83.8912036091
-83.7966635941
-83.7524485801
-83.8324055001
-83.9072006685
-83.5780300676
-83.5647137136
-83.7415838132
-83.3067464892
-58.1695122761
-83.7834566083
-83.3838094058
-83.8208380105
-83.5906328806
-83.6981721233
-83.7797177939
-83.7200352091
-83.8181030795
-83.7679075153
-83.7050941172
-83.63303803
-83.6156688327
-83.7219317676
-83.7480429867
-83.7276589287
-83.6056902552
-83.6599350299
-83.5071147724
-83.739323344
-83.6379613219
-83.5199104466
-83.6896748054
-83.7580526877
-83.9003041387
-83.448116513
-83.6635529143
-83.6500706249
-83.7441039519
-83.7180783564
-83.7610032784
-83.7868473386
-83.8877583505
-83.70497189
-83.5307890612
-83.7760865589
-83.8073053991
-83.4906120045
-83.4777502742
-83.7192712366
-83.6243113511
-83.8565082671
-83.7796060813
-83.5664972917
-83.6571865005
-83.6242182346
-83.7879487012
-83.7319898118
-83.7464853928
-83.8023400347
-83.7270493588
-83.797048834
-83.8386850131
-83.815106838
-83.7134405852
-83.7096996103
-83.5981130796
-83.6553664196
-83.7674026736
-83.9063702803
-52.4667878673
-83.8487522164
-83.7790081382
-83.7596316253
-83.7368852971
-83.8031269555
-83.7820583371
-83.7307114551
-83.5785603592
-83.7766351367
-83.6511524226
-83.7027461034
-83.7458354823
-83.7581851859
-83.7076416592
-83.6383544283
-83.6894351218
-83.8219776644
-83.6478633022
-83.7740277844
-83.6276520751
-83.6605538924
-83.826043241
-83.7050827787
-83.650674614
-83.6132623091
-83.6203215046
-83.6855976743
-83.9272781873
-83.398489871
-83.7911628463
-83.7455911013
-83.5987977642
-83.6113951808
-83.7854813096
-83.6965010374
-83.7589217572
-83.66311
-83.7102029091
-83.621072099
-83.6347934812
-83.7984385461
-83.6724001383
-83.7241425467
-83.6918695998
-83.7418057975
-83.6252886101
-83.5346167436
-83.7438181311
-83.5470264054
-83.8625417346
-83.7319252593
-83.7724043133
-83.5961144088
-83.6526083626
-83.7797445391
-83.6187260809
-83.6062054071
-83.6567752008
-83.6848814227
-70.0499066929
-83.7388388321
-83.8552435084
-83.8280821818
-83.8137270904
-83.7109765652
-83.7468085304
-83.6949642489
-83.4759396044
-83.5365423396
-83.5719352385
-83.5584013121
-83.7482520993
-83.7349029722
-83.6355947634
-83.6510093137
-83.9045069511
-83.7257670034
-83.6610098418
-83.6662650329
-83.8046923741
-83.7044607239
-83.8692205959
-83.7433689624
-83.6584565198
-83.7805583069
-83.4053358561
-83.641127018
-83.714348611
-83.6507236653
-83.6859389987
-83.8504374656
-83.7658730298
-83.7410109096
-83.8102078139
-83.6685364532
-83.7971753336
-83.3533270941
-83.6317579804
-83.7084596529
-83.5000102914
-83.5266334613
-83.5577678189
-83.6309619981
-83.7734043232
-83.535078786
-83.5369803207
-83.553921883
-83.8548113027
-83.5957727666
-83.8054562966
-83.6522416682
-83.6712047709
-83.7268996789
-83.6062452284
-83.6764490725
-83.8107441489
-83.6244106734
-83.6224888701
-83.7702311468
-83.8108985665
-56.3948461486
-83.6516735513
-83.6869087805
-83.6841455595
-83.8443929294
-83.8208925569
-83.7950001406
-83.7796716814
-83.849101771
-83.8507362932
-83.6550530387
-83.6286025871
-83.5020055759
-83.487468852
-83.7478772428
-83.7590726546
-83.7685380831
-83.5693528488
-83.6633391554
-83.824076687
-83.6620989071
-83.7602010484
-83.8687652684
-83.7467630794
-83.9855351011
-83.8889920323
-83.534282547
-83.5215697982
-83.5976423786
-83.8645050998
-83.7542230816
-83.7773257987
-84.0291508776
-83.7593638392
-83.5286757487
-83.7818193129
-83.7158653327
-83.7809140817
-83.6208879116
-83.714585715
-83.7656862319
-83.5434582884
-83.689453798
-83.7185902976
-83.7132633926
-83.6935891623
-83.7955121426
-83.5950813077
-83.6952582726
-83.7659012769
-83.7047699917
-83.7929262758
-83.7337726166
-83.5448423758
-83.7092280358
-83.7198673991
-83.8217083398
-83.7703768998
-83.7472342539
-83.8809314286
-53.0922951009
-83.8897122963
-83.6298442392
-83.6617036203
-83.6220916782
-83.5841879998
-83.7035639768
-83.4433061225
-83.8374429473
-83.5652112259
-83.8549803698
-83.5787677652
-83.7835536279
-83.6293514234
-83.8064899025
-83.6390446821
-83.6235538223
-83.649267123
-83.7420574044
-83.38347887
-83.7366882486
-83.6918847547
-83.7761440696
-83.6568688626
-83.5722072147
-83.6078300887
-83.6111132133
-83.6384900227
-83.6508766612
-83.7089533329
-83.6525433274
-83.5590320293
-83.7680047028
-83.4464926375
-83.5335177956
-83.7933245487
-83.7720571216
-83.6658184216
-83.659400202
-83.7141870668
-83.786358122
-83.6943378046
-83.4053895529
-83.7222111576
-83.7196636562
-83.7826847361
-83.5965280297
-83.7183925977
-83.6369324861
-83.6016633825
-83.6652688115
-83.8715386371
-83.851730622
-83.7447612283
-83.8249861846
-83.6415029484
-83.903744588
-83.7922549912
-83.7307366288
-83.8865588378
-72.3630977023
-83.7065920429
-83.7312251194
-83.3892536966
-83.6718244741
-83.7741306495
-83.665697858
-83.8916694349
-83.7829094626
-83.6550192192
-83.8531853475
-83.8842425999
-83.4154369119
-83.7719367899
-83.599454639
-83.4655386228
-83.5958536204
-83.7850986873
-83.8208498986
-83.7378050868
-83.684442623
-83.7239840683
-83.802958808
-83.8543886799
-83.6949533945
-83.6597549345
-83.8492121148
-83.4721332685
-83.753880705
-83.6955982457
-83.6345309922
-83.7854525337
-83.6873612964
-83.563779772
-83.6986896042
-83.7627255931
-83.9115082231
-83.7674774583
-83.9156094405
-83.7816829837
-83.7471910995
-83.7165295574
-83.7701766084
-83.719608418
-83.7914575603
-83.7180271608
-83.7390594978
-83.7278197151
-83.7667709915
-83.6039677116
-83.5942775623
-83.6650859973
-83.6742413742
-83.7873368955
-83.8830304235
-83.4491540856
-83.6694314946
-83.4746900998
-83.8245147696
-83.6912135289
-83.6733209485
-57.7487804467
-83.6787875652
-83.759805152
-83.8269543479
-83.6034650788
-83.5924739279
-83.6620447778
-83.7166702111
-83.8152444406
-83.6461449016
-83.7915067908
-83.8454117309
-83.7481549232
-83.7332249938
-83.8109630439
-83.6399403366
-83.5778372463
-83.6217090329
-83.4276327984
-83.8352958943
-83.773259446
-83.7312292626
-83.7308600733
-83.9254468876
-83.5845212572
-83.8457257697
-83.694537082
-83.7355408665
-83.7013819187
-83.6113114238
-83.6708823643
-83.7444632539
-83.8305436099
-83.6242101377
-83.5431297296
-83.6325145054
-83.6054948942
-83.6342367694
-83.734499793
-83.7929240458
-83.4685416704
-83.8303328581
-83.6739473812
-83.6966157819
-83.8569206054
-83.6943382423
-83.5538451656
-83.9149512278
-83.5807338415
-83.8307339836
-83.8457462962
-83.9010802504
-83.8052304911
-83.6708526519
-83.6744392206
-83.7879361608
-83.767008359
-83.776660674
-83.5601040136
-83.7777515797
-51.8009376999
-83.6811082553
-83.6494835855
-83.6850006936
-83.6850027843
-83.7363472331
-83.5546390898
-83.7878626259
-83.8326924509
-83.4667718153
-83.8393655768
-83.8232144246
-83.6257373502
-83.7490930427
-83.7706061846
-83.7889729026
-83.6334663176
-83.5171888905
-83.90094893
-83.5510249347
-83.6402675859
-83.7114536999
-83.5988053241
-83.6942952747
-83.8636836907
-83.7772109304
-84.0894132929
-83.6511216993
-83.7193815584
-83.6124052132
-83.4374534623
-83.6106522009
-83.7148351833
-83.7280120683
-83.7700179434
-83.8440665116
-83.7031042116
-83.6432523698
-83.7285179449
-83.5908718842
-83.631126293
-83.7276088144
-83.5614575443
-83.671057926
-83.6008947327
-83.4902845911
-83.7535598208
-83.6978738124
-83.5313277436
-83.692897006
-83.7079675855
-83.4666408263
-83.6500794034
-83.4516230296
-83.7389668922
-83.785737091
-83.7856675027
-83.7930156677
-83.7693223999
-83.5904795524
-67.7372153643
-83.7689470098
-83.8367038021
-83.7935875467
-83.7598281624
-83.5720831398
-83.8609170524
-83.7349205472
-83.6427345549
-83.7140679998
-83.7349578964
-83.7109633486
-83.7023768334
-83.8344935883
-83.6975062917
-83.8139349102
-83.7543644516
-83.6733154975
-83.7435816509
-83.7433301817
-83.7525633362
-83.9225741374
-83.7085509638
-83.8644214542
-83.6126955988
-83.8094060063
-83.4801767089
-83.7262749665
-83.5665575399
-83.6299741314
-83.5246168501
-83.699212065
-83.7394881328
-83.3702641562
-83.6592106216
-83.6491829682
-83.3707057381
-83.8883079304
-83.5804588251
-83.819613656
-83.6132095968
-83.5382865218
-83.6100998361
-83.7742040934
-83.4272236414
-83.6545386974
-83.7045700288
-83.7200375944
-83.6950259316
-83.6559955768
-83.7492280762
-83.3735073245
-83.6660454416
-83.7068633315
-83.8186646913
-83.6655708839
-83.7176400222
-83.7606843659
-83.7030312367
-83.8437569579
-83.8450200075
-57.0793963397
-83.6404543835
-83.8199184277
-83.7761122301
-83.5965596521
-83.4620707628
-83.6463878873
-83.5586970168
-83.7009949332
-83.5693929379
-83.6075329315
-83.5790119529
-83.6618878233
-83.7505408542
-83.7476563347
-83.8508695657
-83.7839036932
-83.7569052676
-83.4939358054
-83.8478156549
-83.4815319805
-83.6259722424
-83.7297073316
-83.8698980879
-83.7400377176
-83.7311989673
-83.6222024377
-83.6940079161
-83.9418073363
-83.7272846018
-83.6478390998
-83.579400003
-83.8223668196
-83.7431590686
-83.7545723573
-83.70417023
-83.4875813717
-83.653454945
-83.5838569704
-83.4598734733
-83.4181462455
-83.6258062027
-83.4741793218
-83.8261745298
-83.596276818
-83.7552426774
-83.6918432889
-83.7262860706
-83.9307545011
-83.7597148795
-83.731647771
-83.8554815037
-83.5597118416
-83.7410852965
-83.7438799257
-83.5905857981
-83.6297408489
-83.9556623545
-83.6292932353
-83.4993699667
-52.4973771326
-83.5059544241
-83.7529154576
-83.8264689192
-83.8320682279
-83.6717614402
-83.7597711876
-83.8076074199
-83.8626414312
-83.6914061682
-83.7325999748
-83.7112360098
-83.6349365142
-83.6216669048
-83.8638928833
-83.5386471681
-83.8188227557
-83.6408098756
-83.4771805923
-83.5353435635
-83.6957925077
-83.3965832014
-83.7236017254
-83.7663940082
-83.6965918284
-83.8255699835
-83.5492056893
-83.812657249
-83.713361194
-83.6280065501
-83.6059437035
-83.7114333586
-83.6207138715
-83.8000995244
-83.805491844
-83.7809077602
-83.7167702597
-83.7761169718
-83.7278019626
-83.8845426933
-83.639440231
-83.6709857923
-83.7408637371
-83.8881940388
-83.7870659009
-83.7578774862
-83.7738257461
-83.6102488112
-83.6133020966
-83.7519966865
-83.8062327789
-83.8377478959
-83.6357408755
-83.6675459263
-83.7973718322
-83.553362629
-83.7777439254
-83.6371486282
-83.6998757944
-83.7022498974
-72.0514834495
-83.6236699741
-83.6852878537
-83.7991529117
-83.9302179837
-83.8771789484
-83.7504820799
-83.6811850082
-83.5980453206
-83.6671715831
-83.5864111491
-83.6644279019
-83.6353285776
-83.8888105086
-83.6380865837
-83.6787805279
-83.7236009596
-83.7438336836
-83.7355840746
-83.6173269488
-83.8440814117
-83.8177452353
-83.664175933
-83.7807289605
-83.5450829763
-83.497783355
-83.7408105878
-83.6133967289
-83.7544809637
-83.5989865665
-83.7964020078
-83.8263628084
-83.5510449486
-83.8407366258
-83.5852365769
-83.6999425044
-83.8304896613
-83.7877742172
-83.7136878922
-83.6195456093
-83.9100777014
-83.8369549444
-83.7823851252
-83.7165779845
-83.7959532144
-83.7093206252
-83.7606978455
-83.4971341801
-83.3762649204
-83.625843411
-83.8669786309
-83.7176180846
-83.7727918716
-83.7593382406
-83.8764950378
-83.5805836035
-83.7942683647
-83.7510659441
-83.7865002801
-83.6229948298
-83.8242993768
-55.4943287557
-83.7913542195
-83.6718492242
-83.8647790353
-83.5852926922
-83.7557155955
-83.6562497432
-83.6828721638
-83.75234945
-83.7633115241
-83.6353959711
-83.6880819009
-83.8154072233
-83.7820295181
-83.7020684415
-83.6757005607
-83.6597979051
-83.6653203694
-83.7446294539
-83.8240437585
-83.5226290818
-83.7964902293
-83.7240312229
-83.8327769456
-83.7723299491
-83.5718959629
-83.6700363516
-83.5823466524
-83.5491770744
-83.6683326701
-83.4575913233
-83.7684789404
-83.7171592016
-83.5081476795
-83.722257234
-83.6166308372
-83.6808924428
-83.717377261
-83.7844798665
-83.7147734988
-83.6092631237
-83.7102040172
-83.6163413923
-83.6819829582
-83.8216788345
-83.8006552983
-83.7862901861
-83.6818179931
-83.7175622848
-83.7056669069
-83.6697853685
-83.6393310124
-83.6403567802
-83.701346613
-83.8187842279
-83.7583004791
-83.7290622195
-83.4821639794
-83.541874215
-83.7687123853
-52.3643061537
-83.5106122435
-83.789396356
-83.6202257621
-83.7121133862
-83.6992918899
-83.7931530064
-83.7887519774
-83.7885620602
-83.8068902147
-83.6518776669
-83.9476145539
-83.7323327417
-83.7196699687
-83.6283381049
-83.5115771578
-83.7315889855
-83.6689087695
-83.5946100357
-83.7198731233
-83.5535867902
-83.6492742838
-83.5539017451
-83.752519379
-83.6677956478
-83.7824731553
-83.8996149371
-83.6311483949
-83.7309091951
-83.790925303
-83.7815758995
-83.6433610828
-83.6632614057
-83.6510716119
-83.5815768705
-83.7595190278
-83.752013313
-83.6222658501
-83.6125325801
-83.6863224385
-83.5162406605
-83.6727595471
-83.7530838399
-83.8212887207
-83.8219426617
-83.7443271434
-83.8057410976
-83.7602767433
-83.7433646947
-83.7528306241
-83.6995688228
-83.9294918649
-83.7151631144
-83.7634143997
-83.6191246911
-83.5655049958
-83.6105819246
-83.648173712
-83.7293767255
-83.7294334117
-77.654558809
-83.5681705789
-83.8627371516
-83.7414685562
-83.8637235201
-83.6194927432
-83.8026447629
-83.604205791
-83.754057157
-83.4961491535
-83.8381134049
-83.8347095437
-83.736384191
-83.5473273587
-83.6948568719
-83.7205143491
-83.8180760842
-83.4639824881
-83.5305927813
-83.5984392078
-83.6098246008
-83.7109033555
-83.7687782456
-83.8175893825
-83.8195957741
-83.6443548037
-83.8794841295
-83.6585514507
-83.5364598261
-83.6091940026
-83.7208741371
-83.4798431583
-83.6486768779
-83.6171680527
-83.6309172056
-83.7252708374
-83.6992040006
-83.4296502952
-83.6940808963
-83.6702459657
-83.5504473591
-83.6956998218
-83.5351143578
-83.7023202819
-83.7652555993
-83.6051899211
-83.5337003202
-83.8258547677
-83.6725413872
-83.6563319449
-83.712288544
-83.7700332594
-83.7428416888
-83.618574099
-83.8044824811
-83.5877870276
-83.674343516
-83.6767230088
-83.7556486657
-83.8287658891
-83.69740647
-64.4512550203
-83.6341677818
-83.4687186026
-83.6309539776
-83.7294862232
-83.5051046251
-83.9265925711
-83.7715962126
-83.7976406021
-83.5431974296
-83.8172319963
-83.6268383293
-83.7551120748
-83.5714072681
-83.6157011379
-83.7734468064
-83.8724122338
-83.7401913914
-83.7346016193
-83.6609600648
-83.9249299443
-83.4468126449
-83.8038079134
-83.8340794694
-83.7850471027
-83.6006728765
-83.5870602182
-83.4939555516
-83.6794574638
-83.7361030434
-83.6475268057
-83.7940489563
-83.6813141008
-83.7022041284
-84.0118506845
-83.8067893184
-83.5593362962
-83.7249864597
-83.918035591
-83.8779607622
-83.6517816418
-83.4654414583
-83.8328258624
-83.6336200179
-83.619918437
-83.7533945283
-83.7674291209
-83.8050708006
-83.8319537496
-83.8527856688
-83.6585144612
-83.6842711665
-83.4871557518
-83.7016232128
-83.8573902811
-83.8503167842
-83.5600675516
-83.6956205186
-83.8545107124
-83.4139909602
-51.6527338054
-83.4636008121
-83.8383761079
-83.8259187579
-83.8679094508
-83.7752618548
-83.6613966728
-83.789986448
-83.7121441757
-83.7623734261
-83.7863183958
-83.7848159383
-83.5508415034
-83.5775202287
-83.642527645
-83.4439379175
-83.789184582
-83.7922028824
-83.9129796151
-83.6594779879
-83.658597227
-83.596471801
-83.5104290249
-83.7105007562
-83.5841165559
-83.6079349532
-83.9940124405
-83.7122934276
-83.6940380193
-83.8485320152
-83.6068962397
-83.7530539551
-83.6669777927
-83.7985518914
-83.8295922098
-83.7794831726
-83.6726439329
-83.7040456316
-83.6131879695
-83.7836722591
-83.7138046804
-83.889223498
-83.908303504
-83.6028544849
-83.7458240401
-83.5989213284
-83.6043573295
-83.6598319342
-83.7992584023
-83.6246232952
-83.555410839
-83.6529333354
-83.6491896841
-83.6337668937
-83.6146684889
-83.3364009454
-83.7317967796
-83.7072706158
-83.7343249186
-83.5863465568
-59.0588627987
-83.6595593688
-83.8576992793
-83.8606901508
-83.6975138807
-83.5738603906
-83.7904763163
-83.6751888767
-83.7497254306
-83.612268828
-83.620397916
-83.8342143918
-83.6964126178
-83.5143410403
-83.7267686457
-83.7457596245
-83.835074195
-83.7385819898
-83.7006491104
-83.7204545518
-83.7197023047
-83.7670894726
-83.601967392
-83.7309477776
-83.7628574168
-83.7005729163
-83.5658983572
-83.9356971086
-83.6072214334
-83.6873848155
-83.8944457159
-83.7145042773
-83.5860972166
-83.9143569015
-83.7482130724
-83.7029087073
-83.7512998334
-83.7438275377
-83.6069492024
-83.6177873953
-83.7141640435
-83.7628987032
-83.4174659244
-83.660046638
-83.8410436007
-83.8438479752
-83.4574733453
-83.7197053618
-83.5147656824
-83.7316987944
-83.6461073083
-83.6562696549
-83.5975937395
-83.4586805231
-83.7431104244
-83.6672042332
-83.6677955619
-83.6028217284
-83.6985947474
-83.8420946867
-83.7750583377
-61.6770492818
-83.6675609541
-83.6422095074
-83.5530232935
-83.826001492
-83.7556535466
-83.8977885075
-83.4929616667
-83.5610686431
-83.7245848405
-83.7287694576
-83.6129402191
-83.6544196306
-83.6337221927
-83.6707255349
-83.687208941
-83.6983901745
-83.7590632805
-83.9398701547
-83.7944252573
-83.6306392548
-83.591900231
-83.5476642066
-83.5636853712
-83.6223920295
-83.6405667335
-83.7175125226
-83.7522757106
-83.6872965671
-83.8229019572
-83.759157859
-83.778689882
-83.8126693749
-83.5471778837
-83.7397127805
-83.7099702677
-83.5856844918
-83.5770470137
-83.7301161844
-83.4216376764
-83.6343219998
-83.4716678552
-83.7684547138
-83.7923031948
-83.5779915841
-83.649024299
-83.4612042708
-83.5158346113
-83.6782366828
-83.8849932951
-83.6761015038
-83.7906533405
-83.7852120235
-83.799680844
-83.4655821439
-83.6089923505
-83.6319115815
-83.6935974055
-83.6583625443
-83.8103285453
-55.7063069215
-83.7473469521
-83.8586450454
-83.7148532812
-83.8419948014
-83.6517666826
-83.7849187894
-83.6932024588
-83.5233364208
-83.5221060448
-83.6395236743
-83.4420358727
-83.744054838
-83.5829655089
-83.6566846748
-83.6492218658
-83.7393746413
-83.8072083162
-83.498089188
-83.837660422
-83.5960785679
-83.769768984
-83.7673312907
-83.5256969434
-83.8213189016
-83.873462034
-83.8046686731
-83.8081422783
-83.7012362029
-83.7488900588
-83.5725673337
-83.6677049601
-83.7062607238
-83.5263932443
-83.7378179957
-83.574505528
-83.5238783796
-83.8112007335
-83.6656763149
-83.6927333916
-83.5704321475
-83.8330389266
-83.6820371641
-83.5913632822
-83.689807066
-83.5765823035
-83.6856372783
-83.7101121073
-83.5906091644
-83.6159297705
-83.7183898575
-83.8131148891
-83.626851504
-83.5956687865
-83.7978631854
-83.6426310044
-83.7662844743
-83.7190877836
-83.8042252267
-83.8010037548
-72.4333229495
-83.6888432573
-83.7560159249
-83.5133780401
-83.9254567301
-83.7179002311
-83.627226706
-83.6822013468
-83.8270129107
-83.7682254804
-83.9061165719
-83.8338586167
-83.7575412728
-83.8039655274
-83.8378334669
-83.9068620935
-83.8944047051
-83.7330876271
-83.6239806653
-83.727195462
-83.6934464444
-83.7966098067
-83.8562123509
-83.4534011755
-83.7143459752
-83.6203736233
-83.7330939994
-83.7364895105
-83.6744653587
-83.6393604078
-83.7480594193
-83.5892591584
-83.6080197718
-83.6646936552
-83.834841863
-83.7695085929
-83.5612050477
-83.843840099
-83.6622472986
-83.7654729612
-83.4904967169
-83.516973954
-83.5928183013
-83.8420140729
-83.6104712126
-83.6747910542
-83.8255783164
-83.8100816202
-83.6843879437
-83.5183194921
-83.3779549321
-83.5609615509
-83.7461260582
-83.6934006393
-83.4995485127
-83.8950498986
-83.6581158266
-83.717408322
-83.6526585381
-83.5909352722
-83.7655846488
-61.5295142157
-83.6652336819
-83.7433493213
-83.7053664359
-83.5699278943
-83.7124556784
-83.9235238107
-83.9657050232
-83.7292168474
-83.6656126639
-83.6700141735
-83.7440742185
-83.7819683219
-83.8676481976
-83.7572572558
-83.6960330846
-83.7669181429
-83.8800406013
-83.5471362448
-83.6751124964
-83.4339511981
-83.7756536789
-83.7915953221
-83.6133072406
-83.8025120197
-83.7722803289
-83.6501474114
-83.7896956151
-83.7069062944
-83.86466872
-83.7486231959
-83.6401016413
-83.7662964014
-83.8863814601
-83.7304098125
-83.6181840432
-83.7920958377
-83.5523472552
-83.5522200481
-83.9258429642
-83.8115385286
-83.7565816896
-83.5843696301
-83.9470659441
-83.5068024096
-83.7331432714
-84.0347440084
-83.8161872181
-83.8487370113
-83.6919084577
-83.4129469664
-83.7880091366
-83.8750375369
-83.6326424591
-83.7226239803
-83.677501769
-83.7350500104
-83.5888151366
-83.8538524613
-83.6844679321
-58.5074112765
-83.7282878028
-83.4895274642
-83.9867263806
-83.6616550972
-83.8473514556
-83.6383997618
-83.6161852118
-83.6768110805
-83.540558678
-83.7254767392
-83.8798024866
-83.7239206573
-83.5702798752
-83.6490953335
-83.499152372
-83.5445542346
-83.8105666687
-83.660710049
-83.8261169506
-83.7210090298
-83.7412573214
-83.7954191546
-83.7803334791
-83.6826754342
-83.6726700446
-83.7971723683
-83.3854964944
-83.7379549955
-83.8041585548
-83.6417971381
-83.6762052402
-83.7536017073
-83.7140592818
-83.9057358305
-83.6404434419
-83.6785321589
-83.7152642507
-83.5136987493
-83.6090813112
-83.8666044575
-83.7230586088
-83.7374828626
-83.4813990998
-83.7555611757
-83.7232182317
-83.5820916272
-83.4443439762
-83.5740921905
-83.7364740774
-83.6218124017
-83.7994764468
-83.6186736744
-83.5095274635
-83.5451986097
-83.8604758371
-83.7466954676
-83.6297880891
-83.7776844045
-83.6832635518
-73.3960804333
-83.4286456709
-83.75041352
-83.9780668623
-83.6795699685
-83.8042505585
-83.6865994635
-83.7963903575
-83.7326062728
-83.6137292137
-83.4785141674
-83.6605994774
-83.7044918298
-83.6187483404
-83.5788327603
-83.7608772898
-83.518917435
-83.6060552413
-83.7424244055
-83.8707386152
-83.5382096854
-83.4637345017
-83.8447161425
-83.8433314966
-83.683726777
-83.6209767029
-83.8282472228
-83.6223242186
-83.7971190081
-83.6615515107
-83.7006004548
-83.6929947841
-83.7191045025
-83.6103812299
-83.4723835595
-83.8358052127
-83.7612502252
-83.5633440778
-83.6432141704
-83.9212255036
-83.536724484
-83.5009428986
-83.5870491937
-83.7859917362
-83.8534081356
-83.8012851902
-83.5727554252
-83.5220225715
-83.6957558905
-83.6956760741
-83.6758406731
-83.6930192069
-83.6811097894
-83.4812542067
-83.5507092063
-83.7177375033
-83.7120624177
-83.6524357058
-83.696246794
-83.545250024
-83.7563491
-60.2194629631
-83.749860311
-83.8422410373
-83.7116090838
-83.7118257463
-83.6668098204
-83.6333727698
-83.6264890952
-83.7832809879
-83.7459993999
-83.5879082393
-83.8500310381
-83.7310199942
-83.6787078209
-83.6063934333
-83.6819071921
-83.8644662863
-83.7350014898
-83.5902858999
-83.5675887371
-83.8366448172
-83.7581205815
-83.7513276883
-83.6311530493
-83.6522036776
-83.8496424127
-83.6569011835
-83.6198927914
-83.6316545609
-83.8412321028
-83.6541658395
-83.532751927
-83.6028241592
-83.7335160146
-83.7660977688
-83.7225879758
-83.6977553065
-83.6130793438
-83.5819179884
-83.6828637186
-83.6453573346
-83.579508213
-83.6478093037
-83.7175854196
-83.5268265362
-83.6942408037
-83.7094825489
-83.7915716769
-83.6306718089
-83.513057891
-83.4083078342
-83.7243725094
-83.8221211885
-83.6304790061
-83.5740253968
-83.5646295801
-83.8034715293
-83.8157415387
-83.7136649574
-83.5095960665
-54.5548511681
-83.5899284661
-83.5605502883
-83.9251483968
-83.6844011468
-83.7234059688
-83.5752316288
-83.7019651949
-83.6098373725
-83.8414570688
-83.8753139324
-83.5478663513
-83.5294372029
-83.8297258195
-83.6609066734
-83.8961397198
-83.737012992
-83.6818708715
-83.5057802169
-83.4711149011
-83.4479093675
-83.9237775682
-83.7521298484
-83.4555910918
-83.8671999722
-83.8138716254
-83.6977231415
-83.5887915277
-83.6899226899
-83.8245766155
-83.5256688786
-83.7038268426
-83.722120466
-83.732150045
-83.5979261109
-83.8594844854
-83.6247061764
-83.6286464796
-83.7488565202
-83.8695720403
-83.846945523
-83.6843412562
-83.5750127552
-83.673317761
-83.7136513713
-83.9055187616
-83.6545798709
-83.6351441925
-83.2360891463
-83.6349925596
-83.6490360441
-83.5430642677
-83.6076942132
-83.704965291
-83.6085921513
-83.8275387797
-83.5224439551
-83.7272984743
-83.5048387855
-83.6148190639
-67.6558500513
-83.5244726424
-83.5043763502
-83.9162378838
-83.622795793
-83.7099713749
-83.7793131178
-83.7731739351
-83.7861568396
-83.7571388225
-83.7575265038
-83.7424849656
-83.7809803099
-83.7682112123
-83.7839932136
-83.5017449756
-83.9249891162
-83.8042780958
-83.893182379
-83.7340275093
-83.7323468829
-83.7142433163
-83.5769378963
-83.7295656004
-83.8205337235
-83.6865810486
-83.6830886937
-83.900612807
-83.7751074166
-83.5906421106
-83.5599978633
-83.6014292949
-83.6963724996
-83.7586988619
-83.6069608209
-83.6726646107
-83.823452049
-83.8688164902
-83.5582315746
-83.5108153232
-83.6762217631
-83.6780499868
-83.8042758163
-83.6599689869
-83.787437367
-83.5872671455
-83.5798045813
-83.7735630919
-83.7667461358
-83.6636853813
-83.6387818308
-83.7737953643
-83.6405706964
-83.644307037
-83.7072762388
-83.5172893893
-83.6044402412
-83.5190524761
-83.7097849034
-83.7272277045
-83.7539600691
-62.8322146623
-83.806300052
-83.6797197425
-83.6851955416
-83.5758330622
-83.530051336
-83.6433686758
-83.6922756951
-83.7640281726
-83.9028180144
-83.6495062816
-83.6884240356
-83.7004982165
-83.7841357464
-83.768746085
-83.8038305393
-83.7200488029
-83.72639635
-83.5899244208
-83.6931062086
-83.5061518311
-83.7062973077
-83.6255782605
-83.7100446138
-83.7241883276
-83.6093580619
-83.9887515656
-83.6055403483
-83.6891923691
-83.9079101387
-83.6861267389
-83.7538345312
-83.5871753204
-83.7933268232
-83.7098466063
-83.4602466544
-83.6193887055
-83.8449233431
-83.633398369
-83.6438085474
-83.7410601779
-83.6706186734
-83.8043576646
-83.893175407
-83.4374600996
-83.6332986863
-83.7132063605
-83.7212223854
-83.6394121177
-83.652184071
-83.8065263268
-83.7228023574
-83.6604335789
-83.7177148841
-83.5997947256
-83.7024688023
-83.681138237
-83.6669863101
-83.5377256329
-83.7808919945
-53.9347514271
-83.7151320105
-83.7456718135
-83.7940914788
-83.5623236992
-83.7963039722
-83.7390667368
-83.8673073538
-83.4909669766
-83.9606669739
-83.6543084075
-83.6008675058
-83.760971917
-83.9008873143
-83.7889304241
-83.7597071751
-83.7772243755
-83.6508473049
-83.7620633183
-83.5693923257
-83.5605915143
-83.76605013
-83.7451258278
-83.5965982523
-83.7106836669
-83.6914056045
-83.6160385225
-83.7548987155
-83.6525536614
-83.8722557434
-83.5680455566
-83.7978779324
-83.9782755598
-83.5505557275
-83.6464959979
-83.7582152543
-83.7587119891
-83.6877935973
-83.535837004
-83.5767955636
-83.7500293744
-83.7400201116
-83.7054624961
-83.6862264272
-83.5629113497
-83.5341924136
-83.6432938272
-83.665578718
-83.7020262699
-83.7606063952
-83.9255242541
-83.7368689266
-83.6841907007
-83.7952216062
-83.6169628035
-83.6221785696
-83.7716847964
-83.8704148766
-83.673145036
-83.7934045592
-65.6956330566
-83.723556805
-83.6936368658
-83.668802616
-83.6852069909
-83.9109718741
-83.749405539
-83.9045386245
-83.9022090108
-83.8883715324
-83.6929831172
-83.4992350272
-83.8525282471
-83.6361128818
-83.8599717584
-83.6348342987
-83.7561715469
-83.858812254
-83.7555327001
-83.742058274
-83.633063364
-83.7083695116
-83.7290487219
-83.7030307069
-83.6881173133
-83.7202785629
-83.659492826
-83.5914559373
-83.5831212998
-83.9066687888
-83.7584092963
-83.633107218
-83.6238778201
-83.5990941592
-83.7407465661
-83.8075907957
-83.728924652
-83.668673819
-83.7389803325
-83.4708986605
-83.5600544353
-83.5867897448
-83.6954039321
-83.7376423252
-83.7540688524
-83.573295098
-83.5563752011
-83.590043475
-83.8236793446
-83.6986298903
-83.6480244716
-83.7315896481
-83.8612044595
-83.7330429848
-83.6420019007
-83.7858332559
-83.8090602871
-83.8183208922
-83.8573572864
-83.5877370347
-83.688136689
-60.8371238914
-83.8402022097
-83.7121405235
-83.7514109157
-83.6359663047
-83.6813303916
-83.7143757214
-83.6557491359
-83.7725680408
-83.9491208731
-83.4787872557
-83.5031396407
-83.6153013018
-83.7934818096
-83.6476536601
-83.6166328215
-83.6740335801
-83.7769465926
-83.7623005337
-83.6775521702
-83.6812965845
-83.6842803807
-83.8937857892
-83.6827881965
-83.941754026
-83.7498474864
-83.9152743866
-83.7750576332
-83.6318056832
-83.5622966649
-83.7053774037
-83.7160049289
-83.6504922825
-83.7686106256
-83.656464468
-83.6818008062
-83.5168152585
-83.6336123504
-83.5355032506
-83.5437437917
-83.714437663
-83.7871499824
-83.8010738466
-83.5397997421
-83.6123806727
-83.6944865759
-83.7078690091
-83.7435092636
-83.8143178603
-83.4972883228
-83.5642469292
-83.8555932882
-83.8307077239
-83.8369980533
-83.6030439063
-83.8583674746
-83.6718985529
-83.748016659
-83.5347305521
-83.9205126815
-54.388033705
-83.8369662269
-83.7712407001
-83.7002464895
-83.5021952864
-83.8406809579
-83.8963095232
-83.7910600268
-83.7667237761
-83.8556831748
-83.8601372057
-83.6590134144
-83.6310255579
-83.7648512531
-83.5972822657
-83.6576147593
-83.6290987376
-83.5437129886
-83.4984064243
-83.5982013659
-83.7841562
-83.745556097
-83.6589221359
-83.7766077054
-83.7120113254
-83.5173273211
-83.67315201
-83.9922602195
-83.7177303369
-83.8522600764
-83.7141508755
-83.7501025994
-83.8906753041
-83.6802683157
-83.577942677
-83.7086849185
-83.6348306309
-83.982067447
-83.6897958103
-83.6649042325
-83.6139673117
-83.8159587235
-83.9215403263
-83.7883536624
-83.6119660942
-83.7439079876
-83.6240167443
-83.6456420941
-83.6406641618
-83.733565558
-83.7134462942
-83.8307358688
-83.5853344211
-83.8515449939
-83.8467184685
-83.4994826997
-83.6088034668
-83.821694499
-83.7582467067
-83.6624879731
-59.8618380913
-83.8594917466
-83.4907024228
-83.6829820568
-83.7511322357
-83.6436658716
-83.7000409733
-84.0012120458
-83.6370869704
-83.7173624941
-83.5921369
-83.7531226383
-83.932850392
-83.942962621
-83.7908119513
-83.6717294356
-83.7365475845
-83.6752536672
-83.6947615137
-83.793681535
-83.7944373193
-83.6516304652
-83.6776828246
-83.6838225344
-83.7621655581
-83.7126373649
-83.8635943034
-83.5429904493
-83.6752279496
-83.7898096728
-83.7247477719
-83.6166189326
-83.5522723487
-83.701811531
-83.5543957802
-83.8876407188
-83.5390004264
-83.695242038
-83.8168039749
-83.8478319132
-83.6882545079
-83.820178793
-83.4329977097
-83.5207717618
-83.9225470314
-83.7663093134
-83.6790743263
-83.6994263029
-83.6012813187
-83.833857747
-83.7110535492
-83.7176649287
-83.7658138246
-83.7702350771
-83.6543675391
-83.5741898944
-84.0248537534
-83.8478291267
-83.6287257104
-83.7657044488
-83.2986535816
-78.3146932975
-83.6376527524
-83.6756181231
-83.669023131
-83.6550899943
-83.6934662084
-83.5851190811
-83.6673026697
-83.668090509
-83.6482141745
-83.6670777305
-83.8329118853
-83.7380328966
-83.6889506828
-83.7022073996
-83.7663427924
-83.5590802227
-83.5944999922
-83.5459406795
-83.7776677182
-83.9114805698
-83.7072228641
-83.55224505
-83.5422896208
-83.7097970509
-83.8925472836
-83.5819912538
-83.5341021295
-83.7433428647
-83.6645719482
-83.851174703
-83.7510007363
-83.7519836678
-83.9135068408
-83.8039601698
-83.7125000927
-83.8003661636
-83.6992968519
-83.7153006336
-83.567785416
-83.7916416738
-83.6524647783
-83.5159237213
-83.788200316
-83.6251854911
-83.6676507363
-83.6639271105
-83.8104046327
-83.8092934997
-83.8058950685
-83.8329832406
-83.8126972164
-83.92833443
-83.9593102555
-83.71294196
-83.6477400487
-83.69341444
-83.6756377464
-83.5182359742
-83.5751030504
-83.522762473
-83.787889882
-83.9960182372
-83.7384490421
-83.6986780914
-83.8742387501
-83.7513602142
-83.7457950866
-83.9747670723
-83.6835352032
-83.699066881
-83.8195599712
-83.9099873767
-83.6560078991
-83.777160234
-83.6988198334
-83.5153591967
-83.7384733508
-83.7898749267
-83.709710259
-83.6203841112
-83.5496481992
-83.6038500461
-83.7320418503
-83.5931423651
-83.7221427283
-83.7572138084
-83.7390677644
-83.8080159324
-83.7908722965
-83.5564539759
-83.399702387
-83.7213982804
-83.8415739057
-83.9677082304
-83.795553037
-83.7049495918
-83.7181657154
-83.5186515137
-83.5776050042
-83.6477426169
-83.5835909398
-83.7328917464
-83.7477376305
-83.3561293674
-83.7755816753
-83.5913583819
-83.8855209568
-83.6980998528
-83.7981743128
-83.8794817667
-83.4954232179
-83.8972382299
-83.7529232021
-83.6739915927
-83.6447093103
-83.783568708
-83.8397502985
-83.8815065363
-83.6412064223
-83.8124110426
-83.5436869686
-83.6470541482
-83.7996511068
-83.7744917548
-83.7182015444
-83.6981458822
-83.5845189344
-83.6514432208
-83.5403275077
-83.5306455487
-83.879048682
-83.7584895897
-83.5222611029
-83.9201076731
-83.8474375111
-83.6101506692
-83.7041847484
-83.7097183232
-83.6753135526
-83.4958878199
-83.8301582543
-83.6381511837
-83.665858213
-83.7394667854
-83.8205494387
-83.8258572995
-83.6083649694
-83.7308663378
-83.8219516139
-83.6480761543
