-83.6640620113
-83.8656642155
-83.7148756396
-83.8644536424
-83.7267395866
-83.7010056161
-83.6839154511
-83.866543904
-84.044801701
-83.8219105656
-83.7195276857
-83.7062426564
-83.7839867138
-83.7724201413
-83.7586191988
-83.8724831593
-83.8335530657
-83.713234219
-83.7334871228
-83.5442148058
-83.7192027702
-83.7497393643
-83.5607357777
-83.8715586972
-83.8212080309
-83.718964635
-83.9219876376
-83.6627652862
-83.7691580138
-83.7571951378
-83.8636465774
-83.7510098738
-83.8646655399
-83.799193535
-83.6915817967
-83.8645731811
-83.5986883277
-83.7460366652
-83.7791455435
-83.5885471148
-83.7780906744
-83.4894677862
-83.5384492675
-83.7805766347
-83.6555655068
-83.6818717128
-83.5800349322
-83.6271829126
-83.7456696664
-83.9954830108
-83.620296717
-83.6509358172
-83.7214404603
-83.6886656153
-83.8908034486
-83.5683387029
-83.6550118366
-83.7414367552
-83.7101709504
-83.6458410915
-83.7273248353
-83.8446512691
-83.8101557425
-83.7078509348
-83.5444103121
-83.5613498003
-83.6799247134
-83.8804138026
-83.6144186551
-83.5756113416
-83.4940117925
-83.8171514323
-83.6847668185
-83.7766749019
-83.5316190778
-83.755794394
-83.6455070672
-83.725835505
-83.8992013691
-83.7759569829
-83.9411076484
-83.7735393955
-83.7316153277
-83.7428843096
-83.887410522
-83.8586175783
-83.7346225664
-83.8284157535
-83.6686873681
-83.7388498779
-83.6543980591
-83.7946010648
-83.7547546987
-83.7930651884
-83.8178070174
-83.7343714204
-83.718236092
-83.6272068608
-83.7563171593
-83.88350529
-83.7704986424
-83.6780867485
-83.6490779582
-83.7849427739
-83.6669310559
-83.7365504955
-83.5732524867
-83.7478632989
-83.8539718456
-83.7430400646
-83.5035613749
-83.5291022435
-83.6672312749
-83.8426730858
-83.6792337907
-83.6967405558
-83.7536633935
-83.730561824
-83.8931106129
-83.7995142331
-83.7801640831
-83.7505481758
-83.7712422058
-83.9107800943
-84.0163644099
-83.837825402
-83.649896557
-83.7734317645
-83.7243307492
-83.757023973
-83.7307036158
-83.7243101631
-83.7407737742
-83.8625046475
-83.6163750938
-83.5892769926
-83.578190312
-83.6019783755
-83.6397311468
-83.7172050929
-83.5666720113
-83.7909544636
-83.4588344502
-83.7178649328
-83.658909746
-83.7602321796
-83.6010514564
-83.4856176151
-83.8711621964
-83.7140625011
-83.7146900686
-83.554245139
-83.8663687784
-83.5441478846
-83.7658027535
-83.5132620135
-83.5589941403
-83.3877655571
-83.6922577686
-83.6881372943
-83.8792790182
-83.7870444898
-83.7905576277
-83.8378743928
-83.7005904972
-83.6759588928
-83.5835518502
-83.7099078244
-83.6203243075
-83.6780046521
-83.5272436173
-83.6266050938
-83.6114891196
-83.6528506794
-83.8891692168
-83.818985037
-83.6692546576
-83.7964336218
-83.6571204789
-83.7431987658
-83.7431965682
-83.763583048
-83.7183615072
-83.7214838895
-83.6878526589
-83.6389612995
-83.6819243739
-83.586418243
-83.726208566
-83.4690508787
-83.5108462671
-83.6554350867
-83.5904967759
-83.717319835
-83.602668951
-83.456660371
-83.6658826228
-83.5984819447
-83.6464312289
-83.7425703788
-83.7139683032
-83.6276214909
-83.6584006637
-83.691141217
-83.4601648862
-83.5528476475
-83.8696363277
-83.5748995862
-83.6807925425
-83.7681870236
-83.7194414142
-83.8080524984
-83.5247710479
-83.6943113493
-83.590262686
-83.5836031247
-83.7230216899
-83.8654672999
-83.673102587
-83.5737674974
-83.5445137956
-83.6611981894
-83.749278206
-83.7109648547
-83.6534677555
-83.7193691191
-83.7258715255
-83.6728722505
-83.812501472
-83.794887618
-83.5968535859
-83.7381124977
-83.6610315095
-83.6861627587
-83.5596027213
-83.5863005248
-83.4036898641
-83.6675730974
-83.5656448796
-83.7223267608
-83.4635982202
-83.9487368615
-83.5743993032
-83.7215215208
-83.5491151727
-83.7174852478
-83.6969971739
-83.517276146
-83.7079020921
-83.5176940907
-83.7480152224
-83.674467003
-83.5821925281
-83.6863043491
-83.6748401425
-83.5812665466
-83.6446464393
-83.5817446919
-83.8331013129
-83.6051851747
-83.6074464192
-83.4484201193
-83.7379213954
-83.8650149764
-83.3611786674
-83.6340975988
-83.8100944422
-83.6221502116
-83.6845748612
-83.7548489139
-83.8405090775
-83.7838127692
-83.654873004
-83.626601174
-83.5171884903
-83.7487030623
-83.4460317865
-83.6576223016
-83.7061935802
-83.7876873263
-83.6092784139
-83.7158347372
-83.6650722273
-83.5472759859
-83.4147788045
-83.6569661399
-83.7363346396
-83.7223170235
-83.7708123039
-83.4412245629
-83.8027228509
-83.7632177367
-83.6122427008
-83.6379355636
-83.7882853586
-83.5314786747
-83.721723445
-83.7511225738
-83.8341620416
-83.7261683043
-83.6733238446
-83.6788120012
-83.760845543
-83.6047448997
-83.570436618
-83.8365354085
-83.6672015444
-83.7282061914
-83.5598323658
-83.4688802398
-83.5690446297
-83.6849309418
-83.7185854335
-83.653654641
-83.7017471078
-83.5376953425
-83.6732178218
-83.5356949763
-83.5352547208
-83.5240192835
-83.5896347237
-83.6782326871
-83.7228660273
-83.7621980492
-83.8180596896
-81.6740680372
-83.496367508
-83.5726492376
-83.6055599717
-83.6223803767
-83.7324476877
-83.5698242691
-83.6095439198
-83.5226494936
-83.6793669374
-83.7628814931
-83.9491458113
-83.6903270871
-83.7779011692
-83.4720523339
-83.3131536084
-83.5861279427
-83.6415683712
-83.6258349641
-83.8490040071
-83.6485308078
-83.6181767552
-83.830305726
-83.5414287856
-83.7311358463
-83.5718133213
-83.8690946489
-83.6806245811
-83.3414977335
-83.6338255014
-84.0229877324
-83.8106647509
-83.7172635719
-83.6387322708
-83.6449400566
-83.7082251744
-83.9253517802
-83.5207086527
-83.706657766
-83.5277256948
-83.8168396824
-83.5767938857
-83.6336236824
-83.5414376514
-83.6449013594
-83.6361052507
-83.6159389284
-83.3064093019
-83.7144049809
-83.6634474391
-83.8562660202
-83.6236097975
-83.5872426457
-83.6994660995
-83.7242358256
-83.6681495638
-83.632917908
-83.57217513
-83.5905109602
-83.5915694776
-83.6006281322
-56.9235969666
-83.5982993494
-83.6575835863
-83.6766494081
-83.6425819436
-83.3867097253
-83.6792881211
-83.7723489046
-83.6477752114
-83.6324563874
-83.4026512872
-83.7665745035
-83.713802865
-83.7463580601
-83.8327026387
-83.7302604157
-83.4173927535
-83.7794481056
-83.5065369044
-83.6973491019
-83.6522003761
-83.8006450838
-83.5625465526
-83.8434511207
-83.7611177938
-83.6019652754
-83.6455169868
-83.6067407897
-83.8051978826
-83.5693881254
-83.7584599929
-83.6018925206
-83.4598115621
-83.6821454749
-83.7420950997
-83.7220929809
-83.7575476566
-83.4327012101
-83.7616795111
-83.5662176639
-83.7665549149
-83.6123650609
-83.5613202352
-83.7359799301
-83.6675118186
-83.6065681215
-83.4682674053
-83.5721149709
-83.3349873468
-83.7326710754
-83.7071966642
-83.7511713351
-83.4423962431
-83.7503837811
-83.4432300927
-83.8659482421
-83.5678971343
-83.7332830852
-83.3587794657
-83.5119644473
-58.4347641838
-83.8479708639
-83.6296607687
-83.7195904102
-83.5645715248
-83.6447929669
-83.6335026938
-83.6249728033
-83.4930500542
-83.4553724337
-83.6216619176
-83.6653335163
-83.7743963286
-83.6981260385
-83.4676442523
-83.8218109829
-83.6574756817
-83.6071213446
-83.4895840908
-83.8625712608
-83.6246537597
-83.7825429387
-83.3863187683
-83.7333153354
-83.6317375668
-83.812936361
-83.75482111
-83.7109143078
-83.6812358635
-83.7541958914
-83.4397487028
-83.688574485
-83.8073430503
-83.6245969817
-83.7180355193
-83.4833066921
-83.5807717299
-83.6406479746
-83.8432132826
-83.4639165578
-83.5363793833
-83.5333331971
-83.6036032977
-83.5716106027
-83.6577221851
-83.6632541171
-83.7425048307
-83.6952623804
-83.6903136991
-83.8479838337
-83.6425683858
-83.5698336442
-83.6969104641
-83.6226614755
-83.5961137871
-83.7009855339
-83.9472340172
-83.5973955721
-83.6137934106
-83.6885101951
-77.3227663415
-83.5524987555
-83.5713893305
-83.7278513814
-83.6222252043
-83.6654091072
-83.4889240285
-83.6321434683
-83.4059859176
-83.6532741097
-83.8617432244
-83.4785575792
-83.6557602256
-83.5062005275
-83.6617112352
-83.6612738205
-83.6626414248
-83.6296447331
-83.941773409
-83.655500721
-83.4789771122
-83.6622494679
-83.6127514368
-83.6635835102
-83.6410824219
-83.6029386952
-83.7941878841
-83.7888209129
-83.655267041
-83.5505908738
-83.3928503075
-83.691971727
-83.6958946318
-83.7980794075
-83.6014666933
-83.5388162062
-83.4748243024
-83.689327349
-83.5565626412
-83.5871190041
-83.4695278559
-83.6471365058
-83.7335075286
-83.6233688374
-83.5706650091
-83.5927893133
-83.7306011544
-83.655019717
-83.661127145
-83.7120315718
-83.6797688901
-83.6123259588
-83.4410484646
-83.75975459
-83.6853838386
-83.6107239732
-83.7038392928
-83.6903558693
-83.78425667
-83.8531923361
-83.598749983
-61.7910555899
-83.475427382
-83.7318955996
-83.6372741898
-83.6467723847
-83.6437037494
-83.6791711676
-83.6889147063
-83.4383157495
-83.6227331891
-83.5044237099
-83.6513593754
-83.584775077
-83.6369799527
-83.7163692257
-83.5391942574
-83.8591075652
-83.6137315183
-83.5747493027
-83.6766952901
-83.642084744
-83.6200541837
-83.5286936797
-83.2481747251
-83.763026729
-83.6455219461
-83.695411538
-83.5010597728
-83.7302821252
-83.6886994366
-83.5499096893
-83.7772097375
-83.7244295123
-83.5973617533
-83.6899804092
-83.5172716963
-83.6951935313
-83.60519843
-83.6042719466
-83.9096403889
-83.795549944
-83.8898662426
-83.6012583421
-83.6565518737
-83.6987268223
-83.3540956051
-83.7762989673
-83.6619092641
-83.7248853847
-83.5690169503
-83.557046236
-83.4816764667
-83.5785631915
-83.6947150317
-83.5243027476
-83.9045327693
-83.6753402643
-83.6988073182
-83.7573989089
-83.732545444
-51.805562442
-83.6695846052
-83.721891565
-83.6477492992
-83.4528046291
-83.6868674546
-83.5891064829
-83.591348305
-83.7803594031
-83.6073658355
-83.5001224972
-83.7629596232
-83.6455902198
-83.7644438804
-83.7106541755
-83.6651873645
-83.6654636569
-83.4344720649
-83.56070847
-83.4921236343
-83.7326138931
-83.4780760374
-83.3917966555
-83.7121120083
-83.6411871595
-83.6394594671
-83.8185700541
-83.7760281788
-83.5382480891
-83.423659017
-83.5873011042
-83.6471708497
-83.696621715
-83.4360562067
-83.5853666044
-83.6823038297
-83.5697022929
-83.7447429455
-83.4439313477
-83.6799614538
-83.701194747
-83.4988791623
-83.589439643
-83.7337102745
-83.6572157106
-83.760473943
-83.950399586
-83.6095769387
-83.7415942251
-83.5504773429
-83.6524773411
-83.9585170422
-83.5411342467
-83.6513741546
-83.9109086724
-83.7153818246
-83.7191349584
-83.508041014
-83.875146696
-83.3753145335
-68.501368925
-83.9218087438
-83.5506792539
-83.6606599716
-83.5867109409
-83.521988538
-83.520434939
-83.5207572568
-83.7605495382
-83.8255567329
-83.6116771797
-83.4626169019
-83.7372196657
-83.6785262268
-83.6394865994
-83.6939705727
-83.6369387186
-83.8153403971
-83.6844354386
-83.7474782183
-83.5602456186
-83.7131493687
-83.6714316039
-83.6572157567
-83.6873135461
-83.7479668702
-83.5384993717
-83.6446138789
-83.5553046086
-83.648961443
-83.6510302064
-83.6817945562
-83.6267598444
-83.5842804047
-83.6287298227
-83.7501074479
-83.6249711931
-83.7039199776
-83.5141336515
-83.8116395733
-83.4923139613
-83.5654931552
-83.6425127643
-83.705561171
-83.7958139632
-83.4773126292
-83.708506883
-83.4899289606
-83.8156369957
-83.7756790504
-83.7991062593
-83.6066591992
-83.6356142036
-83.7408693801
-83.6244494745
-83.5136240641
-83.4772286541
-83.6547359617
-83.5911171825
-83.5917499005
-83.5934885174
-59.1647244327
-83.831770971
-83.5600502488
-83.7298448919
-83.7987705309
-83.6942134424
-83.8110661996
-83.6963306273
-83.3067771474
-83.7251143153
-83.6623379425
-83.6510856129
-83.6514806271
-83.5736622273
-83.8744944697
-83.7744601782
-83.6162067793
-83.733497735
-83.6348612663
-83.4579426525
-83.686397324
-83.7896261296
-83.5574995809
-83.5716154185
-83.8154526865
-83.6341314657
-83.6779224614
-83.7534334006
-83.5664472898
-83.6351399725
-83.8232344828
-83.217796585
-83.5867858089
-83.6851406363
-83.7556705452
-83.6129630164
-83.8077299291
-83.6547686417
-83.6319253009
-83.6557609851
-83.779798562
-83.8587040764
-83.7273580844
-83.6525382795
-83.8175095088
-83.7340805039
-83.7967106233
-83.5080515078
-83.5432371124
-83.619152713
-83.655960706
-83.5266348285
-83.7213348808
-83.5047838282
-83.5249253301
-83.7573469466
-83.6354751971
-83.701698785
-83.7670705659
-83.5465825827
-49.9697421113
-83.5485943491
-83.7263694017
-83.5644417078
-83.6488263925
-83.7306837277
-83.7064525114
-83.6963829136
-83.7932504169
-83.8335921478
-83.7650588378
-83.6153546246
-83.8425721313
-83.7797971176
-83.6283536773
-83.7487821098
-83.7128993089
-83.7502939161
-83.7370367904
-83.5042626547
-83.5178728503
-83.6110911504
-83.5411063352
-83.7287125484
-83.666729258
-83.7621346246
-83.5961665566
-83.6768109889
-83.6015120587
-83.6957875651
-83.6018375351
-83.4800692943
-83.405561758
-83.5267129512
-83.472897835
-83.5241082541
-83.6747835769
-83.7884993587
-83.7516950849
-83.7416001897
-83.539062873
-83.60324411
-83.8214011056
-83.8067158565
-83.5361135606
-83.6096029671
-83.5087064605
-83.7803340301
-83.7850848164
-83.4840840241
-83.4731595287
-83.8724733241
-83.622377572
-83.4453953515
-83.5758316
-83.712156496
-83.7078743894
-83.7802337074
-83.931323876
-83.6259294583
-65.4522318912
-83.4155419031
-83.7275273233
-83.781219727
-83.7850213709
-83.5549741891
-83.8529689724
-83.5994777272
-83.6457413928
-83.6824969419
-83.5791556975
-83.7305091302
-83.8464455878
-83.6533821604
-83.6269114662
-83.8523415537
-83.7705890401
-83.7106734163
-83.7127898346
-83.7804762078
-83.6695039785
-83.7004553398
-83.7172214407
-83.62961242
-83.5305687079
-83.6992925705
-83.6131286323
-83.5787718246
-83.7568858892
-83.8132895718
-83.6107977139
-83.5879537864
-83.6477931437
-83.5724068786
-83.8030869985
-83.7167605619
-83.5621943039
-83.5132150179
-83.6693728366
-83.7173669072
-83.7023237526
-83.5971083745
-83.7649290255
-83.5502162219
-83.6750795641
-83.9642009124
-83.6806723213
-83.789837557
-83.6842183859
-83.8099193986
-83.8219655456
-83.6577442349
-83.560275693
-83.6074174379
-83.8239202992
-83.7326967385
-83.5357702578
-83.7026672806
-83.8174891058
-83.6411337929
-83.7602192138
-65.7384408471
-83.5747241318
-83.6208815495
-83.6570383676
-83.6835024109
-83.6769894533
-83.5623479644
-83.6045843705
-83.6807472007
-83.7360716888
-83.8199759975
-83.5712126995
-83.5660307274
-83.7569145127
-83.8016045416
-83.5774676463
-83.7792158691
-83.4537288251
-83.7646053945
-83.8680649922
-83.4995053064
-83.6897616893
-83.8424788253
-83.7032438619
-83.6245115246
-83.5316079242
-83.6423520266
-83.7506662482
-83.7344418801
-83.5561587859
-83.6449353401
-83.5794589398
-83.6440809947
-83.7413972282
-83.6614843648
-83.5087331463
-83.5942102525
-83.771623402
-83.8818672997
-83.614764813
-83.8031769388
-83.4979342905
-83.582667596
-83.8959147219
-83.5031699205
-83.7047664736
-83.6744371378
-83.5577539945
-83.6075642852
-83.5592393309
-83.8206866184
-83.6062515015
-83.6378782293
-83.5201496302
-83.6965641078
-83.5421818665
-83.6169911223
-83.6704291938
-83.5575503616
-83.7252485005
-54.8543997425
-83.5798517961
-83.7499756325
-83.6445946539
-83.835551802
-83.4969030209
-83.6679049294
-83.7566553801
-83.4538315043
-83.6515172423
-83.6471781121
-83.6576442727
-83.6672259342
-83.6369873251
-83.6547825534
-83.8208613497
-83.6434959661
-83.6368974228
-83.7489599767
-83.6890130419
-83.659664638
-83.6190819526
-83.6430336654
-83.8016665772
-83.5705418863
-83.4278602994
-83.80057569
-83.6702048241
-83.747635562
-83.7746058704
-83.7757981962
-83.8137633184
-83.7117106107
-83.735729194
-83.7307619457
-83.7020230652
-83.8408076235
-83.7566480697
-83.7402031274
-83.6751797877
-83.4023400014
-83.7053762262
-83.6144294474
-83.8036683576
-83.7155378366
-83.6544625023
-83.5701671534
-83.533199126
-83.7296730968
-83.2695454412
-83.4752809503
-83.7569698052
-83.7709107694
-83.7426086693
-83.5718010838
-83.7211480098
-83.6863628223
-83.6400685925
-83.6034257252
-83.6273937201
-59.6150266321
-83.7269129613
-83.4743809853
-83.8809791017
-83.7310255057
-83.6483108825
-83.5178510559
-83.7872891202
-83.7755214769
-83.594974066
-83.5906136349
-83.6422373866
-83.7097563276
-83.8226659527
-83.6212227522
-83.4797114185
-83.7160858869
-83.4613390647
-83.8603997083
-83.5047594357
-83.7875739998
-83.6188384674
-83.6978413639
-83.4668003691
-83.7855665624
-83.6066054222
-83.5631165194
-83.7998950761
-83.6518079579
-83.7488478799
-83.4863239589
-83.7560115854
-83.747415034
-83.5444207802
-83.5807473655
-83.8355691883
-83.7308383998
-83.6692965418
-83.6026304694
-83.6549595491
-83.7191755677
-83.8257640117
-83.731640641
-83.6512502566
-83.5820946824
-83.6340947304
-83.4877841365
-83.5707673822
-83.6807035377
-83.5375896734
-83.7682012885
-83.6398746965
-83.7591341106
-83.7650465282
-83.5844086495
-83.8336423947
-83.5109617175
-83.623269547
-83.6902028603
-83.6229945561
-83.6845155273
-76.0887813153
-83.6225155386
-83.7286192638
-83.6729671153
-83.7019687585
-83.6344600297
-83.8263828269
-83.6242054635
-83.5445802278
-83.786363986
-83.6326535423
-83.7591138851
-83.6539202979
-83.7226548653
-83.6158977046
-83.4253061734
-83.4922857972
-83.5179981247
-83.8077197118
-83.678920729
-83.8855809698
-83.7753779433
-83.815232034
-83.5794939841
-83.7188720762
-83.5058984197
-83.7546918273
-83.6439248343
-83.7020938728
-83.689474756
-83.6573603852
-83.5776471322
-83.5716306185
-83.6350095644
-83.6835969442
-83.4581602688
-83.3994392912
-83.7258213336
-83.6422802999
-83.5964182652
-83.7944404953
-83.8308917933
-83.6640840867
-83.6437533281
-83.6955033879
-83.6666859356
-83.5566371557
-83.7385181266
-83.4981456914
-83.5348411297
-83.6917845049
-83.6821707041
-83.5408561195
-83.5374346867
-83.6468100766
-83.7534284065
-83.6594160765
-83.5500232993
-83.6985679637
-83.6234359965
-56.1101696671
-83.5488414525
-83.6815722562
-83.6116117926
-83.5888597298
-83.7908243182
-83.5664766531
-83.6172023234
-83.7463065111
-83.6444437366
-83.7729129697
-83.462940875
-83.6020026242
-83.6185780387
-83.6744639333
-83.7598600493
-83.8015603323
-83.7056417204
-83.8352046038
-83.7359534275
-83.6497072564
-83.6758855698
-83.6764134032
-83.6437535322
-83.6873054689
-83.7331363617
-83.7147867911
-83.5379143394
-83.8457844742
-83.7074121749
-83.6834596081
-83.6212054187
-83.5870089923
-83.7805230901
-83.7677400399
-83.75206759
-83.6922987535
-83.7492834745
-83.7883349785
-83.4991349172
-83.8908994889
-83.7032253796
-83.701804407
-83.7970481478
-83.6728974113
-83.7949188827
-83.7613960296
-83.6542894281
-83.729085588
-83.5791289739
-83.6305132773
-83.5964826459
-83.7050098766
-83.6739312428
-83.5009484175
-83.6772359426
-83.7600936538
-83.730164622
-83.6939101563
-83.369126362
-57.263743246
-83.6226801226
-83.7847557545
-83.5319293096
-83.5237638132
-83.7467425398
-83.7549539131
-83.8163241202
-83.7186853015
-83.7204740512
-83.7002828535
-83.9076304243
-83.7298084445
-83.7492240837
-83.8184237617
-83.5217963803
-83.5801117814
-83.564495734
-83.7648605494
-83.6701120243
-83.6120232048
-83.4786210299
-83.8045999952
-83.6283977937
-83.6601012956
-83.5240842192
-83.8422249232
-83.4799633591
-83.7670973935
-83.7804927926
-83.7780783815
-83.7454414845
-83.748789505
-83.5548019799
-83.8191800954
-83.6387846632
-83.8300427629
-83.5385415961
-83.7467917509
-83.6149527576
-83.7591356861
-83.7237431393
-83.7211774743
-83.762710807
-83.7673537106
-83.6495214901
-83.7029873413
-83.5632752186
-83.6618371811
-83.6897219028
-83.642918791
-83.5542414838
-83.7428373769
-83.6347715243
-83.5408039971
-83.6889523157
-83.7780259477
-83.5392107646
-83.7241515459
-83.4935857512
-83.4722522509
-75.5643555959
-83.7253221866
-83.8011071987
-83.7604695803
-83.84428199
-83.7557805103
-83.4527844608
-83.6215284712
-83.5698375337
-83.6482688923
-83.6944960505
-83.5683563028
-83.8056923647
-83.6152261355
-83.8179788498
-83.866343213
-83.6024322874
-83.7592825481
-83.7844460578
-83.580180314
-83.2005548017
-83.6325696258
-83.6375804655
-83.796939718
-83.5334133279
-83.6485423583
-83.6528586056
-83.6400308112
-83.8334081105
-83.6217165306
-83.6342352343
-83.7808397822
-83.8751428081
-83.6583002224
-83.5913288071
-83.7639760761
-83.7284259787
-83.6177202706
-83.7878809474
-83.7167332374
-83.7911689118
-83.7567331381
-83.6182753848
-83.6402473663
-83.6918637249
-83.7808002005
-83.8400055264
-83.5135246889
-83.740759543
-83.9487269342
-83.6935956456
-83.6313996011
-83.8183715158
-83.7239923818
-83.509913883
-83.8676113616
-83.7385781668
-83.8190761353
-83.7419567268
-83.6659840587
-54.7291152715
-83.7357044153
-83.7663087353
-83.5718671885
-83.7296292697
-83.7466535186
-83.6426588637
-83.6561316339
-83.4386851327
-83.6400710656
-83.6280128958
-83.626899947
-83.5567504092
-83.680770894
-83.6227689844
-83.7714998816
-83.4975061754
-83.6002019807
-83.6936271047
-83.5110823459
-83.7177911968
-83.6435617371
-83.8119858364
-83.4979680254
-83.549103683
-83.7252132918
-83.5787258144
-83.7202616034
-83.5221073046
-83.4083282711
-83.7536793113
-83.645473574
-83.6973242292
-83.5785755885
-83.5255046146
-83.6628523065
-83.6706314072
-83.8614795652
-83.6708719806
-83.7388389182
-83.595892107
-83.7957567162
-83.7062423385
-83.5262997389
-83.6038871501
-83.7812927532
-83.5679387475
-83.6807913442
-83.6839848473
-83.5217526654
-83.4922371953
-83.700164268
-83.8089579891
-83.8167781321
-83.7547359028
-83.6428337584
-83.6727974197
-83.5925372648
-83.5569896724
-83.5462097098
-57.470692685
-83.7597823158
-83.8115845991
-83.6272579108
-83.6157049866
-83.6003570123
-83.7542646522
-83.6859416238
-83.8623299105
-83.6893379131
-83.6937255425
-83.4920528576
-83.6259431795
-83.6458590432
-83.6885653726
-83.542485067
-83.7591098701
-83.760904567
-83.795108987
-83.8579184316
-83.5273782832
-83.8175909918
-83.8551715245
-83.5286841061
-83.6103082298
-83.5549613699
-83.617899508
-83.7423782847
-83.5184337056
-83.6086876919
-83.6403858752
-83.9559254044
-83.5670373794
-83.8500263675
-83.6963203496
-83.7947589419
-83.8061762583
-83.4978230013
-83.8434517987
-83.7492590522
-83.4272501634
-83.6227518851
-83.5607469936
-83.8107218009
-83.6623421899
-83.9363630817
-83.472796793
-83.5900721698
-83.5297071797
-83.6351611627
-83.5741615715
-83.7356253208
-83.8572015118
-83.524418866
-83.6544375865
-83.610290002
-83.8715187407
-83.7717200593
-83.7487113717
-83.6519865254
-83.6026231526
-74.2141856711
-83.8311100725
-83.7270716865
-83.4658338466
-83.6156330736
-83.5622598728
-83.4230206682
-83.7244007823
-83.7709857893
-83.7415988494
-83.8036094129
-83.6857146319
-83.6218549923
-83.6326573352
-83.7161705527
-83.5997331597
-83.601214165
-83.4325572741
-83.613604862
-83.675312421
-83.8406500598
-83.4519202268
-83.5371170548
-83.5184278936
-83.7000519759
-83.5688951441
-83.6412257091
-83.8786881889
-83.6759952217
-83.6988179748
-83.6661148426
-83.7913410173
-83.7007084621
-83.7281046912
-83.6036007655
-83.992977017
-83.7564798552
-83.8165233687
-83.5300308969
-83.8301975014
-83.6550428662
-83.523445211
-83.6245509198
-83.7499387487
-83.6686871996
-83.7492045758
-83.772392021
-83.6406214911
-83.5587749569
-83.6330537328
-83.4301210804
-83.6464464095
-83.6271317879
-83.6385023285
-83.5370645714
-83.7396250814
-83.816888452
-83.685868898
-83.7589771235
-83.6178595688
-54.5797412474
-83.6664740195
-83.5379278998
-83.8017336531
-83.6742152264
-83.6247860623
-83.5719655283
-83.9475097718
-83.7621611863
-83.330310735
-83.7919671491
-83.6860999604
-83.7236226266
-83.6317090007
-83.5706570717
-83.7519694595
-83.5807204402
-83.6435380848
-83.8962551296
-83.6739815532
-83.5589902273
-83.5318354134
-83.7438482913
-83.7332602609
-83.6961038205
-83.6694204314
-83.6391677371
-83.9335795047
-83.7779870721
-83.4710546772
-83.4319355762
-83.6958792785
-83.6624061869
-83.4093614862
-83.7148018257
-83.7738393614
-83.6076342059
-83.7359389441
-83.6229012628
-83.8819895547
-83.7348736657
-83.6402862594
-83.7557441454
-83.8514018785
-83.5899526482
-83.5853730986
-83.6903064204
-83.6448664384
-83.8363730992
-83.7184543491
-83.6249707983
-83.8495665291
-83.7936250085
-83.5644169336
-83.5907804622
-83.683723603
-83.5801445672
-83.7536192183
-83.4119675478
-83.9181686123
-57.4207643465
-83.9056007463
-83.5252888501
-83.5344651604
-83.638106044
-83.6006144482
-83.7401754633
-83.7030832856
-83.6397919243
-83.701370032
-83.5891498378
-83.5137913508
-83.6833188555
-83.6569367704
-83.7516225943
-83.7904987629
-83.5236068653
-83.5336458589
-83.8644419912
-83.5756789325
-83.7670484145
-83.3699826139
-83.5726390993
-83.6037266034
-83.468069738
-83.5652075981
-83.7728123577
-83.8048855059
-83.7219856912
-83.6550703891
-83.6423853669
-83.6102672098
-83.5416254351
-83.5641737325
-83.686723568
-83.6378014221
-83.680749298
-83.7888099836
-83.8616142659
-83.6743049761
-83.685204835
-83.5064523676
-83.5678437623
-83.8588035568
-83.7570309437
-83.6443723594
-83.6571913618
-83.5235277909
-83.8103888394
-83.6541993715
-83.6115529481
-83.5491783764
-83.7889405191
-83.7260182837
-83.6684051167
-83.6295484832
-83.6855593658
-83.6371041467
-83.5825321555
-83.492543521
-83.4987903441
-72.4080020161
-83.6431865429
-83.6086161298
-83.5883878622
-83.7025946408
-83.7012819749
-83.5659014034
-83.7044648851
-83.5291790834
-83.7228984525
-83.6550386841
-83.5383191134
-83.616997714
-83.6457615817
-83.6997553062
-83.7063677329
-83.7124316493
-83.5232999318
-83.8017442044
-83.6233335307
-83.6146713172
-83.7092455203
-83.774282828
-83.634927665
-83.6768818754
-83.5060920269
-83.5774376581
-83.7327897972
-83.7242640297
-83.447130251
-83.672911438
-83.7774166496
-83.5188126225
-83.837020886
-83.60142833
-83.568183401
-83.5812727747
-83.5557093086
-83.6829299919
-83.4246457756
-83.8273141395
-83.7271999596
-83.6753602393
-83.5644999053
-83.5656430122
-83.6054865711
-83.5483503709
-83.6355465353
-83.5724379427
-83.6280715632
-83.6865701215
-83.562158962
-83.6408279296
-83.5776264931
-83.7137200423
-83.6286505001
-83.7889019955
-83.5665255798
-83.6535419194
-83.6098059431
-53.6925839811
-83.6473159116
-83.7240943854
-83.5293534253
-83.797939047
-83.6663939557
-83.6216926023
-83.6955471623
-83.6275831879
-83.5335514661
-83.8317927804
-83.5562317481
-83.8463816824
-83.6442248372
-83.5864812208
-83.4322555551
-83.7390792467
-83.6838064913
-83.7908466784
-83.2886710029
-83.7862310561
-83.6651849035
-83.5720437421
-83.7792012827
-83.5535115035
-83.7263624477
-83.8003009316
-83.3235290888
-83.4773652387
-83.8053217551
-83.8480738228
-83.749207324
-83.6418174185
-83.5649659858
-83.7216733811
-83.7611969248
-83.6105364275
-83.8807429455
-83.636607916
-83.6244801841
-83.4955363222
-83.5251475628
-83.7015057137
-83.5904913779
-83.738426147
-83.8751230211
-83.5918255948
-83.6473082694
-83.8226098026
-83.7626284098
-83.2692732198
-83.6143809201
-83.5989223325
-83.6137683123
-83.7543170517
-83.6078813994
-83.470966307
-83.5816077497
-83.5290502016
-83.5122283541
-59.5272781309
-83.6895372935
-83.6564343815
-83.4894553241
-83.5398021988
-83.7011897112
-83.8372888076
-83.5876883992
-83.603886285
-83.4181970919
-83.43145287
-83.6375730906
-83.6055204598
-83.8171469896
-83.7519017018
-83.4848474395
-83.7180024441
-83.732153968
-83.8573682859
-83.874640426
-83.8104615477
-83.607688373
-83.6255538542
-83.6422887257
-83.719934527
-83.6717362154
-83.6021922763
-83.776821647
-83.5484923253
-83.4924057389
-83.7373689072
-83.5015809638
-83.4330689702
-83.6778883783
-83.5071648375
-83.5573884601
-83.6429921213
-83.6673001042
-83.7427103459
-83.6050270154
-83.7610882714
-83.7062944151
-83.8158349012
-83.6702544804
-83.5451743006
-83.7463736829
-83.4998722223
-83.4659551818
-83.7106183558
-83.6855565823
-83.6515912269
-83.5644187201
-83.6512059157
-83.6366346135
-83.6411599916
-83.6192520213
-83.4978863814
-83.4298234297
-83.8034055961
-83.2934310261
-83.734388828
-68.3797038571
-83.5497916502
-83.6587144551
-83.574927148
-83.6259900961
-83.7710840566
-83.5383061457
-83.7175819361
-83.8850476897
-83.6227669543
-83.7646329332
-83.7186670544
-83.6757965307
-83.748014741
-83.6854157087
-83.6875871835
-83.7361904901
-83.8115952878
-83.6297763936
-83.4829954681
-83.7785966452
-83.7474298194
-83.4808813372
-83.6310738071
-83.582126606
-83.6550589403
-83.8157082224
-83.7788733938
-83.3126314673
-83.6450464342
-83.7410661251
-83.70909007
-83.7007736376
-83.5994045632
-83.6498266618
-83.6318060234
-83.6114494103
-83.7748445932
-83.675409186
-83.670608405
-83.6536349731
-83.4720125863
-83.770914076
-83.8227420606
-83.8158257764
-83.6354042832
-83.6918324378
-83.6125592657
-83.7421376163
-83.8015619967
-83.5302928773
-83.8909231765
-83.593656473
-83.5658524049
-83.5920383078
-83.7503632696
-83.7819816647
-83.6139821609
-83.5913449087
-83.7584809934
-53.4209614307
-83.6760943334
-83.7946240867
-83.4149737575
-83.628254404
-83.5703139715
-83.5237903116
-83.5983361558
-83.6631725797
-83.6928610012
-83.5455811208
-83.5653874636
-83.4916567212
-83.6478473623
-83.6839262957
-83.7203351637
-83.7381234588
-83.7162039533
-83.535776216
-83.6344747586
-83.6821137502
-83.8296673063
-83.7109838232
-83.5083478138
-83.5815519625
-83.428128196
-83.3412270678
-83.6428334127
-83.6438146825
-83.6802033957
-83.7044777238
-83.7044790199
-83.6355462559
-83.630344324
-83.6016888707
-83.4864586126
-83.5350206721
-83.7053639063
-83.6868330155
-83.5357777946
-83.7749472924
-83.516730653
-83.7379970285
-83.7976839442
-83.7812890089
-83.7489892403
-83.5852046152
-83.8950335638
-83.8591076659
-83.5399920671
-83.6845513934
-83.7726899428
-83.6455397255
-83.6309396975
-83.5617809583
-83.7234538035
-83.2906908264
-83.5804275466
-83.6276018867
-83.148298992
-59.624629743
-83.4463790417
-83.7030537019
-83.638078465
-83.7937253723
-83.7157560815
-83.4435413966
-83.7109215809
-83.6619969359
-83.5907931827
-83.771042481
-83.6239190344
-83.5858166782
-83.6152533487
-83.6071787668
-83.6962086108
-83.7062714414
-83.5548893822
-83.6047557001
-83.6680301567
-83.8067987384
-83.750027141
-83.5563433493
-83.6924913389
-83.4909868189
-83.7162839655
-83.7992243985
-83.5961942765
-83.8116063015
-83.5587840752
-83.7671278982
-83.7651597789
-83.4340161326
-83.6475238134
-83.892837677
-83.6696941982
-83.6364152601
-83.8161039827
-83.486300135
-83.7356177714
-83.6716105596
-83.6161498252
-83.5663834044
-83.520751345
-83.7102208819
-83.5836769437
-83.7427582853
-83.6697880251
-83.7752848549
-83.3352414916
-83.6340246818
-83.6440904269
-83.8615682133
-83.6408878472
-83.704216583
-83.6569765789
-83.6416449042
-83.7783337755
-83.4159165421
-83.6315109342
-83.7909586948
-71.8926955963
-83.8817706968
-83.7513607785
-83.6477674254
-83.714671074
-83.7728915049
-83.7549131671
-83.6961838213
-83.5286795981
-83.7483779285
-83.4801176494
-83.6177121646
-83.7278462453
-83.7027385099
-83.4571483791
-83.7401025859
-83.6731499126
-83.6351943018
-83.8249497508
-83.6078653982
-83.6485168086
-83.7664495847
-83.2048417403
-83.4950547547
-83.4517627015
-83.690841955
-83.7648440111
-83.8458620274
-83.7192556137
-83.507254592
-83.8827842927
-83.8527422349
-83.5747498341
-83.5429338762
-83.5635745261
-83.7109259544
-83.8409119081
-83.6854942141
-83.6479681814
-83.7304000347
-83.6106059462
-83.841710477
-83.6814312031
-83.775376784
-83.8157289248
-83.6383337259
-83.6506388774
-83.6538619474
-83.8559371783
-83.7345561524
-83.7502291866
-83.6143782017
-83.7415911227
-83.6625882329
-83.6825881253
-83.6410534752
-83.7373521662
-83.7624570611
-83.6577815766
-83.6959969648
-53.6995756769
-83.6240002155
-83.6332991028
-83.6571894304
-83.7250688792
-83.5460929976
-83.6885143901
-83.7830241892
-83.7538008221
-83.8825036043
-83.6419033236
-83.5744958389
-83.6914251928
-83.8246828306
-83.786825096
-83.8326760319
-83.6571137613
-83.8271627321
-83.8238230088
-83.7133744052
-83.7332564793
-83.7974147026
-83.4993215927
-83.3813170836
-83.6137967578
-83.8083891176
-83.6836525968
-83.8787110671
-83.6885348366
-83.8645323962
-83.6553227083
-83.6876047978
-83.6594818225
-83.729473546
-83.6748147355
-83.5779413345
-83.7314978139
-83.6264221935
-83.6528709753
-83.7462011943
-83.6660585606
-83.7468701291
-83.5103941438
-83.4950027184
-83.6300970084
-83.8621205206
-83.5081597086
-83.5758243095
-83.8257721682
-83.8357883267
-83.796171841
-83.6821803909
-83.6540613941
-83.8229364016
-83.7296749034
-83.6088803002
-83.7034439306
-83.3966287623
-83.5627085205
-83.6098370115
-57.8055886228
-83.4645322318
-83.6675884536
-83.7244470813
-83.6815982674
-83.6348079118
-83.6288790838
-83.6511093753
-83.690570541
-83.6166986762
-83.4686110139
-83.6189706437
-83.7247607096
-83.5161210843
-83.744743816
-83.785594282
-83.6238391802
-83.6104770953
-83.6704701423
-83.4910346377
-83.7500689592
-83.6015702783
-83.5440490765
-83.7046007455
-83.5801483361
-83.7216993856
-83.6815365173
-83.4601980365
-83.6814342919
-83.6984328234
-83.6124215902
-83.4641214848
-83.6833617023
-83.8666936261
-83.6228779861
-83.5687546563
-83.5924515363
-83.859269864
-83.9062605701
-83.606515904
-83.8142481154
-83.7800739013
-83.4307177405
-83.6104980991
-83.5140316164
-83.636120148
-83.718235193
-83.8441459164
-83.5290925462
-83.4806370824
-83.4305249108
-83.7020215445
-83.6704717742
-83.7293265106
-83.5902331886
-83.5687094072
-83.7097487306
-83.8392338681
-83.631647806
-83.6264335531
-83.5647773478
-83.8177588312
-83.6471403046
-83.6164896777
-83.7698759955
-83.7826578685
-83.492568111
-83.5714282876
-83.7115505406
-83.730855003
-83.5612932504
-83.8061090458
-83.7299439617
-83.5978493424
-83.6083326824
-83.5306015755
-83.4634177503
-83.5288129384
-83.8457989434
-83.7000415707
-83.7773790338
-83.6241672088
-83.7304003161
-83.6108972227
-83.5344751079
-83.5908446317
-83.9128635326
-83.326669748
-83.5825155547
-83.4096341345
-83.7781188948
-83.5810178871
-83.8285150585
-83.9580963218
-83.648937001
-83.7232765382
-83.6505214912
-83.7143554277
-83.7013427431
-83.6587778771
-83.6336616878
-83.5006263611
-83.7809888156
-83.4815894183
-83.4675183819
-83.6756207861
-83.6469116272
-83.647287475
-83.5531069884
-83.6743132294
-83.7036814822
-83.7631675705
-83.4951770877
-83.3753806994
-83.6934300042
-83.5256894373
-83.5585072889
-83.7532615406
-83.6770161368
-83.4581120254
-83.605231124
-62.7765109815
-83.5910763545
-83.7090947094
-83.4909463835
-83.7205576383
-83.7359966158
-83.5485097248
-83.6691469237
-83.5241861207
-83.5424634051
-83.431729497
-83.6685151991
-83.6309193833
-83.6097977038
-83.8328612478
-83.7221627553
-83.6433242895
-83.6689873289
-83.5472289347
-83.5988940343
-83.4234528681
-83.7737923097
-83.6842291695
-83.7263121133
-83.742037685
-83.8743855286
-83.760648161
-83.8093621616
-83.5313690748
-83.7158398509
-83.6574692671
-83.5292618514
-83.5735699473
-83.7302599635
-83.7373470866
-83.6663373865
-83.8472786002
-83.7331273773
-83.6332747419
-83.6398795602
-83.725525837
-83.5926681252
-83.7925001307
-83.6149763036
-83.6620468575
-83.5160575489
-83.6525234184
-83.724452395
-83.5687890558
-83.8234125619
-83.5762952176
-83.8803911735
-83.6866304526
-83.5074318523
-83.548426066
-83.7211600654
-83.5959541182
-83.5795659771
-83.593187221
-83.5975422491
-52.9318084651
-83.6583967621
-83.8361686795
-83.6974630899
-83.5895339933
-83.4069242659
-83.7392424889
-83.7169299632
-83.5225644738
-83.4057527977
-83.6815705024
-83.7100856957
-83.4843146682
-83.7516315194
-83.6931496567
-83.6626418655
-83.8054519068
-83.5928977952
-83.5079092628
-83.7217716521
-83.6447732027
-83.5388598024
-83.5566857365
-83.7670445358
-83.6047509945
-83.4748286474
-83.7148883626
-83.6213971523
-83.8479081803
-83.710572619
-83.6126022491
-83.5088602576
-83.7750463589
-83.7234459367
-83.5501836942
-83.7526652667
-83.5201682439
-83.5211790232
-83.722842082
-83.7361488653
-83.6210620455
-83.5413077187
-83.7210978177
-83.5595235868
-83.486439977
-83.6902847893
-83.6172706663
-83.5773056645
-83.4313404798
-83.4995404795
-83.8680348187
-83.813496548
-83.6884206285
-83.6388534318
-83.5492429096
-83.7233095383
-83.5631627537
-83.6661713777
-83.6545755325
-83.6459448625
-64.2173892986
-83.7297205223
-83.6053146333
-83.5121955963
-83.7007356674
-83.4240123478
-83.651304968
-83.4231551244
-83.7225328376
-83.7431205563
-83.5993930553
-83.7098084056
-83.6627363524
-83.6636120685
-83.4709007824
-83.8354030398
-83.8725705283
-83.6138137866
-83.7809989015
-83.4825384389
-83.691151985
-83.5062805668
-83.5898575437
-83.6481178119
-83.7618392306
-83.7653461218
-83.5279076237
-83.5838082196
-83.8422285372
-83.5527501178
-83.5549464254
-83.4804900587
-83.6598819467
-83.8259391361
-83.6333696319
-83.5828502037
-83.5463296645
-83.8451790592
-83.6476670095
-83.6305278227
-83.69318836
-83.7175220747
-83.7180416572
-83.4912721543
-83.6227014142
-83.5900677373
-83.8476411932
-83.6774394122
-83.9132376306
-83.7042157968
-83.9346422802
-83.5283174461
-83.6526187236
-83.6707382437
-83.70697032
-83.6945959888
-83.7381416032
-83.5564311458
-83.613401406
-83.6551435528
-83.4238649157
-61.4443045784
-83.598824935
-83.7468646418
-83.6371967836
-83.6027430708
-83.6959161397
-83.7416745642
-83.6875935578
-83.7258650182
-83.5130939882
-83.8317877473
-83.819580789
-83.7600104601
-83.8061761339
-83.6184369397
-83.5251857308
-83.818673504
-83.7269465348
-83.5904026389
-83.6729497611
-83.6711146142
-83.6743324566
-83.5656239793
-83.7303111674
-83.6909635478
-83.6544969795
-83.8153437808
-83.5273422927
-83.6553583358
-83.4890042857
-83.7633476128
-83.6685493041
-83.7408495643
-83.6896230745
-83.6312337455
-83.5161028677
-83.6144297798
-83.4714183062
-83.6586764838
-83.6441409116
-83.7304543399
-83.642075253
-83.6143377179
-83.7586327734
-83.5613390456
-83.5731816988
-83.6052250403
-83.6902267047
-83.6046465554
-83.4449104798
-83.4996324856
-83.6077143358
-83.9120730162
-83.7383391925
-83.5803900679
-83.7404841841
-83.8279351213
-83.476882849
-83.8913733759
-83.7712496494
-52.7017575887
-83.5897404518
-83.5247910614
-83.8426375051
-83.7513071028
-83.674755277
-83.728353544
-83.5813212659
-83.863356704
-83.8025182382
-83.6023707868
-83.621193956
-83.748090758
-83.7685239381
-83.8306430271
-83.6447367304
-83.5282820834
-83.7101704085
-83.5984127208
-83.5880476934
-83.8021864204
-83.908114941
-83.4285308745
-83.6561796226
-83.7825951331
-83.696529005
-83.6459237297
-83.6013194979
-83.6352906863
-83.770005465
-83.6967686797
-83.7221065806
-83.8543571862
-83.743896743
-83.7521934342
-83.8131000224
-83.8030725387
-83.3467411959
-83.7446997431
-83.6570174282
-83.9144781766
-83.7123639112
-83.7167093255
-83.8328864623
-83.7437692591
-83.726206691
-83.7845958855
-83.5429711389
-83.8458094851
-83.5923522102
-83.6892596059
-83.6905685616
-83.7932264386
-83.7883974296
-83.8216109868
-83.5844713869
-83.8448220844
-83.7735075713
-83.7291114711
-83.8458740154
-66.9229260501
-83.6932838973
-83.6663493295
-83.786446949
-83.4813312406
-83.8561873314
-83.8870787178
-83.6218191427
-83.480320565
-83.7362188813
-83.7380011898
-83.4371805859
-83.8451966684
-83.7020361979
-83.7223649788
-83.6788857883
-83.7107629349
-83.3644903997
-83.6281534248
-83.5454146039
-83.4767036005
-83.6822060532
-83.6100965331
-83.6813714539
-83.7809342068
-83.4901905704
-83.8525777216
-83.596020223
-83.7442399904
-83.5969164914
-83.5741642562
-83.8990840968
-83.7891045012
-83.7008614632
-83.6513392599
-83.6077439261
-83.6653508089
-83.8485645086
-83.8859539706
-83.7441390937
-83.7327542571
-83.9283913322
-83.7753515571
-83.7765490634
-83.8264281337
-83.7128855638
-83.7679785999
-83.4519300792
-83.5694442047
-83.6794262193
-83.5525951619
-83.8011381881
-83.6174524026
-83.631456458
-83.8598478265
-83.7780038921
-83.6564673323
-83.5871521035
-83.7521421537
-83.7814396656
-83.7419832209
-58.689537746
-83.7433093087
-83.7221209552
-83.7755132016
-83.7081576476
-83.489253206
-83.8692441701
-83.7575733929
-83.8790561692
-83.5799407
-83.6185036054
-83.6666755319
-83.8552704567
-83.5802982506
-83.595243204
-83.6944939998
-83.7414700487
-83.7305530809
-83.6480769615
-83.7043187757
-83.5816448146
-83.7696688902
-83.5990052469
-83.8809631154
-83.6831771273
-83.6521526445
-83.5962464012
-83.638431906
-83.8095094269
-83.6002147466
-83.5289721832
-83.7094247616
-83.716449673
-83.8319638815
-83.8269739425
-83.62872311
-83.5652969132
-83.5796626446
-83.5432438258
-83.724753761
-83.5725642444
-83.5395898314
-83.6498049765
-83.6259672897
-83.5535103102
-83.9826986174
-83.6426493552
-83.7984744116
-83.6169894671
-83.6968239761
-83.6232195499
-83.5558630028
-83.7847680213
-83.6492262399
-83.8393992132
-83.5743643052
-83.6612451018
-83.7496758144
-83.7459629805
-83.611426508
-53.4551592498
-83.7053050887
-83.6992306085
-83.684214063
-83.750182015
-83.5739549636
-83.753938704
-83.8572696399
-83.6739483581
-83.8078285233
-83.6299582174
-83.8581205206
-83.8118150123
-83.814181534
-83.7786881699
-83.6320519491
-83.6761301944
-83.4812721208
-83.7793842365
-83.7755590786
-83.5942376397
-83.6917831922
-83.6558725202
-83.6777308214
-83.6900055876
-83.6630625447
-83.4954027731
-83.6101776601
-83.8153427029
-83.7398303539
-83.7804528591
-83.5841647397
-83.7283222701
-83.6554624693
-83.6221674447
-83.4044013155
-83.6225147372
-83.7581910896
-83.7066017486
-83.6523199098
-83.5517708797
-83.675575821
-83.5909573602
-83.7603932809
-83.7565195227
-83.7703378037
-83.5589569418
-83.6905586696
-83.4988770596
-83.6627876088
-83.7025052842
-83.6859015618
-83.6023638492
-83.7145884363
-83.7145611346
-83.6637704095
-83.6725125051
-83.6393054612
-83.6647503014
-83.6444489149
-71.489386159
-83.8318577605
-83.6702661879
-83.8176787448
-83.7875843692
-83.7358698917
-83.6129865316
-83.4393347691
-83.7993485629
-83.7498716229
-83.5150556288
-83.5754451776
-83.7703565446
-83.7137078568
-83.5130560883
-83.6122031437
-83.5761629605
-83.7314218831
-83.4743941873
-83.8097789168
-83.6444634591
-83.647518703
-83.739643413
-83.6127822408
-83.57398296
-83.6114906242
-83.7639583806
-83.6600636539
-83.7636223526
-83.6139962627
-83.8286903391
-83.8585290691
-83.6205438172
-83.8521413768
-83.5308645402
-83.6832518731
-83.7581128031
-83.539257362
-83.5074399522
-83.6118334007
-83.6758471587
-83.7624491651
-83.7533325424
-83.7131273751
-83.6595610051
-83.7145824946
-83.7698157293
-83.7812555693
-83.7704993688
-83.6367995727
-83.9447070074
-83.7956752079
-83.6768756768
-83.8142704051
-83.7837815534
-83.7382815898
-83.8337286697
-83.935508525
-83.4800806889
-83.7804801837
-83.714859689
-57.2089500452
-83.5968276111
-83.531075721
-83.5293102015
-83.629693147
-83.7600439121
-83.6292596593
-83.7149809983
-83.4519771562
-83.6832481831
-83.419546247
-83.8649091447
-83.6307091258
-83.7398305558
-83.6201893951
-83.8638484974
-83.6297397549
-83.6584349811
-83.6812635981
-83.7671590976
-83.6907452427
-83.7639192386
-83.6427244293
-83.617350442
-83.7873134298
-83.7422833255
-83.6096738274
-83.4338802864
-83.689637847
-83.6656681872
-83.6742420627
-83.6846876861
-83.6123552919
-83.5187005984
-83.5973997954
-83.5648155613
-83.6984008303
-83.5419415316
-83.6610959905
-83.6070186645
-83.6240791831
-83.6206522051
-83.8112832254
-83.8126977994
-83.8792424205
-83.5834067612
-83.7127892203
-83.7764617647
-83.7320686972
-83.6132523812
-83.6483924885
-83.843857512
-83.9990892344
-83.6512308654
-83.7727794666
-83.9153156704
-83.5666297929
-83.9055939264
-83.8336135808
-83.8850779103
-53.1761329791
-83.6572882786
-83.7863169879
-83.7708357037
-83.7332724438
-83.9240707474
-83.5329418783
-83.7153657268
-83.5891573097
-83.4146921707
-83.8271234777
-83.6766102227
-83.5969666934
-83.6054161349
-83.6163357567
-83.5580562411
-83.7652534648
-83.8245959839
-83.8088494654
-83.7932090816
-83.6531547834
-83.4835092463
-83.690129862
-83.596171053
-83.5208124782
-83.5908720066
-83.784053648
-83.5471099627
-83.6301218399
-83.6949357181
-83.8297594047
-83.5456271495
-83.6104902602
-83.7393887221
-83.7369404313
-83.6724994757
-83.7459304879
-83.4705409059
-83.7242925282
-83.7870925806
-83.679196609
-83.574834552
-83.7037995762
-83.7125453396
-83.660402393
-83.5624088871
-83.5386246197
-83.880204644
-83.4653282784
-83.5788277958
-83.6941101321
-83.5833801629
-83.5341410461
-83.842366622
-83.7047785834
-83.5594079481
-83.7682751232
-83.6585005547
-83.604844127
-83.6941126661
-73.9177226328
-83.2459019659
-83.9152935787
-83.5677200647
-83.4870561433
-83.5817242581
-83.7629924557
-83.2970698897
-83.7011375549
-83.902975083
-83.7559783764
-83.7541191825
-83.6790182887
-83.5207966763
-83.6299507916
-83.7082805753
-83.592610255
-83.6114794472
-83.5939233353
-83.5270015838
-83.7542643846
-83.7926204589
-83.7057270642
-83.5996656566
-83.6520201302
-83.5092520094
-83.6290988285
-83.7003431687
-83.6343026908
-83.8079677949
-83.7392801851
-83.7420627634
-83.6985369067
-83.7855066887
-83.5906116722
-83.6538950987
-83.7740745657
-83.6638885829
-83.5869142488
-83.5046969219
-83.7446254757
-83.7540191747
-83.5416790347
-83.7362079895
-83.7037089669
-83.8182965326
-83.7747828992
-83.5393457717
-83.8501279386
-83.9332496129
-83.5482099271
-83.775347757
-83.7946914417
-83.6726755431
-83.6255425432
-83.5437316069
-83.7405631796
-83.6117851787
-83.6232760318
-83.3954800334
-83.7609875005
-55.9840826906
-83.5665369757
-83.5516662878
-83.6535867542
-83.5832568027
-83.6161900766
-83.7578087858
-83.6668626933
-83.6397229898
-83.6819069874
-83.8516126121
-83.6164362337
-83.6046712493
-83.7872906283
-83.8157816517
-83.6474945377
-83.5847110375
-83.6335344303
-83.8049235936
-83.4543837728
-83.8318252475
-83.6715054771
-83.7086322343
-83.4149052171
-83.5842738809
-83.7604450009
-83.5861883396
-83.4927425802
-83.5959515144
-83.4478746024
-83.8732182254
-83.722608905
-83.7999856579
-83.818318967
-83.7474640999
-83.3989575967
-83.7351593793
-83.6117561433
-83.6432211445
-83.7703900324
-83.6864014477
-83.6640998024
-83.5043283681
-83.5970546483
-83.6796868131
-83.3047154488
-83.7412090509
-83.5884954717
-83.6736607594
-83.6863184188
-83.7094541088
-83.6796294318
-83.6341859073
-83.7682508661
-83.7397185538
-83.9681696206
-83.706375729
-83.6766025505
-83.5736444452
-83.5626911381
-53.6227896684
-83.8546196377
-83.6848942925
-83.7655266875
-83.787497857
-83.538720331
-83.7942621836
-83.6192886658
-83.601343293
-83.7425458859
-83.4191501519
-83.6692401622
-83.3714841626
-83.5121736498
-83.8060870396
-83.8401860538
-83.7916996044
-83.8094165391
-83.9128672161
-83.5775368724
-83.638925039
-83.5747126981
-83.4457851373
-83.7498898814
-83.6815297837
-83.7985485524
-83.8179918194
-83.5279560712
-83.7106608362
-83.7194152794
-83.7007294773
-83.6949298902
-83.6056785418
-83.6835181849
-83.3807679541
-83.7386958968
-83.8554874384
-83.6889737089
-83.6076207761
-83.5701419181
-83.7589710035
-83.55127186
-83.4474577499
-83.7101168959
-83.7315222664
-83.9326198443
-83.6423354768
-83.6851046014
-83.644587925
-83.7428364749
-83.5759803802
-83.5946440865
-83.7835256978
-83.8006805327
-83.7163095376
-83.657875367
-83.6303509707
-83.5849519941
-83.3405582665
-83.7725449076
-74.198137466
-83.5311899776
-83.5936061697
-83.5087438576
-83.7534888225
-83.6392758653
-83.5686605162
-83.8344490111
-83.4441356093
-83.7303031618
-83.6453733791
-83.5313218166
-83.7101188111
-83.5932180014
-83.6012028158
-83.5824490892
-83.6202827917
-83.651594173
-83.7509923836
-83.6524164258
-83.7358913267
-83.4981803112
-83.8002259537
-83.4737732248
-83.8412885836
-83.7962104105
-83.7711883911
-83.67449844
-83.6905278248
-83.7724933301
-83.7540698992
-83.556434363
-83.6488676759
-83.7554056403
-83.5840634913
-83.7791875939
-83.6648288224
-83.7801722676
-83.5997179727
-83.5244519593
-83.7221765775
-83.8628940579
-83.7832361702
-83.6284307146
-83.9038811761
-83.557038356
-83.6315634363
-83.5090216815
-83.7250294108
-83.6867933732
-83.7640275657
-83.6992790582
-83.7324461726
-83.7656701884
-83.6260525213
-83.8362853693
-83.7357117389
-83.7762047419
-83.6571226758
-83.5095420215
-83.8083613334
-58.5144040816
-83.6530956084
-83.5924012132
-83.7825844567
-83.5708804747
-83.5109118017
-83.6647118904
-83.5941782287
-83.7514429393
-83.5775115476
-83.8820411991
-83.8127993148
-83.6689447209
-83.684261482
-83.8012495452
-83.694162297
-83.6286814671
-83.7034914052
-83.7086094439
-83.7505160635
-83.6911503502
-83.7047366344
-83.5834542132
-83.7123574233
-83.7934655959
-83.5426512504
-83.6176780072
-83.6793638226
-83.6361575175
-83.8135402204
-83.6295207443
-83.8394704521
-83.7498297864
-83.6268681625
-83.6369224994
-83.7636985875
-83.7726253905
-83.755830396
-83.4699508896
-83.5751296048
-83.7481146965
-83.6534329986
-83.7560394926
-83.6782488648
-83.6602037241
-83.7154928668
-83.6904052414
-83.5265341999
-83.6564897347
-83.6654120491
-83.67088781
-83.6930290606
-83.7878839608
-83.8432699639
-83.7674889679
-83.5299335479
-83.8358687755
-83.504074437
-83.604075293
-83.4913335463
-53.2834255003
-83.7010223023
-83.2303590595
-83.6789187071
-83.5988583387
-83.679103644
-83.6069229927
-83.8789045805
-83.6195312934
-83.5688918461
-83.6517229835
-83.7651781303
-83.7310453769
-83.5430354261
-83.7245309229
-83.8326749975
-83.7543498614
-83.7496106757
-83.3166018883
-83.8757604712
-83.7607964645
-83.7945513376
-83.6106718632
-83.4469440956
-83.702581778
-83.5007437964
-83.6361184735
-83.7528944144
-83.624047118
-83.7407483409
-83.700122766
-83.7600613507
-83.7186888819
-83.5608136954
-83.6360271615
-83.7268383507
-83.6700451591
-83.9968717567
-83.79821399
-83.8359738849
-83.613621748
-83.5355301387
-83.7765815862
-83.7087367812
-83.8282290972
-83.7074355058
-83.519894977
-83.6513602931
-83.7738586448
-83.7266541754
-83.8431807007
-83.7225604235
-83.6991347924
-83.8431386744
-83.5908778246
-83.6958724964
-83.5821698077
-83.7723101897
-83.6033262918
-83.5456199379
-73.1048908223
-83.4960690444
-83.6979983613
-83.576824258
-83.4740105482
-83.635314666
-83.5431098036
-83.4469319964
-83.8721605728
-83.765567531
-83.6499359852
-83.5871896919
-83.7330035288
-83.4849327199
-83.57531763
-83.3003154835
-83.8784688439
-83.7601665085
-83.6070892956
-83.6097634653
-83.7197970493
-83.7141353873
-83.6914871964
-83.657631768
-83.6194717849
-83.8729272486
-83.6378864281
-83.818613578
-83.8530904365
-83.6126824454
-83.5120428637
-83.9191159189
-83.6355625136
-83.836293325
-83.6147836307
-83.8252924215
-83.7859495864
-83.7432629085
-83.5607526819
-83.7623133313
-83.5898065015
-83.7795755123
-83.6715978605
-83.7251328575
-83.677641327
-83.7180139063
-83.7183797552
-83.650271316
-83.6256039455
-83.8121969578
-83.639399357
-83.5693723551
-83.5121337373
-83.7197745553
-83.550503723
-83.6191316704
-83.6703738364
-83.6144698196
-83.7070933021
-83.7022398337
-83.5054178514
-57.3955894287
-83.8455219238
-83.3708455018
-83.9242068803
-83.6504574977
-83.7953206768
-84.005296844
-83.6893635074
-83.5504046687
-83.5856309275
-83.5206882411
-83.5354791695
-83.7640930295
-83.6861381374
-83.7191740548
-83.573516443
-83.5805340143
-83.6784409003
-83.8004625307
-83.5563704619
-83.7474883856
-83.7000442384
-83.6999453461
-83.8041315431
-83.9669178081
-83.8510142921
-83.6826272196
-83.7189941598
-83.7852142861
-84.0017087673
-83.8174987928
-83.4797826326
-83.6472014091
-83.7437949964
-83.6523408387
-83.8108439155
-84.001822317
-83.6451120757
-83.7033763328
-83.6719343341
-83.6998621432
-83.6652135492
-83.6901947637
-83.7750946721
-83.5566919541
-83.6542792936
-83.7116284605
-83.7264022575
-83.6966750224
-83.6181164326
-83.6022007812
-83.5528611176
-83.7421282746
-83.5185949475
-83.634823993
-83.5805083287
-83.6196770195
-83.8689269338
-83.6710498643
-83.8413816396
-53.6313246542
-83.8102076077
-83.7130518105
-83.7836674638
-83.711840386
-83.6722603684
-83.8203773994
-83.8309499839
-83.7052676474
-83.8800884512
-83.4611180967
-83.8258798405
-83.7547075693
-83.8116830235
-83.7829260141
-83.8229743607
-83.6354610534
-83.7253859541
-83.5559893692
-83.6237923361
-83.8534025592
-83.7491272331
-83.5868842046
-83.7393203837
-83.6160730321
-83.7985640341
-83.6039583803
-83.7412474002
-83.7789937217
-83.84504966
-83.7951566029
-83.6720942753
-83.7525773733
-83.6751746809
-83.527350771
-83.5481752976
-83.6845154253
-83.712826963
-83.6268232053
-83.9877234602
-83.7231502131
-83.7729213791
-83.6235864135
-83.7021555989
-83.7065059694
-83.5791853348
-83.6699308141
-83.6005348724
-83.7706355804
-83.7808222927
-83.6829481885
-83.8168194703
-83.6931122808
-83.6729678455
-83.5702504041
-83.7611862025
-83.6228549535
-83.836594693
-83.7121954165
-83.8289207604
-70.6709361704
-83.6107619086
-83.5332678496
-83.7509935932
-83.6498583604
-83.7414152836
-83.661812428
-83.5727171305
-83.6899448474
-83.8024377235
-83.7502429297
-83.7834863201
-83.7433227061
-83.7586431864
-83.5614405131
-83.8158335879
-83.9054036475
-83.8385611677
-83.9893719317
-83.5509990497
-83.7336192098
-83.8384164801
-83.6923543067
-83.7321648669
-83.6562976275
-83.7946573584
-83.6988496992
-83.7285818773
-83.8280142625
-83.6386283464
-83.7601834248
-83.6068023886
-83.6651815611
-83.727141743
-83.6395551608
-83.5563732822
-83.8229716238
-83.8178073084
-83.8400646771
-83.6235383937
-83.5169778094
-83.7575640523
-83.7994926367
-83.4481940065
-83.7186952297
-83.7818976611
-83.7592905526
-83.5644549148
-83.680647176
-83.6885322211
-83.8268334367
-83.6139197803
-83.7781668188
-83.4918450862
-83.8466465933
-83.5284422157
-83.6704586786
-83.6913206386
-83.9360412161
-83.6997606521
-83.5673761158
-57.8132992398
-83.6596576245
-83.5968818535
-83.7961618458
-83.7785527168
-83.839189393
-83.7357166595
-83.5696672192
-83.5811602307
-83.7468675931
-83.626668595
-83.6916445568
-83.5820344894
-83.6734652213
-83.8553823997
-83.617896442
-83.481686808
-83.5700042396
-83.5016599485
-83.8010779611
-83.6656184415
-83.5624965693
-83.6833013886
-83.695666367
-83.7624062774
-83.8278617895
-83.690071209
-83.5692939796
-83.562294567
-83.7516781125
-83.7098689509
-83.5961276543
-83.6716641295
-83.6745963626
-83.5255002004
-83.80110373
-83.6700987777
-83.7623352974
-83.7105374458
-83.6860609023
-83.8423212477
-83.5176106869
-83.8763312233
-83.6170991876
-83.5131851017
-83.5630666222
-83.6076160909
-83.7810116293
-83.8903906062
-83.854523639
-83.6385366615
-83.8305798037
-83.6287712804
-83.5901851565
-83.5453195228
-83.8349232824
-83.7399994318
-83.6775549301
-83.7623586937
-83.6419992442
-53.5665113029
-83.3330372349
-83.7281987701
-83.5808056062
-83.4729954672
-83.7337310527
-83.8250975147
-83.7206943768
-83.7457875301
-83.6884214347
-83.574071949
-83.7838879426
-83.5779025461
-83.802549655
-83.577540917
-83.6496747975
-83.6838920194
-83.6128477389
-83.4885846422
-83.7260229342
-83.5686502387
-83.6589772237
-83.8577239845
-83.5644412858
-83.6871427959
-83.8659333844
-83.59728742
-83.7820823797
-83.6835995567
-83.711861313
-83.6895355914
-83.50289898
-83.761223561
-83.6878950474
-83.6515987713
-83.6898164224
-83.5906601685
-83.6416040767
-83.7145364595
-83.8454791124
-83.814621376
-83.8074380585
-83.8473867718
-83.556414307
-83.4347178453
-83.7175022735
-83.4828480965
-83.6031698728
-83.5536117169
-83.6857674234
-83.5864837477
-83.6765793454
-83.6682722662
-83.7355948131
-83.8618329356
-83.712137461
-83.8136726679
-83.6782645133
-83.6020000632
-83.5319852743
-70.3329044193
-83.592309405
-83.6012887429
-83.6125721199
-83.6692993052
-83.6756826674
-83.6829979949
-83.5189063896
-83.7511628262
-83.7333960943
-83.7553711889
-83.7121530169
-83.7344647584
-83.7647675907
-83.8186229535
-83.8035364128
-83.7257875576
-83.8071266426
-83.5973469275
-83.6809162016
-83.8030737269
-83.7005170062
-83.6711294822
-83.6426066834
-83.8027085501
-83.5268917645
-83.6802352139
-83.6057707618
-83.6295183471
-83.7744573909
-83.7298095331
-83.3969088697
-83.6757700892
-83.6088179604
-83.7008956382
-83.6237975536
-83.4265321095
-83.7772506997
-83.792824074
-83.4799908615
-83.7675282994
-83.7610354955
-83.9522363452
-83.7764629557
-83.702053359
-83.5573874731
-83.5928236323
-83.7666377342
-83.5807406385
-83.6954660113
-83.8317731684
-83.6785258384
-83.6607755362
-83.5496716777
-83.6630050379
-83.648253114
-83.670548514
-83.5819661814
-83.7540430685
-83.8038950444
-83.6217557146
-57.3368134305
-83.63027936
-83.6197086025
-83.6947664869
-83.8207104317
-83.6662631822
-83.7056131741
-83.8555704198
-83.6900638522
-83.7004808041
-83.8719870708
-83.6228122914
-83.7312038268
-83.5694313933
-83.7578665334
-83.6022424324
-83.6278078186
-83.9451982343
-83.5756589166
-83.7944204876
-83.6238359129
-83.5403740518
-83.5016973437
-83.7058517174
-83.7302507775
-83.6341979635
-83.8140289057
-83.4040562381
-83.6339640049
-83.5696881518
-83.5513730253
-83.7653704071
-83.7759016443
-83.8709396972
-83.8085658929
-83.7847159241
-83.7370000099
-83.7346899135
-83.6234786014
-83.8210295441
-83.7432316069
-83.59645804
-83.5550447889
-83.612624367
-83.7150336281
-83.6696637362
-83.5566912528
-83.7597224616
-83.7469195917
-83.7082825893
-83.9507517785
-83.6800760964
-83.5680277993
-83.7239184049
-83.8043375751
-83.5099165328
-83.6629188474
-83.653964024
-83.7363952943
-83.719582235
-53.3991848904
-83.8376731299
-83.6310545992
-83.540891327
-83.8418574204
-83.7399932412
-83.4892997188
-83.766027129
-83.5100382995
-83.7861697635
-83.5116907074
-83.8753200047
-83.6774636418
-83.8309299937
-83.79180612
-83.7596202764
-83.6619225263
-83.6019762673
-83.5286906256
-83.6044940902
-83.7585896903
-83.4398081625
-83.6348762619
-83.5640670803
-83.9825806566
-83.5472753712
-83.6373873665
-83.5819565953
-83.6346678659
-83.7950240655
-83.8257050497
-83.7535324821
-83.6935827908
-83.7411281415
-83.7221683594
-83.714918675
-83.9027155814
-83.7690422962
-83.7274782889
-83.4588646778
-83.6693387434
-83.5794047542
-83.9025037136
-83.6602361344
-83.8809098742
-83.6897614053
-83.6632385925
-83.615363029
-83.3886310951
-83.7606120919
-83.8162809865
-83.7501759742
-83.8651345549
-83.8131073258
-83.6438572731
-83.8976819077
-83.7444977167
-83.502866707
-83.5448281203
-83.3686760202
-75.96793906
-83.1782312433
-83.7090169105
-83.818199973
-83.676175279
-83.5492740588
-83.7235054413
-83.680448338
-83.6481793235
-83.6432252905
-83.7717989037
-83.6585841192
-83.7556912492
-83.7636155722
-83.8561032118
-83.4132467795
-83.7436239594
-83.6802193536
-83.6161576339
-83.6842589937
-83.7299971428
-83.849357621
-83.7350676526
-83.5683411377
-83.9362591491
-83.4496553211
-83.6254459312
-83.7286273654
-83.8399627087
-83.6461597954
-83.673579637
-83.4369466275
-83.667968275
-83.6054329725
-83.7774523405
-83.6845388794
-83.7769554778
-83.7369146369
-83.5922958424
-83.6528609373
-83.7053362183
-83.4895193138
-83.6449781347
-83.6128055271
-83.6889017752
-83.6140381156
-83.8413206624
-83.5575270687
-83.77629117
-83.5606982128
-83.5611338687
-83.7071604442
-83.5245376672
-83.7235772049
-83.5466355624
-83.7480854033
-83.7596619962
-83.6495730534
-83.5804613142
-83.6416148209
-83.635596225
-58.2317370078
-83.7553684137
-83.6438049165
-83.4587063422
-83.6918587068
-83.4692341459
-83.7802956975
-83.8297666654
-83.6732732825
-83.6835698006
-83.6961524602
-83.7747129333
-83.6223645453
-83.6732317963
-83.7732430435
-83.5635442503
-83.7950776493
-83.6598448331
-83.6000554721
-83.5409249224
-83.716094112
-83.7183075098
-83.786392282
-83.5330123895
-83.621859593
-83.89225328
-83.7508108636
-83.8177691913
-83.5559173662
-83.7565721697
-83.854235212
-83.745327581
-83.5779229583
-83.652623534
-83.6450492583
-83.5523764624
-83.7171161523
-83.7567666323
-83.8868193812
-83.4832584864
-83.8072710565
-83.7113324181
-83.5114606874
-83.6408793578
-83.6354619835
-83.6451817116
-83.8271688234
-83.7395194944
-83.6682582935
-83.703934396
-83.6309947105
-83.6904564559
-83.6984317329
-83.6825015365
-83.7364041188
-83.5656328305
-83.6963136942
-83.7679779268
-83.6790597403
-83.7241582669
-52.3566523218
-83.5341300253
-83.7058859073
-83.6093615522
-83.6490994474
-83.4553788911
-83.7936819912
-83.6132121206
-83.8582861425
-83.754134776
-83.8733639544
-83.5302909709
-83.6581755967
-83.8555972563
-83.7234000164
-83.6995216673
-83.7757113473
-83.6020321321
-83.6489140416
-83.8946680708
-83.5366553709
-83.6354189052
-83.5854756944
-83.668311331
-83.563539215
-83.7820278454
-83.5845953406
-83.6529839583
-83.7911237433
-83.4708206895
-83.6081805426
-83.7203955602
-83.7333969882
-83.7676441727
-83.5628188341
-83.6157378578
-83.6320747839
-83.6364450761
-83.6310164402
-83.7230869509
-83.4790971994
-83.6224651572
-83.6384496691
-83.6747583413
-83.5088928128
-83.8609424196
-83.7436906844
-83.8224323724
-83.5538419265
-83.603079184
-83.7163475223
-83.7453804611
-83.7909118262
-83.5304921805
-83.4899004552
-83.6839130344
-83.6263642558
-83.7169030837
-83.5752539128
-83.8256379424
-72.3059661682
-83.6635010853
-83.5936046513
-83.6794485551
-83.7788809806
-83.5507616428
-83.9755840636
-83.6607618162
-83.7918922129
-83.7366607711
-83.6854215097
-83.5159642204
-83.8996862883
-83.7984278718
-83.4261894983
-83.5685360479
-83.6550459478
-83.7306990168
-83.7720401495
-83.5267624876
-83.8005625192
-83.6731033276
-83.5987670628
-83.6353306609
-83.5249814085
-83.5912528552
-83.7623193029
-83.8160753164
-83.6688721268
-83.8184704097
-83.6952805135
-83.6534524992
-83.6032919497
-83.6837199343
-83.9142548868
-83.5552819311
-83.621709228
-83.7237689255
-83.7362182633
-83.6449469116
-83.838014269
-83.7969192851
-83.6827234433
-83.6969238263
-83.5497640892
-83.5130294101
-83.6458284441
-83.7543359868
-83.7417790837
-83.8275454106
-83.5458147367
-83.4734016739
-83.7290682438
-83.7326068151
-83.9015688193
-83.5445618755
-83.5295245857
-83.7234000336
-83.7208920087
-83.6661668538
-83.6513393098
-60.5136389175
-83.7972798545
-83.6784699512
-83.6354595493
-83.5533836969
-83.7406584647
-83.5550678405
-83.442339923
-83.3687814743
-83.5818859456
-83.6274272142
-83.7222934283
-83.5869468518
-83.7244654484
-83.5666215192
-83.7654969286
-83.6729027178
-83.7740153266
-83.4057059701
-83.6310662523
-83.6924102809
-83.5992675608
-83.7877954265
-83.5168348992
-83.5875559368
-83.7405231337
-83.5764008303
-83.7160311006
-83.595507892
-83.6514316533
-83.781570432
-83.8536224486
-83.6852342281
-83.7529300813
-83.6958404984
-83.7832668979
-83.5222796384
-83.7349632895
-83.6772946371
-83.6618501836
-83.6240839487
-83.7292150034
-83.434957701
-83.78897299
-83.6306647953
-83.8458221759
-83.5097265555
-83.9153787544
-83.8266207212
-83.6761490278
-83.6588966325
-83.7109209133
-83.6882319799
-83.6639355553
-83.6273175763
-83.2481534782
-83.5838417003
-83.6478429165
-83.5886884514
-83.5920677251
-54.1253987401
-83.5985492328
-83.7185064433
-83.6630127098
-83.572247543
-83.6497892302
-83.6852455044
-83.7704188711
-83.7932120706
-83.5166297207
-83.5591992182
-83.4197629989
-83.5346982381
-83.6612287616
-83.5629366949
-83.5374786228
-83.6017962971
-83.7742170848
-83.694961878
-83.8906565601
-83.6525765735
-83.5991859454
-83.5035828926
-83.5549470393
-83.3996818832
-83.7937204412
-83.8161291633
-83.626741298
-83.8771390011
-83.637691302
-83.7344935637
-83.7328853049
-83.7038016789
-83.6554438776
-83.3257803217
-83.7321242778
-83.5022245803
-83.7087543741
-83.6220194401
-83.807928034
-83.6943119563
-83.5811812336
-83.6167828113
-83.6701743876
-83.8096736862
-83.4863769118
-83.6014750137
-83.5997547336
-83.5723327057
-83.5477106638
-83.7104212133
-83.6382716468
-83.5676731111
-83.4692399144
-83.7412954868
-83.3545120501
-83.6273846931
-83.5883644903
-83.5971348724
-83.4924743766
-74.9853249093
-83.0552547973
-83.7830142315
-83.7305674144
-83.5788874093
-83.2038180805
-83.6024555654
-83.5911004126
-83.7729947076
-83.8112130281
-83.5973610308
-83.569553436
-83.6061511341
-83.6671336108
-83.5492323647
-83.6697915127
-83.7940088755
-83.7277403414
-83.590845848
-83.554564645
-83.6091625102
-83.5889567015
-83.7216915689
-83.6194385539
-83.7246773093
-83.545575267
-83.6514290503
-83.5912717065
-83.5818021753
-83.447819897
-83.4696589168
-83.7832964258
-83.5461779584
-83.6076068522
-83.5820574627
-83.7538972552
-83.7686773027
-83.7015089728
-83.7118478595
-83.8214500279
-83.7056222978
-83.7326929852
-83.684335209
-83.758888626
-83.6468316631
-83.7835320326
-83.4605713265
-83.6725783492
-83.6657975404
-83.5594237757
-83.8331113053
-83.6069435589
-83.7671457318
-83.6000420465
-83.6920453051
-83.5566967654
-83.5191189402
-83.5398201451
-83.52632864
-83.5107963397
-83.6972622133
-57.5540636802
-83.687017867
-83.7497437954
-83.5143846686
-83.5559464182
-83.586349778
-83.4549326213
-83.5495866301
-83.6718081656
-83.7005322701
-83.5459857808
-83.564303785
-83.7551918549
-83.7971057123
-83.6725939753
-83.592166893
-83.7727428393
-83.5994163969
-83.8059866051
-83.6274325964
-83.7961516877
-83.5631684373
-83.6929225202
-83.8509726093
-83.78934792
-83.3698033166
-83.748307483
-83.9132513038
-83.8008605678
-83.7056310271
-83.6253751719
-83.7433725939
-83.5646027663
-83.7811037766
-83.7062622109
-83.6074723309
-83.8032303086
-83.6042342596
-83.6862664933
-83.6980774673
-83.766607046
-83.6056832265
-83.7553832651
-83.7881178995
-83.6853620876
-83.5004672611
-83.7004174099
-83.7419394563
-83.7145600944
-83.4229096581
-83.8075832056
-83.6325073515
-83.6001320781
-83.1913015191
-83.5059337457
-83.6872779748
-83.7332921813
-83.4495784834
-83.6023820246
-83.6466578271
-56.2904469224
-83.5368093109
-83.6598411641
-83.5642732959
-83.4839785662
-83.5688489849
-83.6449814539
-83.732324476
-83.7266544316
-83.5034879334
-83.5242122673
-83.7527356664
-83.7668336504
-83.775404714
-83.7856985182
-83.822158605
-83.5177409467
-83.5633639306
-83.6446477469
-83.5944302483
-83.7109781146
-83.5498400509
-83.545375482
-83.7543216263
-83.6515329898
-83.6283296423
-83.6013729044
-83.471691387
-83.6778606488
-83.6616083697
-83.6100368071
-83.6239445904
-83.7207962264
-83.5743053741
-83.7254824799
-83.5726311015
-83.6503799599
-83.8094217834
-83.5578664945
-83.7301716706
-83.6225573963
-83.8152370952
-83.5624248072
-83.58110836
-83.7476173527
-83.6735683177
-83.538217691
-83.5907549952
-83.6700564782
-83.8265677497
-83.5653432659
-83.6783006196
-83.4450469673
-83.5352432639
-83.7989942494
-83.7357312479
-83.5518858766
-83.7622397505
-83.6086159825
-83.6384895556
-81.662028314
-83.7059478552
-83.8404417901
-83.7634741216
-83.7711428946
-83.6653174053
-83.7771834361
-83.5359915835
-83.5551808111
-83.5781216667
-83.7891099803
-83.686877509
-83.607488406
-83.6950112146
-83.5505381599
-83.9013831256
-83.7077168807
-83.5004898523
-83.7875108502
-83.7491208595
-83.6872324819
-83.6796903384
-83.7991938337
-83.638839518
-83.6286219535
-83.76271362
-83.6659784534
-83.5462411186
-83.6908092179
-83.707844587
-83.6111546382
-83.6816029378
-83.6475639806
-83.5402329224
-83.7079696733
-83.7326721407
-83.5377543593
-83.6083993842
-83.6916613337
-83.6371614941
-83.8383620425
-83.4532962039
-83.5213347192
-83.6842811218
-83.7430441829
-83.4868504883
-83.5739257718
-83.6913555582
-83.8929565442
-83.4130013785
-83.6800133028
-83.6094578428
-83.5985219556
-83.739517462
-83.6037565992
-83.6718942724
-83.4005506797
-83.6405117151
-83.7277721153
-83.8582064378
-83.7859174601
-72.8157927953
-83.609601511
-83.6054536467
-83.7426088049
-83.5674143344
-83.6323119931
-83.749989963
-83.7271545736
-83.6179294495
-83.6049044052
-83.4830708849
-83.6402317571
-83.8226928732
-83.806343551
-83.8239642902
-83.7727701109
-83.7242517022
-83.7221908484
-83.6271602147
-83.7197390032
-83.6611237262
-83.4696216634
-83.6325932085
-83.7740416875
-83.451064332
-83.7418087612
-83.7788802667
-83.6837888776
-83.8154217917
-83.7276311615
-83.6590350146
-83.8381149156
-83.6860863776
-83.7200269048
-83.6053126699
-83.7477221899
-83.6640028615
-83.3591951775
-83.5755565154
-83.5775254889
-83.7025582231
-83.7739219307
-83.8645980738
-83.6965546259
-83.392509153
-83.743347899
-83.4284012263
-83.6239280469
-83.6070083048
-83.4407492132
-83.6161634721
-83.7019820558
-83.7768133024
-83.5283461166
-83.8200522912
-83.4168527914
-83.5976234569
-83.890660625
-83.9300787563
-83.6418105594
-71.0380764831
-83.6109646224
-83.8215646845
-83.4635246341
-83.6502801205
-83.7655447863
-83.6867795286
-83.5887950151
-83.8114424346
-83.526590025
-83.5628953627
-83.490892399
-83.7620535695
-83.7292603289
-83.71760447
-83.4086335101
-83.6857061088
-83.6102189215
-83.5234974185
-83.6232008027
-83.4421005685
-83.6754304414
-83.4083823775
-83.6154022459
-83.7058622596
-83.6945631038
-83.5478371658
-83.6246264687
-83.7357823224
-83.5231016431
-83.6073899539
-83.2992091221
-83.5904975602
-83.4854721683
-83.6325933346
-83.6092567145
-83.6656392754
-83.5943407731
-83.7946741546
-83.74474957
-83.6789137398
-83.8356709453
-83.6728490495
-83.6077444168
-83.6640048129
-83.5793152168
-83.8665953507
-83.5688550242
-83.5519599674
-83.6704856438
-83.7951736802
-83.8000942479
-83.7239437962
-83.6660065785
-83.555450274
-83.7980298637
-83.6389965736
-83.7095946723
-83.6881915223
-83.7077168331
-61.427763555
-83.4788908888
-83.7044127502
-83.539044448
-83.522194936
-83.7525128284
-83.667043442
-83.6213204532
-83.6133222144
-83.6432159711
-83.4176978586
-83.6740886492
-83.5605332856
-83.5840891981
-83.621578175
-83.6072511517
-83.7713901839
-83.6722770248
-83.5281645759
-83.664094929
-83.7760843747
-83.4665708704
-83.8031427769
-83.600157073
-83.6454362328
-83.7323306879
-83.5993469128
-83.5240631518
-83.6579645827
-83.7088248432
-83.7539968503
-83.8257915513
-83.5637732171
-83.4698005322
-83.6348770234
-83.5539276431
-83.6836469136
-83.8292713414
-83.6782702972
-83.7299388158
-83.8332779495
-83.5148951733
-83.5859343599
-83.5205669089
-83.5898901508
-83.7858188275
-83.5226291567
-83.7330345736
-83.5631114894
-83.6467732508
-83.6660147491
-83.6608395385
-83.6079756245
-83.5778491887
-83.7080936368
-83.6722994281
-83.6622916829
-83.697698437
-83.7016050444
-83.6321022229
-83.8431173516
-72.6666165735
-83.569841863
-83.479316491
-83.7340749948
-83.5402161736
-83.6647607293
-83.7586754764
-83.612404403
-83.8012109487
-83.6152538099
-83.8003831908
-83.6702670686
-83.7745818257
-83.6454762628
-83.6950496617
-83.599166868
-83.674612946
-83.5978896316
-83.7155331442
-83.447034398
-83.7502945647
-83.5930258614
-83.601198345
-83.7483093513
-83.667876586
-83.7717223002
-83.6789816782
-83.6157041417
-83.6803365664
-83.4504372969
-83.6084545237
-83.7059409102
-83.7556071182
-83.6594196516
-83.6933297802
-83.689765752
-83.691984813
-83.5324765562
-83.7129812506
-83.8421544601
-83.5232718254
-83.7355916144
-83.6140181894
-83.5525791293
-83.6232446328
-83.6960314295
-83.5721503727
-83.3873647847
-83.5651512268
-83.613132901
-83.6045641882
-83.8360756728
-83.5488823077
-83.5745966487
-83.5985580968
-83.704797365
-83.5490874564
-83.4121718902
-83.6949094566
-83.6864883099
-51.1323566841
-83.7572799226
-83.6861873154
-83.8127743548
-83.6292243615
-83.7292074301
-83.6979168805
-83.6729433665
-83.6542063709
-83.5275766756
-83.4938139327
-83.7323154366
-83.8327576304
-83.6723706239
-83.8475973377
-83.590645879
-83.4353793401
-83.9043134694
-83.785955529
-83.6825984564
-83.6471736396
-83.4762628161
-83.6978450664
-83.6535578438
-83.4372821383
-83.7447519111
-83.788974422
-83.7045034441
-83.6195552575
-83.8242338645
-83.632460996
-83.6892661051
-83.5453039979
-83.675334398
-83.7465372084
-83.4241991088
-83.5916043784
-83.7271265881
-83.6520231343
-83.6000636341
-83.540605482
-83.7393313717
-83.6305957723
-83.4577679837
-83.5033662081
-83.549088162
-83.4580959691
-83.6007836566
-83.658402896
-83.6372220374
-83.836906399
-83.4651636174
-83.7666651011
-83.743415827
-83.746523338
-83.6948356931
-83.7727652452
-83.6878477115
-83.6480838806
-83.714541783
-49.6997615678
-83.5008770064
-83.6163617273
-83.7411539435
-83.5567034236
-83.7711550622
-83.7423732841
-83.6073073875
-83.7775711807
-83.6335915998
-83.651624886
-83.8346193514
-83.6482432435
-83.8022983425
-83.4324257491
-83.7187565686
-83.7947723276
-83.5756955226
-83.7231293416
-83.7798932207
-83.8260618437
-83.6341379783
-83.6221407409
-83.7071258324
-83.7740548917
-83.6007145744
-83.7681907048
-83.528681487
-83.4530537586
-83.6374394387
-83.6910706294
-83.8025947597
-83.7530372906
-83.669061838
-83.5485447794
-83.8006930201
-83.6407474457
-83.7376023472
-83.7250032982
-83.601609133
-83.8021674398
-83.7676748964
-83.7863245317
-83.5519026728
-83.5768293048
-83.7092904482
-83.6333394513
-83.7371109167
-83.6132488636
-83.7453050746
-83.6101892881
-83.8628637004
-83.7099264359
-83.767836311
-83.6315698956
-83.7847761656
-83.6859774107
-83.6474585926
-83.5338345407
-83.4972633925
-63.085891212
-83.7394786229
-83.6463043927
-83.6645717332
-83.6896868725
-83.5486006307
-83.5378940188
-83.4175131208
-83.6110294292
-83.4433524616
-83.5160914795
-83.6370646327
-83.6246906441
-83.5105085142
-83.7547500325
-83.7204788372
-83.7345167158
-83.6786511284
-83.7306504018
-83.6317543011
-83.6934482564
-83.5130866576
-83.5788402179
-83.6959768886
-83.7610918628
-83.8104585474
-83.6443829446
-83.7997984015
-83.6962897778
-83.4900770445
-83.6711103005
-83.7609660704
-83.6685557761
-83.8312716977
-83.6109011777
-83.6139080491
-83.4598735209
-83.5282612798
-83.6888375956
-83.7158336718
-83.5006067068
-83.725000755
-83.4233718737
-83.706990437
-83.6511989048
-83.8246169657
-83.7321538933
-83.9092366505
-83.5033351149
-83.7610648944
-83.8590837869
-83.7021937625
-83.6139786468
-83.7043615517
-83.6772660383
-83.5379073644
-83.6932434172
-83.5994262793
-83.7397578599
-83.69061468
-83.7059182496
-48.9796061254
-83.7436092028
-83.7049064786
-83.6673525453
-83.6312528295
-83.773918305
-83.6688567873
-83.8093134367
-83.6358795282
-83.6883916439
-83.6433081925
-83.6702963283
-83.5036157217
-83.6498541056
-83.6999664194
-83.508280798
-83.8173294
-83.7654871021
-83.9433915704
-83.6859169049
-83.6629213353
-83.6053845206
-83.5150837277
-83.6183541594
-83.9321184994
-83.799603325
-83.6115340044
-83.7584510905
-83.7710079293
-83.6804710804
-83.6807041656
-83.6532902248
-83.8403276856
-83.614961941
-83.7207236998
-83.7758584706
-83.5769774616
-83.7014781941
-83.6999506182
-83.6590104427
-83.6642808184
-83.6898516287
-83.6686983507
-83.5257627467
-83.6583162962
-83.8030683092
-83.6869502153
-83.606754539
-83.5651795328
-83.8392038875
-83.6385534855
-83.548225266
-83.6141920728
-83.6685011836
-83.6256976446
-83.6815678352
-83.5165381636
-83.7018880217
-83.5679966693
-83.7247210526
-56.2353226693
-83.7495656173
-83.7889084485
-83.7018540033
-83.5197162404
-83.8435539468
-83.7972401361
-83.7671190554
-83.7829680872
-83.7210000276
-83.6750217559
-83.7263592991
-83.7788650294
-83.8304033445
-83.6145013241
-83.6948208608
-83.6813533853
-83.6381787064
-83.2061520438
-83.6818791746
-83.5452233753
-83.5511717604
-83.6426596386
-83.76928174
-83.5562370519
-83.4593912197
-83.6052067503
-83.7444559489
-83.6633090149
-83.773351575
-83.5414499093
-83.4791783601
-83.7660981162
-83.5192526143
-83.5023234291
-83.6472079068
-83.4193676934
-83.5080903851
-83.5704652688
-83.6406082296
-83.7776460844
-83.6229320311
-83.7661183624
-83.6933392416
-83.4126325666
-83.627782962
-83.602072965
-83.4772208958
-83.7449593528
-83.4649221042
-83.6657607354
-83.6525544722
-83.5830343521
-83.6408421913
-83.8047261884
-83.6495132762
-83.7211033511
-83.7536524165
-83.2454219929
-83.7132694521
-83.6940453761
-65.5282972663
-83.6884014741
-83.9488246796
-83.7288707667
-83.7691158222
-83.7574669182
-83.7529943004
-83.6435472844
-83.6417426958
-83.6444918652
-83.601000954
-83.6107081348
-83.436584205
-83.8257861961
-83.7520717997
-83.5522855977
-83.6645951548
-83.4650739767
-83.6528089991
-83.4215712856
-83.564173317
-83.6757875002
-83.7913642917
-83.5539894545
-83.6249702007
-83.7264130575
-83.5711839869
-83.503577171
-83.7165759887
-83.7376495769
-83.4031566412
-83.6465750432
-83.4815060803
-83.5776647448
-83.4585572036
-83.6834970228
-83.6148228503
-83.7479647556
-83.6014030336
-83.3917340522
-83.7743981153
-83.7983730164
-83.5585489139
-83.6767997326
-83.6145534569
-83.5543292362
-83.7629036811
-83.7743806282
-83.5908863502
-83.6219534913
-83.807948884
-83.3059812747
-83.7917488053
-83.5553989988
-83.7444513679
-83.5896449638
-83.6348637593
-83.6978302751
-83.4488897261
-83.7550158274
-49.9096245011
-83.3805439444
-83.6001022353
-83.6783420888
-83.8019687678
-83.8523286341
-83.8284988017
-83.7944416282
-83.7421685066
-83.5700834117
-83.6888655291
-83.7358779537
-83.7267037964
-83.6511638391
-83.5898338446
-83.8303657121
-83.642202627
-83.7548948885
-83.6771789471
-83.6594656334
-83.6236444813
-83.4950863628
-83.6550766165
-83.6780584224
-83.6116975744
-83.5419412017
-83.544795294
-83.6086438285
-83.6367224686
-83.7195868794
-83.6597105207
-83.7419695832
-83.6895474836
-83.6329081363
-83.7349378732
-83.6431459863
-83.685224694
-83.6272781094
-83.7316157132
-83.6449215966
-83.6907362789
-83.7347100776
-83.5889746916
-83.6701580566
-83.5982625744
-83.6895397148
-83.7471121163
-83.8216070194
-83.559192059
-83.5461552304
-83.5510742854
-83.5803429522
-83.7813584445
-83.7211259577
-83.8347566953
-83.5708026132
-83.8250465326
-83.7590190947
-83.6422039388
-83.6656393119
-58.0198120335
-83.9690983241
-83.6528091475
-83.5810479833
-83.7988626793
-83.6914835111
-83.7566913407
-83.7439237245
-83.8222387784
-83.6172360222
-83.722659811
-83.8223619859
-83.6969923058
-83.706058088
-83.8265292797
-83.6193803446
-83.6960586357
-83.7280648302
-83.4560450763
-83.7586023578
-83.5977368382
-83.8657994967
-83.5248958084
-83.6540797127
-83.5832822379
-83.6741294941
-83.760501012
-83.8561880018
-83.671933729
-83.7333851572
-83.5383753866
-83.5129558196
-83.5628386115
-83.7695476661
-83.7855515694
-83.6053481007
-83.8298078393
-83.5861704403
-83.6118423903
-83.6103979293
-83.5261001684
-83.6297116988
-83.6351605463
-83.6531686632
-83.8038045802
-83.562133504
-83.5999101013
-83.6673227646
-83.7547135582
-83.7138104743
-83.5557288951
-83.7467473958
-83.6922490132
-83.7759017116
-83.6902735957
-83.598871517
-83.6863626543
-83.7120975853
-83.5689158476
-83.7086972967
-83.8906142857
-66.4199265964
-83.6666341429
-83.6935646392
-83.8315300648
-83.7005275039
-83.6324776375
-83.7620454091
-83.7322006203
-83.722931702
-83.6280494988
-83.5697628916
-83.657244999
-83.722342829
-83.7649333741
-83.6654653383
-83.6094289981
-83.5435644794
-83.8458406312
-83.620768903
-83.556241109
-83.5539608535
-83.7515060815
-83.6658888688
-83.594730244
-83.7773470944
-83.6926296673
-83.7421998938
-83.7673217769
-83.712402845
-83.5215364646
-83.5405921021
-83.4974274113
-83.5719240923
-83.782454792
-83.7189094712
-83.8507320793
-83.7280670434
-83.5951181727
-83.5699860473
-83.3523827819
-83.7607618274
-83.6096501434
-83.6831360946
-83.6523184243
-83.3809996111
-83.7299588951
-83.699379511
-83.726611016
-83.6973752176
-83.6321155791
-83.8168620541
-83.3860545885
-83.5810009522
-83.4643389746
-83.6462958798
-83.6193830757
-83.4484495559
-83.7715164781
-83.67987324
-83.8052649711
-53.5613289726
-83.7250616482
-83.619453147
-83.6720562087
-83.7729995062
-83.4523019967
-83.8588129693
-83.6030673223
-83.8541334775
-83.4211932242
-83.6423850858
-83.6017919287
-83.6581781342
-83.5258037936
-83.6659163935
-83.4730572042
-83.6286756936
-83.6202164794
-83.5772483184
-83.7334471609
-83.6568447868
-83.6133525456
-83.7947308956
-83.6796704007
-83.5683659004
-83.6716008005
-83.7761399745
-83.6831495614
-83.5827514796
-83.6889886251
-83.547592728
-83.5004235286
-83.7295535568
-83.5261502113
-83.419262264
-83.7306903601
-83.8298804651
-83.8156321093
-83.6540644291
-83.5991543259
-83.6658563475
-83.7584345552
-83.7131640486
-83.7030362954
-83.5976145847
-83.6714524329
-83.7488634602
-83.6635309854
-83.7079712813
-83.3827531484
-83.7709196342
-83.6946216294
-83.8251992207
-83.7848234816
-83.7564106349
-83.6487515522
-83.6989220409
-83.3670144187
-83.7466864915
-83.6715638445
-59.1788962796
-83.7910645032
-83.553404136
-83.7159947815
-83.681537254
-83.5519776724
-83.5528212792
-83.6812814015
-83.6605405893
-83.5743672826
-83.7522004061
-83.7146138209
-83.8198545695
-83.4324358899
-83.7117256831
-83.8295009497
-83.5731639886
-83.7030449165
-83.5622124836
-83.8666666442
-83.8418868443
-83.5556080188
-83.5417003617
-83.3440443624
-83.7677411524
-83.7849674354
-83.6983995205
-83.318387392
-83.6286959982
-83.5671863389
-83.9248455136
-83.3953193032
-83.5384216393
-83.6368055842
-83.6976551749
-83.7331618741
-83.618658734
-83.6886634649
-83.7076426331
-83.6569310916
-83.700779257
-83.6755799607
-83.3667988793
-83.469330649
-83.5853299965
-83.5616429253
-83.5702984728
-83.6417061302
-83.5820015402
-83.846801394
-83.5622164054
-83.7362194908
-83.6439265646
-83.7185023229
-83.6474928097
-83.6633623736
-83.6336620513
-83.5663333041
-83.4879577098
-83.5855869083
-83.6818268533
-71.7842088869
-83.6886457194
-83.6431836877
-83.4572619637
-83.6932945092
-83.579806645
-83.6330997157
-83.5981337575
-83.6236188325
-83.8140669198
-83.7240967448
-83.6257528695
-83.5899474235
-83.4947999919
-83.7204862034
-83.5625328552
-83.6808832676
-83.5870688578
-83.7029014866
-83.7646823368
-83.7394622426
-83.5920367497
-83.4039510843
-83.4380809878
-83.5818939175
-83.7547685403
-83.5681402218
-83.6915417113
-83.7966247256
-83.6703081568
-83.726676706
-83.6109169221
-83.7411957985
-83.5975437921
-83.5890163585
-83.6706077024
-83.6515175522
-83.6646181475
-83.6932714394
-83.4854230713
-83.5401842174
-83.483371161
-83.7890527501
-83.6498979728
-83.5859698929
-83.7157084405
-83.837726298
-83.7783249472
-83.4846196771
-83.463145895
-83.678688103
-83.618351536
-83.6473439951
-83.6339506617
-83.5990387929
-83.6592807242
-83.5446551614
-83.9121471961
-83.5478707294
-83.6570218738
-53.8044678123
-83.6949005955
-83.7585952217
-83.5413697587
-83.5450610262
-83.6697545174
-83.5239332341
-83.8275147432
-83.5473755353
-83.6151468522
-83.7113172047
-83.5128868368
-83.6846198591
-83.4560315368
-83.7070776527
-83.6752956777
-83.5155622472
-83.8381682642
-83.6297093021
-83.6928351821
-83.9071236062
-83.872660431
-83.5693325502
-83.397929727
-83.3941151671
-83.6389722391
-83.6941516586
-83.4649745878
-83.7567030163
-83.8081672329
-83.8308884344
-83.7688165355
-83.8309065428
-83.7442056535
-83.7210926041
-83.698429205
-83.5772642277
-83.5345704042
-83.7947291889
-83.6636573786
-83.7253463564
-83.5935417163
-83.8541861509
-83.5231234213
-83.8113504966
-83.687072896
-83.714623564
-83.6780742035
-83.794185196
-83.6365432997
-83.4519651708
-83.8002742209
-83.7171520378
-83.7723240321
-83.749374776
-83.7284865849
-83.7941803572
-83.5646621856
-83.5077772372
-83.6545689999
-59.2139683439
-83.7376632839
-83.7645483283
-83.5654321023
-83.4791287323
-83.7248733348
-83.8465066817
-83.7321131591
-83.5147838004
-83.6958880404
-83.6873683505
-83.6209657824
-83.7820063888
-83.5240497478
-83.4274470927
-83.5133918192
-83.4102883523
-83.6282859967
-83.5528730504
-83.8597032822
-83.5643388252
-83.5735283864
-83.610972468
-83.6376449935
-83.5555025046
-83.641831354
-83.7416443595
-83.6467341722
-83.7268189396
-83.7319717582
-83.7320128208
-83.5136892459
-83.761656972
-83.548476626
-83.5751658802
-83.673229065
-83.7456627379
-83.5952644249
-83.6629483915
-83.7523687245
-83.6807119233
-83.7173402497
-83.3028968209
-83.6539362761
-83.6025363534
-83.6087654648
-83.5488654096
-83.3097883473
-83.7615223215
-83.5128275326
-83.5949229398
-83.7608807525
-83.6446668388
-83.7094363457
-83.6534166404
-83.5781820216
-83.7274953614
-83.5958239052
-83.5188339323
-83.4586526628
-83.8147936664
-75.4188831354
-83.6967218627
-83.741937952
-83.5946847752
-83.6728053878
-83.6265977488
-83.5622226002
-83.3847154963
-83.6584396388
-83.7901080752
-83.6137058407
-83.7179613988
-83.6008604106
-83.6117315638
-83.8273577679
-83.7066879557
-83.7944975005
-83.6431340126
-83.738678975
-83.782306092
-83.7196822255
-83.7904538979
-83.8306822534
-83.4859296968
-83.6014337339
-83.8477015015
-83.5520712503
-83.5729456814
-83.7856493184
-83.6235026184
-83.4499438937
-83.831830412
-83.6669816314
-83.7236477873
-83.6365643902
-83.6662034705
-83.5824664628
-83.8379824423
-83.6727615409
-83.6300633099
-83.7950773208
-83.6339483095
-83.5720482895
-83.6462385937
-83.6921894729
-83.7642573019
-83.662222332
-83.8468168765
-83.7141703262
-83.5551057413
-83.6743745301
-83.8528165443
-83.7578334209
-83.4204420859
-83.7507353267
-83.6579198731
-83.5456744626
-83.7387713614
-83.7201167366
-83.3907182456
-54.3244567012
-83.3837314487
-83.5520250182
-83.5708246422
-83.4950581881
-83.6653050071
-83.6097893591
-83.7741037211
-83.458920645
-83.6170650782
-83.5134086679
-83.6467207259
-83.582845063
-83.7360736236
-83.5031958745
-83.635709254
-83.5119589375
-83.8291954123
-83.7297890678
-83.7036031161
-83.6085113048
-83.4468043858
-83.4784369837
-83.476185389
-83.4656333619
-83.5701695838
-83.6204854003
-83.7206738729
-83.4449749073
-83.2998317097
-83.8307831313
-83.4357058225
-83.5573855693
-83.663487617
-83.5019143291
-83.6530816645
-83.7607220192
-83.5724514325
-83.6848227909
-83.629192402
-83.6011377719
-83.4843387245
-83.5288214974
-83.5496504535
-83.555282245
-83.6117349738
-83.6524340457
-83.6837317332
-83.4521442258
-83.8854051353
-83.6365826428
-83.5727979236
-83.7466632498
-83.6096641328
-83.8401134706
-83.4647068275
-83.5722058021
-83.5709009885
-83.6713944953
-83.5140990912
-56.700682247
-83.6169875029
-83.7004256464
-83.5758340506
-83.6490630811
-83.7146825336
-83.6385898815
-83.6029005145
-83.5598567112
-83.6529766274
-83.6765418995
-83.69938819
-83.5480283044
-83.3642805528
-83.7943116
-83.6100231277
-83.6066781897
-83.5809968997
-83.4995247264
-83.5858284129
-83.5766403868
-83.5225703455
-83.8162548298
-83.5964301221
-83.6168187517
-83.8194511254
-83.6566360503
-83.7800271351
-83.498464573
-83.7323031914
-83.7253590053
-83.8752729285
-83.7057705583
-83.7484278471
-83.5852142559
-83.5900311965
-83.6112040006
-83.617738255
-83.6258026876
-83.498924154
-83.7308325946
-83.726570217
-83.7476544406
-83.8479020407
-83.7907894251
-83.8407592983
-83.5579022247
-83.6665363972
-83.5555939847
-83.6524905815
-83.6547929401
-83.6440566881
-83.7023983712
-83.8668739254
-83.5398653785
-83.4723317382
-83.3586582205
-83.6608637332
-83.5379448127
-83.6314094311
-83.4964270346
-71.0870956447
-83.4987660344
-83.7308832661
-83.7274645819
-83.7241291632
-83.6039846775
-83.6393036365
-83.6555829191
-83.5559977045
-83.5726952875
-83.5167105792
-83.4594399731
-83.8156458392
-83.5112121377
-83.6817781864
-83.652166095
-83.7692126683
-83.6989873657
-83.7443590649
-83.598452255
-83.3103821529
-83.5852804269
-83.5893001919
-83.5224763311
-83.7527823114
-83.7821943779
-83.6823919825
-83.7112396533
-83.6040123096
-83.5768235054
-83.866807212
-83.7004617618
-83.3912399341
-83.8274422803
-83.5948404969
-83.6428417795
-83.6075617331
-83.726165006
-83.6382300528
-83.605823773
-83.5380650735
-83.7114082679
-83.7617118108
-83.8342987486
-83.5545754933
-83.789253518
-83.6007409931
-83.4463972335
-83.5202169448
-83.9513910946
-83.4710977038
-83.4379812922
-83.6785239052
-83.5828250087
-83.6479955983
-83.7088289522
-83.8050328565
-83.8150395151
-83.6132540771
-83.6121070654
-49.9456250156
-83.4883481962
-83.5908997761
-83.6381662738
-83.5626971361
-83.903271954
-83.4730378558
-83.8876131047
-83.5657831793
-83.4896473896
-83.6279023018
-83.6744992246
-83.6436450955
-83.6832848873
-83.6584452059
-83.5712824051
-83.6648404271
-83.7246116462
-83.6322407803
-83.5296997653
-83.5615123733
-83.744241106
-83.6812363409
-83.899919141
-83.7788917274
-83.6744419855
-83.7302484595
-83.5039505764
-83.74366436
-83.5151189239
-83.7881558354
-83.6906071444
-83.7489874744
-83.7098297307
-83.7104286325
-83.9085354698
-83.7862710365
-83.5923514992
-83.6257961778
-83.6816357417
-83.7306979513
-83.6618476167
-83.8533380652
-83.6277407261
-83.8666664052
-83.5180529826
-83.41251073
-83.7189824064
-83.9364674016
-83.6140705079
-83.5736790799
-83.6926523995
-83.6632313768
-83.6566245228
-83.5416862793
-83.6855381567
-83.5396226884
-83.4608037188
-83.5955629203
-83.5789674957
-53.9277646746
-83.6110689109
-83.7013789815
-83.7925830865
-83.7602021887
-83.5754894187
-83.7775375151
-83.5927669366
-83.6689498016
-83.449460898
-83.6924820608
-83.5587173936
-83.7183799854
-83.6926482544
-83.7474815612
-83.6107967686
-83.5946696866
-83.598213885
-83.6034523515
-83.6617600945
-83.6349601999
-83.6667158147
-83.6067962464
-83.4983443343
-83.7195906244
-83.6810475462
-83.6625231029
-83.7129324506
-83.3236321286
-83.5111057995
-83.5950278046
-83.7099778271
-83.7978739809
-83.7205569708
-83.4706226578
-83.5547790645
-83.5789327866
-83.6183824956
-83.6680056048
-83.6223557152
-83.8040006897
-83.6131246435
-83.5928839255
-83.7663161341
-83.6335969187
-83.5299010244
-83.5499145974
-83.6339017401
-83.5977232689
-83.747718181
-83.5992628674
-83.6989573286
-83.5317379477
-83.6462106974
-83.7621996197
-83.7209877734
-83.5898489726
-83.664567485
-83.6571986363
-83.5809412901
-83.5698118983
-67.3333215091
-83.5015512378
-83.7382717068
-83.6597304286
-83.4747257085
-83.668447083
-83.4871088975
-83.7655357609
-83.7774348006
-83.5659877743
-83.7184607419
-83.6720564832
-83.5790052164
-83.444361862
-83.7324752611
-83.5958995168
-83.6394400364
-83.7119236757
-83.7214176195
-83.680452646
-83.5630446057
-83.9453316951
-83.5154510711
-83.5932635086
-83.4873736967
-83.6002135996
-83.6026127958
-83.6290683135
-83.5497692624
-83.7128917496
-83.8037068172
-83.6486553896
-83.6319968335
-83.587025473
-83.7357186454
-83.4750046412
-83.6368943856
-83.6076230227
-83.6773506548
-83.5479800064
-83.6167176067
-83.8128512834
-83.6969280003
-83.5773416555
-83.6469141087
-83.7215636499
-83.4381710841
-83.3739021834
-83.5931558051
-83.4975241504
-83.4849178998
-83.7271697715
-83.6860765312
-83.7232409699
-83.6379485673
-83.5061727285
-83.6223662437
-83.7627192362
-83.6096813845
-83.6287019318
-49.4716855453
-83.6974734113
-83.5376948475
-83.5585301826
-83.73957616
-83.6906625258
-83.7171017063
-83.5555538919
-83.7379245319
-83.6911143341
-83.7487232501
-83.5509761905
-83.5702372712
-83.6847611205
-83.7547453601
-83.5776768742
-83.7070561864
-83.812096278
-83.4613465674
-83.717950864
-83.5381710642
-83.7500981521
-83.7434818589
-83.6656200866
-83.8000026907
-83.7200076141
-83.5456536439
-83.7779206489
-83.4913181705
-83.4841873655
-83.6101388517
-83.6656019067
-83.6487576476
-83.6784531937
-83.7073396329
-83.7497765076
-83.6554162089
-83.5668218171
-83.6347203792
-83.5427212117
-83.4850367768
-83.5612851903
-83.7686178935
-83.6249965702
-83.5991790092
-83.5532885126
-83.6812189975
-83.4114667941
-83.5624706887
-83.6408251309
-83.6503037147
-83.6911071375
-83.5402629736
-83.6568716001
-83.6923724449
-83.7325302584
-83.6446222898
-83.755127459
-83.7254200885
-83.6809430152
-53.1291001974
-83.6098182358
-83.6982080729
-83.7203197478
-83.6790368451
-83.5877028124
-83.573266736
-83.7700118823
-83.5854292663
-83.6638320962
-83.7615451617
-83.6284066001
-83.6186361096
-83.507629098
-83.6528294752
-83.7424594872
-83.8229469632
-83.8563229799
-83.4933928376
-83.6535583003
-83.5582177247
-83.9646921495
-83.5903663435
-83.6655888612
-83.5929432063
-83.7127376513
-83.7560970944
-83.5916276776
-83.6850758095
-83.5602823144
-83.8516983228
-83.8796314932
-83.4082185707
-83.8493314668
-83.729246093
-83.6708807474
-83.5412101385
-83.7049704034
-83.7895754134
-83.6648871346
-83.5166957193
-83.7780155616
-83.5494168937
-83.7924088162
-83.869914712
-83.5398952636
-83.4998838285
-83.8199519204
-83.771761496
-83.537019848
-83.4586960253
-83.7896300123
-83.7138847344
-83.703443414
-83.6859596493
-83.6857567746
-83.66833589
-83.531957361
-83.613192921
-83.5467402593
-83.5443545439
-68.4395767586
-83.7888489257
-83.6114071736
-83.7544696584
-83.7085040587
-83.5186445605
-83.5717967482
-83.7083349533
-83.8761393008
-83.6722103232
-83.8273012884
-83.5407222572
-83.8309598233
-83.6486238201
-83.3033402591
-83.6317848978
-83.4268078784
-83.5645227248
-83.7295448676
-83.7482324224
-83.612120709
-83.3757054282
-83.7819590402
-83.7261473357
-83.6828037022
-83.8108792834
-83.8883390511
-83.7081624258
-83.6481574775
-83.5755938571
-83.8092935979
-83.6654380727
-83.5442858571
-83.6639602383
-83.5629856432
-83.6449502994
-83.5196030301
-83.7439938616
-83.6394023742
-83.5873037933
-83.7275781629
-83.6329029991
-83.6872682645
-83.6990898873
-83.5926218605
-83.7583553903
-83.8036817524
-83.8045775804
-83.9168527107
-83.7755909276
-83.5723761674
-83.7060361292
-83.728584004
-83.8209049374
-83.882868753
-83.808568053
-83.5161054393
-83.7763985065
-83.8426302898
-83.8868341705
-49.8897022749
-83.6424505939
-83.6972251826
-83.5890055651
-83.6813193206
-83.7711591747
-83.5178733611
-83.6933591839
-83.5816028348
-83.7109649216
-83.9649419394
-83.7995572827
-83.5466019539
-83.7976841049
-83.6441268453
-83.6650389832
-83.5381666662
-83.7377235228
-83.756048512
-83.7619099851
-83.6357993697
-83.542824672
-83.6630209537
-83.5289598755
-83.6121937892
-83.5930473751
-83.7610219932
-83.3310988117
-83.6745150823
-83.6344598399
-83.7750910805
-83.832114641
-83.5074140634
-83.607922724
-83.6415351013
-83.836915206
-83.8270528538
-83.7485349321
-83.7624065662
-83.7977990797
-83.69150481
-83.6763484265
-83.4953324707
-83.6676105808
-83.72485596
-83.702219818
-83.8083077224
-83.7025052327
-83.7135105119
-83.7996011286
-83.5419432618
-83.3515644847
-83.7823408776
-83.740000157
-83.5033711121
-83.7029276334
-83.7689580514
-83.5475869665
-83.591673335
-83.5788147204
-53.6861977008
-83.695319685
-83.8763584515
-83.6700974531
-83.7894104832
-83.5961516068
-83.5926129054
-83.2872813654
-83.6460027833
-83.5576731184
-83.6589884208
-83.5398734252
-83.956700064
-83.7906742027
-83.7961664729
-83.6799990471
-83.8302463466
-83.5568217386
-83.6708038172
-83.5409516236
-83.5731099317
-83.7175164576
-83.665210567
-83.3158456057
-83.7148916847
-83.7591756239
-83.7703007435
-83.7116269612
-83.9496247351
-83.640503685
-83.6257779284
-83.5826720429
-83.2331417144
-83.6687264943
-83.6929132966
-83.6621902804
-83.8329875607
-83.4435125146
-83.3583994967
-83.6771950546
-83.6315120355
-83.4810711086
-83.4777033396
-83.545449582
-83.7514547606
-83.821399271
-83.6911059345
-83.5004420142
-83.5990722591
-83.6722279113
-83.5468363042
-83.588273307
-83.6586957344
-83.6564987215
-83.3548063631
-83.6476666521
-83.6041682949
-83.4916703192
-83.7520422256
-83.6485284768
-83.5362305056
-68.8179728501
-83.6945375994
-83.7783015315
-83.6979263074
-83.6025328988
-83.6071424025
-83.5440228698
-83.5753241317
-83.7046712628
-83.7473355183
-83.5540221408
-83.9105597686
-83.6173093374
-83.6727339738
-83.7617517705
-83.7597735508
-83.6833296171
-83.7470329309
-83.8330617293
-83.7989544373
-83.6828889426
-83.7318326824
-83.5122053323
-83.7267672503
-83.6366973014
-83.9116194234
-83.4779763942
-83.5991145971
-83.7248019788
-83.6951163964
-83.6709152251
-83.7540188688
-83.615165175
-83.7091526925
-83.9277854473
-83.5958373942
-83.5901421049
-83.5862926532
-83.5633159681
-83.6233743991
-83.7455887529
-83.7450879992
-83.8474500242
-83.6170988773
-83.8624332172
-83.6544772631
-83.5881880548
-83.7441189928
-83.570318875
-83.7718331694
-83.7903396405
-83.5048017518
-83.6696810394
-83.6076993115
-83.7174190495
-83.597938427
-83.5787382629
-83.7877305046
-83.8475598491
-83.6855697126
-83.7201001336
-83.7506670986
-83.7223006334
-83.6271416875
-83.6270380006
-83.5639217734
-83.7189526466
-83.7102210963
-83.6809469975
-83.6856208769
-83.9264094723
-83.64959014
-83.7479208774
-83.8597899034
-83.593126453
-83.5657473708
-83.6681348936
-83.82759022
-83.5122074453
-83.6458252317
-83.6109695374
-83.692241689
-83.6304704122
-83.670864893
-83.6744675291
-83.6643572819
-83.6902930069
-83.7788747355
-83.7885746588
-83.8330458206
-83.6810162902
-83.6013621778
-83.689361125
-83.7620262185
-83.5195198845
-83.6435591227
-83.4998191374
-83.7450059568
-83.6999015834
-83.7090800581
-83.566052419
-83.7174240106
-83.7203223657
-83.7461676912
-83.5280575575
-83.525990982
-83.572031674
-83.5257019551
-83.7287442743
-83.7366797898
-83.5007803154
-83.6063495665
-83.745638977
-83.770237238
-83.5421552594
-83.8717282585
-83.547860746
-83.6972599945
-83.9397970897
-83.6589409237
-83.5395705675
-83.6580815484
-83.6390350773
-83.7562334588
-83.8509051525
-83.4620013322
-83.7759926116
-83.5870311418
-83.6282558198
-83.5385327295
-83.7810811567
-83.6800864926
-83.7005750817
-83.7572784678
-83.8639788459
-83.7441377261
-83.5157608629
-83.6056922347
-83.8029138653
-83.5739696496
-83.6584846846
-83.7318196453
-83.729195424
-83.7809179414
-83.714969003
-83.8263977908
-83.6094507807
-83.6674266344
-83.705521244
-83.6741446109
-83.8253514861
-83.6562522033
-83.6949333864
-83.7177426836
-83.726260802
-83.7435148695
-83.6323052589
-83.5723889575
-83.65301611
-83.6212211143
-83.8129417077
-83.2794156174
-83.6160712875
-83.6786431496
-83.6827026029
-83.7127017025
-83.6833996309
-83.4770282502
-83.7623393104
-83.6999916661
-83.5530674056
-83.8687312868
-83.5548274481
-83.6054829395
-83.6160406436
-83.6112955211
-83.552294039
-83.7883488513
-83.5866000435
-83.765639112
-83.5495649652
-83.5971063559
-83.7071854749
-83.4918117404
-83.5755366333
-83.7820211511
-83.8411901281
-83.4637459568
-83.6593500649
-83.6589365667
-83.608888694
-83.7729627476
-83.760517622
-83.6041892967
-83.7163592754
-83.4706848776
-83.6111941717
-83.6370292942
-83.7594785439
-83.6833396449
-83.7069496657
-83.6402886898
-83.6757054605
-83.6029733608
-83.5128305664
-83.6153345606
-83.7754567669
-83.5867843131
-83.5821141353
-83.6243182589
-83.729824618
-83.6884858628
-83.6028709622
-83.5424068801
-83.5717479158
-83.5910273722
-83.8030933704
-83.6203560136
-83.3930519753
-83.2514183035
-83.6006393717
-83.5726363098
-83.6420622098
-83.5040972708
-83.8391659881
-83.6598066333
-83.5566705117
-83.6726994947
-83.4086379493
-83.6107931339
-83.7228593533
-83.5793170196
-83.575725226
-83.4423194154
-83.767547768
-83.6348134684
-83.6676699361
-83.7641288346
-83.723275315
-83.6609848158
-83.6503036099
-83.5324799169
-83.6539070274
-83.4379736514
-83.6566644871
-83.7540441123
-83.67608843
-83.7218160691
-83.4984533485
-83.6901279876
-83.6096969355
-83.7949684863
-83.46361833
-83.5141238718
-83.528306555
-83.3830835419
-83.4820526892
-83.6851812847
-83.7131738693
-83.5588129118
-83.6496251173
-83.7535944721
-83.5170441153
-83.8581125139
-83.6552596636
-83.75000567
-83.5571881656
-83.7248948303
-83.7225141545
-83.5535033843
-83.6020577394
-83.5607960618
-83.5542118176
-83.650924771
-83.5494472298
-83.5561352943
-83.47938406
-83.3806956595
-83.8646515577
-83.5895389807
-83.7015313872
-83.4576163739
-83.5658189683
-83.9032733223
-83.6060423003
