-83.832164684
-83.7780526767
-83.5533895711
-83.6611348102
-83.7620828817
-83.7148443645
-83.8498831558
-83.7978253608
-83.7123136668
-83.6723242877
-83.7601886928
-83.8415989237
-83.7704574237
-83.8980578769
-83.6361032838
-83.9071540812
-83.5946270193
-84.0014541293
-83.5919825859
-83.7528429178
-83.7791940712
-83.8009803327
-83.8086217067
-83.7916892285
-83.5059236831
-83.7390694229
-83.7398516982
-83.5481032082
-83.6755591818
-83.7861383054
-83.7569985769
-83.9489702067
-83.552188497
-83.7884233441
-83.8120293101
-83.8926846343
-83.7259715395
-83.5595415544
-83.4976023606
-83.8243389932
-83.8115219122
-83.7168869183
-83.5697214624
-83.6207838857
-83.8222704989
-83.6845387637
-83.848687597
-83.7650854591
-83.81564115
-83.4725046329
-83.9701172489
-83.6341511077
-83.722619845
-83.3062502794
-83.7649788274
-83.6574067289
-83.7389485765
-83.869841681
-83.7648495393
-83.5630939241
-83.6044772787
-83.7678797658
-83.6271312514
-83.7581038389
-83.5348835721
-83.8303720512
-83.721632485
-83.8351784946
-83.7382825718
-83.7951743718
-83.5175586518
-83.5717927044
-83.6982643817
-83.8032836696
-83.8132291664
-83.8912480214
-83.6484848553
-83.7204221659
-83.7759354399
-83.60931114
-83.8357801684
-83.8642713174
-83.5431197842
-83.7592146474
-83.7477633797
-83.799517927
-83.7172405134
-83.6582276195
-83.6453231155
-83.7473047487
-83.8658173856
-83.6703593219
-83.8735041587
-83.6634698922
-83.8230209257
-83.8128318355
-83.7104548642
-83.7685246522
-83.3768110739
-83.7926453745
-84.0063489254
-83.7886240565
-83.5261035995
-83.5904396438
-83.5546270775
-83.7403258249
-83.7495978603
-84.0346446506
-83.627547697
-83.66330159
-83.5980566793
-83.8597790498
-83.8088190124
-83.793285202
-83.8126035596
-83.7229209246
-83.5562030071
-83.7458134453
-83.7144821241
-83.7029755505
-83.7250588698
-83.7200368259
-83.6233239011
-83.5292491071
-83.7127421433
-83.6373278474
-83.6885900671
-83.4948044615
-83.7106930055
-83.9417161126
-83.5848848147
-83.5924882508
-83.5796540826
-83.72791616
-83.7056662264
-83.8775121249
-83.7395216603
-83.7630874707
-83.7880534801
-83.7790043195
-83.7753946564
-83.7259968243
-83.5574356968
-83.684247619
-83.5665268079
-83.787314956
-83.6272754525
-83.6677110746
-83.7546817513
-83.7664024447
-83.7985485666
-83.6380807786
-83.6824805282
-83.7591116346
-83.7750480092
-83.7112443729
-83.6934092339
-83.6867766455
-83.4191978405
-84.0082127244
-83.9791274835
-83.6442800369
-83.5548408965
-83.6205764718
-83.6745323434
-83.7853321655
-83.5572125129
-83.7148761179
-83.5172104006
-83.6880820042
-83.5679347872
-83.4919195521
-83.7022847757
-83.7152919933
-83.6776230675
-83.7824954318
-83.7645699269
-83.7716055597
-83.7936186641
-83.6926664479
-83.8463773168
-83.6966734875
-83.7279399109
-83.7241288496
-83.6386400818
-83.6873955722
-83.7781346967
-83.7066227931
-83.5847741969
-83.6214687967
-83.6372267385
-83.7866380485
-83.7637933874
-83.6767513499
-83.7617852374
-83.5627463138
-83.7718474478
-83.9597160127
-83.7002762539
-83.6987546547
-83.6376819009
-83.7529478818
-83.5778110675
-83.7256009704
-83.9403319549
-83.9810321207
-83.6659072152
-83.6844577445
-83.7702975966
-83.5088379458
-83.6675775891
-83.5773883297
-83.6278482388
-83.7103724057
-83.7397912082
-83.5889431838
-83.8665250695
-83.7064701528
-83.7095682697
-83.7431006253
-83.6780531035
-83.8771788379
-83.6945806141
-83.6171246381
-83.7220230665
-83.6909841329
-83.4483996782
-83.8796146612
-83.5232264768
-83.8639424562
-83.8247960784
-83.6608138385
-83.8924362121
-82.8674577994
-83.7543799457
-83.7281044315
-83.6465989493
-83.6459505136
-83.5886147928
-83.7958715673
-83.7862180848
-83.6930626126
-83.8517597634
-83.6858151797
-83.626373757
-83.5946321677
-83.6626784836
-83.4933909724
-83.6159254818
-83.7958141254
-83.5843890773
-83.6642194327
-83.430957822
-83.810209493
-83.6204058086
-83.7287069634
-83.8442241499
-83.6849712426
-83.735146154
-83.7305299001
-83.5745310579
-83.5672750455
-83.6869243016
-83.846219101
-83.8398585793
-83.7977617553
-83.7338650841
-83.7571760901
-83.5025616824
-83.70775009
-83.6539724706
-83.3373745393
-83.8576446624
-83.597427469
-83.6921858484
-83.7629622013
-83.4840033542
-83.7628524347
-83.660120711
-83.627156812
-83.488821704
-83.5076945982
-83.8191550549
-83.7179762407
-83.7544689027
-83.6342629128
-83.7404974165
-83.388564672
-83.6591718315
-83.4151497549
-83.753413233
-83.6735249208
-83.6570521442
-83.5738334296
-59.5443965553
-83.7384852523
-83.785417254
-83.6217448575
-83.7148657661
-83.6060546089
-83.6798670142
-83.6672587216
-83.794401824
-83.4974724575
-83.5746795516
-83.7822836219
-83.7578838348
-83.6739010142
-83.8337787991
-83.7741628113
-83.5112412774
-83.6409087873
-83.5316439953
-83.5449263476
-83.7502186646
-83.6002436787
-83.7407448613
-83.6224311428
-83.6420219352
-83.6186813042
-83.5868255502
-83.6224919828
-83.7475208854
-84.0674041084
-83.7417747889
-83.9022276483
-83.6613172396
-83.4899658926
-83.6640522404
-83.6204660705
-83.5533881609
-83.7213926869
-83.6509775603
-83.4071280536
-83.8050021574
-83.771018413
-83.782503669
-83.604810932
-83.6831804831
-83.632373137
-83.5651799886
-83.6163556057
-83.5152673684
-83.6321085257
-83.7167253392
-83.7225626689
-83.7295888835
-83.7838694766
-83.551285382
-83.5748169315
-83.6760981684
-83.7844349115
-83.5916122849
-83.7550389042
-83.7941473749
-64.6669893139
-83.8167801413
-83.5773820604
-83.5634312675
-83.839667287
-83.5739519765
-83.7926154958
-83.6120511123
-83.7022212017
-83.6977700051
-83.5221454447
-83.4727604042
-83.6139206709
-83.8200401502
-83.6239594665
-83.6880006263
-83.589091648
-83.5953508596
-83.5777733684
-83.6931979223
-83.9532023921
-83.7363794393
-83.6705144267
-83.2967245948
-83.4974788287
-83.7707184042
-83.5434944497
-83.4763657988
-83.6139966294
-83.6680238318
-83.7193471383
-83.6473603005
-83.5198409973
-83.7195769225
-83.6441731585
-83.8181518046
-83.8469763628
-83.3497145877
-83.7100416164
-83.6002080424
-83.686787218
-83.5427716536
-83.7690193426
-83.7512504702
-83.5957394008
-83.6344883875
-83.6631578728
-83.6280937685
-83.7615474934
-83.7070587733
-83.4940569455
-83.7790633657
-83.6128035772
-83.7070909406
-83.6488263936
-83.7873983825
-83.5627448297
-83.5491163773
-83.5440013883
-83.5538770857
-53.8196313179
-83.5696171051
-83.7256171529
-83.7426606262
-83.5716748161
-83.9275220697
-83.6986010128
-83.6616299621
-83.4448238822
-83.7888434178
-83.7148307954
-83.7316536017
-83.6354462876
-83.5898555131
-83.67042293
-83.6122751891
-83.6607350891
-83.4582138099
-83.4813515929
-83.5940862265
-83.7572816781
-83.6136679853
-83.7461866357
-83.772606928
-83.6567233006
-83.6529365119
-83.6776468674
-83.8400106168
-83.7024238774
-83.7274159998
-83.6266426042
-83.6694697809
-83.8258725385
-83.5896545489
-83.6967140041
-83.6228050928
-83.6951125737
-83.4745579336
-83.5717065088
-83.7117819533
-83.6858095768
-83.8133411204
-83.7489615238
-83.5769787458
-83.6878443214
-83.6830479421
-83.7094737735
-83.8313522786
-83.602745896
-83.6619048439
-83.7107600075
-83.7277399275
-83.5994251693
-83.8121108776
-83.8717221627
-83.5832935791
-83.9223677411
-83.8473282898
-83.6807790937
-83.7066324999
-60.4770762426
-83.7294233327
-83.6571661978
-83.8093511029
-83.7744037781
-83.5513372919
-83.5606022971
-83.8013853835
-83.5523484214
-83.7563516961
-83.6576780422
-83.7473938296
-83.5670105216
-83.6222003499
-83.7456055815
-83.6538385717
-83.5917441901
-83.6171209589
-83.6955595482
-83.8447483743
-83.7326804172
-83.7152219238
-83.6673664764
-83.7429048403
-83.7098081112
-83.7813023923
-83.5110996431
-83.7553046328
-83.7106463835
-83.5704947023
-83.6025898728
-83.8194107302
-83.8849418143
-83.517712115
-83.646926834
-83.4979686138
-83.8094544171
-83.668927998
-83.6040643605
-83.5760969855
-83.7248615869
-83.4887377351
-83.7493028199
-83.5696198263
-83.6062539422
-83.3958372018
-83.6538314464
-83.7524662234
-83.6215089719
-83.2484114418
-83.6744154877
-83.645113323
-83.7518240401
-83.7561033151
-83.5743956015
-83.7333886153
-83.6431593454
-83.7551284758
-83.7047996116
-83.6317710147
-83.7187290353
-70.1106700835
-83.92456439
-83.5736699993
-83.5809923605
-83.7179551278
-83.7888782759
-83.7124412837
-83.7132688391
-83.7725445645
-83.7866105428
-83.9285751769
-83.7223757163
-83.5827367156
-83.635894532
-83.5739260191
-83.7410361707
-83.5925445084
-83.5368144027
-83.826467547
-83.550536968
-83.633480343
-83.6038832607
-83.5434361152
-83.6734299337
-83.6639059267
-83.6295428479
-83.6086468362
-83.6986038625
-83.8979620844
-83.6881798312
-83.7745986595
-83.7236565618
-83.6686726562
-83.5103386351
-83.7140337975
-83.6918663632
-83.7503121194
-83.5787789869
-83.6596203035
-83.6003368785
-83.8138206487
-83.7435633632
-83.6424275355
-83.6956654226
-83.7237936397
-83.6383891955
-83.8103638982
-83.5551600848
-83.8493556493
-83.5809604855
-83.5600927316
-83.5846532787
-83.5872612009
-83.6563278645
-83.7565538827
-83.5394990433
-83.7902658011
-83.505598756
-83.6801219566
-83.7120677416
-48.4871688814
-83.7434893948
-83.530299985
-83.7664810023
-83.712872374
-83.8139182975
-83.580904923
-83.7285040201
-83.6043942869
-83.722144678
-83.7171194799
-83.7012908406
-83.7644005857
-83.5950474665
-83.8026439143
-83.7759060704
-83.7317149718
-83.6510531819
-83.3487311794
-83.6031294115
-83.6298060677
-83.6735814063
-83.669005223
-83.7061002374
-83.4938485753
-83.409866835
-83.6870415393
-83.5725523609
-83.6220501595
-83.8183197369
-83.9658873212
-83.7108122944
-83.8185295905
-83.547863281
-83.7900642208
-83.6642812839
-83.5970976855
-83.5060297571
-83.8912248278
-83.6600014111
-83.6857570871
-83.8366023164
-83.7740270848
-83.6808935077
-83.6608752199
-83.582504506
-83.6707879773
-83.6610813938
-83.5448940962
-83.6379722598
-83.7594538283
-83.6281824019
-83.4880616018
-83.5781097887
-83.5334566158
-83.6760095109
-83.5888946883
-83.8110347837
-83.7215425831
-83.7650688897
-55.3665395017
-83.47720403
-83.6616015271
-83.781330043
-83.5817797966
-83.5778920394
-83.6362150086
-83.5683800491
-83.7629316797
-83.7917534415
-83.6016841328
-83.718459825
-83.6601672603
-83.6235026791
-84.0181044124
-83.6586672091
-83.5381447819
-83.5966166748
-83.8257147641
-83.7317062594
-83.61171096
-83.6726727323
-83.6974659213
-83.615288421
-83.8117690727
-83.6921868569
-83.6014698272
-83.7479222188
-83.7803344964
-83.8949519801
-83.680792211
-83.8138422294
-83.7760100579
-83.7588257223
-83.5485527092
-83.6362027946
-83.7693732305
-83.7653281541
-83.49746241
-83.76961769
-83.75038495
-83.4757409962
-83.9530371594
-83.7973370476
-83.646394653
-83.8051334261
-83.7769857972
-83.5811545919
-83.6056560143
-83.3143457869
-83.7033033818
-83.6540133592
-83.6722988739
-83.547823598
-83.7333659119
-83.6067271665
-83.4711482136
-83.6992113691
-83.5141935972
-83.6665778787
-83.5434890119
-74.5271860165
-83.5597464877
-83.6365612386
-83.7345224863
-83.7390722513
-83.6900779644
-83.5894936966
-83.4306542726
-83.6221443977
-83.7834951403
-83.5997838078
-83.7227810486
-83.7070623166
-83.7848066583
-83.7973358114
-83.6136654346
-83.8198405501
-83.6747010376
-83.6804232238
-83.7721523278
-83.886361916
-83.4955559981
-83.312591135
-83.5998693022
-83.7535047406
-83.7456222221
-83.6199234971
-83.8157110528
-83.8969950189
-83.7753320267
-83.5567217098
-83.950448212
-83.7865337274
-83.5273651752
-83.6958252102
-83.7085080556
-83.475990016
-83.8290690715
-83.7714433516
-83.3931905646
-83.7168077115
-83.6046193726
-83.4651367703
-83.5417227243
-83.7802109476
-83.6389469497
-83.6490198772
-83.894268371
-83.6888728062
-83.6755778282
-83.7560424448
-83.730031946
-83.7937089515
-83.5450907224
-83.7501817943
-83.6736416305
-84.0122764727
-83.8353892399
-83.5791407869
-83.6256621032
-49.9896799687
-83.6177229004
-83.7016458424
-83.6838852107
-83.7318167143
-83.8694527225
-83.543833942
-83.6247080169
-83.7817041638
-83.5120110737
-83.662605349
-83.6790124785
-83.6820970489
-83.5698630083
-83.4999054988
-83.7147077026
-83.8348787465
-83.5541677035
-83.557810599
-83.8932187027
-83.571663128
-83.8902823449
-83.6143673036
-83.7817894348
-83.5200776912
-83.71861044
-83.7705277491
-83.5630122555
-83.5697816153
-83.6720842958
-83.5132230197
-83.652484232
-83.570690812
-83.6587641143
-83.8231865659
-83.7369449691
-83.4748630204
-83.6682524022
-83.7226409428
-83.5952314587
-83.5604202243
-83.7441045766
-83.72915379
-83.5335243532
-83.6295588299
-83.8207916188
-83.717181853
-83.3092127727
-83.6809102337
-83.9056360505
-83.7694336547
-83.5338166455
-83.6851283019
-83.8349558066
-83.6930110931
-83.6864603381
-83.7585308684
-83.7123704118
-83.7040690569
-83.7314126025
-48.9135472612
-83.7829233857
-83.6686592392
-83.7611138993
-83.580425586
-83.874167375
-83.5910618533
-83.7019187164
-83.9066603114
-83.7769974386
-83.7164327098
-83.7480286159
-83.7216970263
-83.5424282353
-83.5613423661
-83.8058909787
-83.5174342034
-83.3822994058
-83.6185648061
-83.6773215018
-83.688161293
-83.7290513327
-83.5621030143
-83.5494252059
-83.7375794948
-83.4288512202
-83.6721799815
-83.7625891552
-83.7407859419
-83.6706361117
-83.7128141321
-83.4644341532
-83.6118747618
-83.5374425311
-83.7290770195
-83.7992943556
-83.6611558757
-83.4767591304
-83.7189234361
-83.5448738688
-83.6426271287
-83.8106638814
-83.5636621913
-83.612091699
-83.7478020874
-83.7553327833
-83.8051682804
-83.7171614011
-83.5106367586
-83.6333759697
-83.8943780685
-83.6642397739
-83.9475524927
-83.8677041316
-83.7104226143
-83.6530006355
-83.8954624713
-83.7016271536
-83.7386080175
-83.5770956519
-67.7938515427
-83.835708737
-83.6307715441
-83.6401959921
-83.5198277452
-83.8258908973
-83.7571713762
-83.7237736153
-83.654293844
-83.6205428178
-83.511311745
-83.4730334748
-83.7332714494
-83.8539554955
-83.8084000496
-83.8358266805
-83.6559481234
-83.563271585
-83.7278815741
-83.6841617529
-83.6843713804
-83.5857422359
-83.8135156807
-83.7129822406
-83.6551141996
-83.5956059774
-83.5495940081
-83.7284217824
-83.7298926545
-83.7353427842
-83.6927964961
-83.7604469389
-83.4954894363
-83.8024468703
-83.7602027023
-83.7313606841
-83.4895888266
-83.5054529326
-83.753192601
-83.5752329168
-83.7587834458
-83.6837786151
-83.5800130678
-83.429304823
-83.8249733717
-83.4895878649
-83.6371447245
-83.693798375
-83.6775206685
-83.635472386
-83.6189280475
-83.7117158814
-83.7142386819
-83.8738220466
-83.446291743
-83.845617784
-83.5498686996
-83.7474931366
-83.6818371423
-83.7138426468
-83.6684690333
-53.1655082783
-83.6995016659
-83.718749093
-83.5404096128
-83.5079074764
-83.6516607361
-83.3576735361
-83.5907904657
-83.5628484694
-83.6852745465
-83.5539172489
-83.6767692311
-83.7281130346
-83.6253253691
-83.7914316987
-83.6453014085
-83.7040232654
-83.7069858946
-83.7909991706
-83.5584413536
-83.5265598856
-83.7612550897
-83.5903371317
-83.7517654508
-83.8178803498
-83.8483862882
-83.6279207517
-83.6168849444
-83.7164389903
-83.7081279736
-83.5344065925
-83.552763972
-83.5257403572
-83.6249646066
-83.8166679663
-83.8044908969
-83.4753461935
-83.5211077846
-83.6230726239
-83.5528166456
-83.6694735722
-83.7558599063
-83.5917050323
-83.6473696027
-83.4367247594
-83.8002337586
-83.6113246355
-83.6447257551
-83.6451142665
-83.4839235393
-83.7409486254
-83.8874488979
-83.6976283508
-83.6105379561
-83.5160498541
-83.6160498864
-83.6746645863
-83.6776184608
-83.5923460016
-83.58379619
-49.0043578956
-83.8230865815
-83.7896301313
-83.7784403523
-83.4841118249
-83.6901116736
-83.7890791583
-83.7384731824
-83.6250123645
-83.5948604486
-83.8077405468
-83.6384590846
-83.5764593037
-83.8171498192
-83.6063444142
-83.6825939969
-83.6280153325
-83.6580411823
-83.709908644
-83.5785966681
-83.5945425369
-83.6573232689
-83.8407731028
-83.8704234082
-83.8277147009
-83.694852024
-83.6551979036
-83.6253639947
-83.5734632809
-83.6039999208
-83.7182521279
-83.4151338175
-83.7662195704
-83.6153152296
-83.6114295331
-83.8929425146
-83.8090282663
-83.5935684715
-83.4564405179
-83.6192588516
-83.8955470052
-83.5979015588
-83.7567455653
-83.6840478005
-83.6079363881
-83.2934773315
-83.4615897198
-83.9286527484
-83.6503842226
-83.5311408844
-83.8747500916
-83.8176542617
-83.7150713001
-83.761954185
-83.6068560982
-83.6716184083
-83.5463915617
-83.8046490941
-83.8047980014
-83.6429046675
-67.9564861057
-83.5005857796
-83.6249861026
-83.8510140594
-83.731863607
-83.7509993763
-83.7180443299
-83.8545174613
-83.6388963387
-83.7614360151
-83.3120512018
-83.5997458193
-83.5919586699
-83.4405400982
-83.6744488538
-83.623670124
-83.6614023657
-83.6117569403
-83.5837675836
-83.7974685183
-83.7959791841
-83.662579017
-83.7531367868
-83.7546998013
-83.5560964164
-83.6507908081
-83.6157964928
-83.6065023047
-83.7640063039
-83.8424113916
-83.6983444504
-83.7248947181
-83.6643617753
-83.8716737618
-83.8619953631
-83.6137851255
-83.6567508623
-83.6014285761
-83.9026222094
-83.6899214427
-83.569689753
-83.6895423735
-83.7392615216
-83.591436913
-83.6087873976
-83.8448296553
-83.7123365964
-83.6880166658
-83.3263049598
-83.7991935077
-83.6658646172
-83.7555807769
-83.5607619953
-83.8824888682
-83.5677502544
-83.8003609801
-83.4749819255
-83.6541015427
-83.832274322
-83.7252575096
-83.7945291791
-53.5044715729
-83.6473926453
-83.9129993596
-83.5846708196
-83.7346340654
-83.6027498985
-83.6270041506
-83.7486292264
-83.5820905236
-83.7689385789
-83.7875550094
-83.7386749785
-83.7352132984
-83.8170150189
-83.626682826
-83.7214632334
-83.7445536594
-83.7459176638
-83.7052945204
-83.5964033086
-83.7075396929
-83.6103710974
-83.3419863488
-83.6689729319
-83.7053216443
-83.7068546706
-83.5379748736
-83.4834229546
-83.7105345322
-83.7671742022
-83.8935684578
-83.7045942316
-83.7774458125
-83.7752221572
-83.7936129474
-83.5846624343
-83.9223607666
-83.6637298371
-83.4997526906
-83.6368579416
-83.6032102695
-83.7950643107
-83.6953606042
-83.8726353429
-83.6307564133
-83.5640466801
-84.0169203489
-83.7373650602
-83.8008400606
-83.7321788987
-83.7209163406
-83.7520215003
-83.7106491989
-83.6415493571
-83.8363002444
-83.5814884551
-83.5633489966
-83.4894532663
-83.7621817286
-83.3164725386
-49.2020483168
-83.6572705109
-83.6746561796
-83.4899507413
-83.7061819346
-83.7593121051
-83.675553803
-83.7585658734
-83.6981844993
-83.3686648998
-83.8093498988
-83.5795863832
-83.6242857371
-83.7862842787
-83.6118173488
-83.7152313477
-83.5729157961
-83.4781193381
-83.6643329158
-83.823411909
-83.8648495506
-83.7932875096
-83.6920848626
-83.6522450488
-83.6888373324
-83.5879937582
-83.8975919109
-83.5787811271
-83.695070281
-83.5776572827
-83.7607669862
-83.6596960844
-83.5077305994
-83.6170626636
-83.8747524162
-83.5975761714
-83.6754370122
-83.6256781547
-83.8880987328
-83.678678688
-83.6699136054
-83.7481965147
-83.7861568875
-83.5148208998
-83.7229809623
-83.74713629
-83.8639821992
-84.0133656149
-83.691538472
-83.856451866
-83.7570684622
-83.5561978379
-83.6877535918
-83.6693022524
-83.7959806071
-83.8718735123
-83.6605195919
-83.6425558656
-83.811277679
-83.6834960426
-63.979560019
-83.7209811236
-83.5478650158
-83.6714096845
-83.62620786
-83.7687957435
-83.7099203656
-83.4919024769
-83.8337160394
-83.5114117189
-83.6894546896
-83.6703340441
-83.4792137202
-83.440693446
-83.7089484435
-83.7304917916
-83.4898127178
-83.8096104966
-83.7863089089
-83.5810342582
-83.8190866957
-83.7689137405
-83.6822634644
-83.6695214625
-83.6792817004
-83.7701484716
-83.8113086225
-83.7610175279
-83.7779099893
-83.8007370245
-83.7157710035
-83.8928732333
-83.8152278117
-83.8064742616
-83.7113818636
-83.6462148908
-83.770362704
-83.9042632658
-83.7970882011
-83.6490286193
-83.5799145044
-83.7878495803
-83.5820069832
-83.5056573711
-83.6382750952
-83.6110881447
-83.7820951804
-83.6198404613
-83.7766746906
-83.6166731155
-83.6376308695
-83.5083355073
-83.5469215455
-83.7985878134
-83.6355508849
-83.57677527
-83.7397822554
-83.5683806225
-83.8414928857
-83.7434443194
-83.6587998242
-74.7285518047
-83.5423383674
-83.583072572
-83.7453858726
-83.7582407577
-83.7271901882
-83.873739873
-83.6265390092
-83.7282174768
-83.7084879962
-83.6883516689
-83.9468225245
-83.7270688264
-83.7764713887
-83.4317218135
-83.6024663594
-83.7135876714
-83.6309523006
-83.765858094
-83.4509475832
-83.5876244827
-83.5365753341
-83.6715984733
-83.7970878934
-83.6768950372
-83.6947316098
-83.6101148335
-83.7895188464
-83.7310803818
-83.540972373
-83.6096022684
-83.7914721806
-83.6671331256
-83.6657006301
-83.5493110622
-83.813727608
-83.5580533701
-83.5293127151
-83.6223170133
-83.6168666121
-83.7246373415
-83.7894149816
-83.7782877493
-83.7203351992
-83.5336166367
-83.7182334689
-83.8123256193
-83.5230880243
-83.7242852881
-83.6412247281
-83.7484850939
-83.6434730861
-83.5330464637
-83.6589793971
-83.8449032575
-83.6930936042
-83.6371531383
-83.6628671844
-83.746340998
-83.8509234808
-50.377730152
-83.5085255291
-83.8231810541
-83.6321052835
-83.8587956984
-83.404405145
-83.5896090752
-83.6787924705
-83.8931112095
-83.5311033609
-83.618446822
-83.7165055155
-83.4889050672
-83.8534599024
-83.6818102377
-83.7161269646
-83.6331510878
-83.7082979399
-83.5991831587
-83.7462892118
-83.7599339782
-83.6502981211
-83.6242244302
-83.5146160752
-83.7790315084
-83.7626436724
-83.827747101
-83.658966195
-83.5403082205
-83.848004203
-83.8203313784
-83.6229940947
-83.6865041188
-83.5724168664
-83.7196557161
-83.6476132368
-83.3429721464
-83.5989442495
-83.5212278354
-83.7663789814
-83.6660215505
-83.6641889549
-83.6300805937
-83.5713933806
-83.7321572064
-83.7256354118
-83.5760137295
-83.5336993672
-83.8189914294
-83.6632404951
-83.5086691108
-83.5695855023
-83.8774545401
-83.7618665466
-83.8030820776
-83.7064890203
-83.7490203738
-83.6747482967
-83.6415046455
-83.6245191601
-51.5279743298
-83.7699724426
-83.769949494
-83.6915727847
-83.4895805731
-83.5407657914
-83.756600534
-83.7807353782
-83.5522031973
-83.936790923
-83.7876586797
-83.7221316222
-83.4453458629
-83.7725144108
-83.6482036606
-83.7619376725
-83.6678839082
-83.6346940082
-83.7017902798
-83.7407430181
-83.5467234503
-83.7661433614
-83.5944011814
-83.6341993452
-83.507621998
-83.8000837849
-83.6262590277
-83.6070682957
-83.8814682479
-83.7348636453
-83.6762698827
-83.4487693087
-83.4644041992
-83.5201312464
-83.497269998
-83.509739505
-83.7967830078
-83.6364855015
-83.7679046053
-83.4214114143
-83.8325768084
-83.6729133109
-83.5864695103
-83.7846011064
-83.7106482708
-83.7448462301
-83.5896971991
-83.4906686687
-83.7140408706
-83.730032891
-83.7034142426
-83.9812443247
-83.663690071
-83.7668265922
-83.7182414024
-83.8136944662
-83.7182626814
-83.3153895261
-83.7551162781
-83.7815721122
-83.0253811319
-70.7503322283
-83.428297396
-83.4820756219
-83.8848520384
-83.678859649
-83.8451645408
-83.6784796897
-83.4631376495
-83.8713756614
-83.6537495023
-83.6115015309
-83.7982581968
-83.6116063481
-83.420415668
-83.6543314459
-83.7024481563
-83.58165657
-83.8415345599
-83.6913258805
-83.4882369672
-83.6296121083
-83.6939619205
-83.6959608452
-83.460106401
-83.9493267848
-83.8384388434
-83.5581374267
-83.7571891591
-83.7203533693
-83.5856031315
-83.7270283522
-83.6372070959
-83.8014966962
-83.5382312218
-83.6066902353
-83.7318262561
-83.7450065421
-83.5458529202
-83.8028637823
-83.7825496537
-83.7455923855
-83.6884801435
-83.7396374281
-83.6854714446
-83.7573213705
-83.6142985618
-83.743649569
-83.8514234307
-83.5304727234
-83.5670048142
-83.7453735927
-83.7919833005
-83.729359832
-83.7840641927
-83.7008103221
-83.8313903449
-83.7603340189
-83.5677570387
-83.821762279
-83.5371189066
-49.0783250298
-83.5489304247
-83.7457792048
-83.6618906468
-83.8166953714
-83.8947564491
-83.6862405359
-83.5897201777
-83.6989468589
-83.6387106124
-83.4692558829
-83.7760699282
-83.7467473682
-83.6694054347
-83.6953309313
-83.7158414236
-83.7797418489
-83.644209034
-83.6705141354
-83.7674924971
-83.8787672052
-83.894761984
-83.6931677054
-83.5939993641
-83.8304523295
-83.9393929684
-83.7058899417
-83.8651183839
-83.6551485529
-83.3193965993
-83.7194458226
-83.9014825814
-83.6085894326
-83.9081406924
-83.784162414
-83.6647136727
-83.6546032435
-83.784967747
-83.5018191198
-83.7106775653
-83.8100688886
-83.5308052762
-83.7993000223
-83.5395143577
-83.6754488996
-83.6820004144
-83.6126262585
-83.5939790758
-83.8625819094
-83.8488722992
-83.6478202592
-83.6881491612
-83.7667707118
-83.6938542433
-83.684806172
-83.90382266
-83.5907411785
-83.7406179826
-83.7411773115
-83.6405201449
-51.0243047353
-83.8370001133
-83.7483450926
-83.5993784918
-83.7931150077
-83.756594339
-83.5409700726
-83.6806047304
-83.6226477851
-83.9354357329
-83.8140273412
-83.662218483
-83.8340788238
-83.5618069876
-83.7977281068
-83.5092987346
-83.7471864154
-83.6708459326
-83.8711266001
-83.69650926
-83.7394127486
-83.8321655593
-83.6805748821
-83.6809577265
-83.355180973
-83.6267734132
-83.802963405
-83.7422297035
-83.52527923
-83.7806104783
-83.6639886728
-83.7403175566
-83.6458527866
-83.6171285199
-83.7381965479
-83.6276230705
-83.62539345
-83.7604011857
-83.6986677502
-83.6629846071
-83.519606127
-83.7897191756
-83.7890882135
-83.7035530896
-83.5816720359
-83.6377914928
-83.6227184182
-83.8017075527
-83.6841414196
-83.5496745576
-83.6785424292
-83.7864224974
-83.5858870897
-83.6239569543
-83.7544128185
-83.7203218039
-83.8570841792
-83.6855892072
-83.7850007811
-83.5852310477
-79.8274699158
-76.9220776817
-83.7809762617
-83.7621172137
-83.7111977566
-83.6305349386
-83.6201227933
-83.7450857287
-83.8023368041
-83.6172304802
-83.7432286232
-83.5548584935
-83.8142565749
-83.8378521472
-83.80623844
-83.8564623428
-83.4040174848
-83.5494216202
-83.7602646527
-83.614299181
-83.6693638341
-83.6930746056
-83.6948374306
-83.8729578207
-83.7284625473
-83.7487081749
-83.7659419923
-83.7209238359
-83.7205376387
-83.8328905304
-83.6769952055
-83.8442358804
-83.5223927761
-83.7929098297
-83.6564919878
-83.7596973507
-83.5665925609
-83.6206194924
-83.6991634704
-83.5508359023
-83.6776514799
-83.6605048074
-83.8147514851
-83.7496856306
-83.7216244051
-83.8979362437
-83.6683681931
-83.7463911384
-83.7368325027
-83.491258737
-83.739705075
-83.8002746118
-83.4272243607
-83.665435691
-83.6669776885
-83.7392492697
-83.7091443168
-83.7574725619
-83.5982935618
-83.6642445001
-83.6094415327
-51.1571999739
-83.7042693656
-83.7242161692
-83.6105020913
-83.7222771176
-83.7682737706
-83.8072906698
-83.5869251811
-83.770508295
-83.893963534
-83.8642685882
-83.6471877364
-83.6948775951
-83.6860729039
-83.8366601319
-83.5268901418
-83.4976536772
-83.7676299166
-83.7784007288
-83.8675817071
-83.750904255
-83.6272555703
-83.7123172256
-83.6784655
-83.6229175756
-83.7176724028
-83.6402977157
-83.7513058628
-83.8748297448
-83.7373925976
-83.6325541677
-83.588572163
-83.728603541
-83.5941818431
-83.7086924527
-83.6314833036
-83.8490755334
-83.8477380174
-83.7667579315
-83.6599320539
-83.7134991468
-83.616611003
-83.6215683968
-83.7725048002
-83.6671050642
-83.8546039222
-83.3530551977
-83.5943774359
-83.7363748516
-83.746505371
-83.7682956992
-83.5279455457
-83.6671406265
-83.7438935172
-83.7944119762
-83.9164778387
-83.8062650223
-83.6578037284
-83.7098581946
-83.6804917977
-50.6218187724
-83.76312437
-83.9550208397
-83.6191591793
-83.8262482936
-83.8107367671
-83.6040893821
-83.5980337597
-83.752775369
-83.8262245856
-83.6888268042
-83.6381092556
-83.7274318322
-83.7324119959
-83.5816416586
-83.6708073699
-83.8786095831
-83.6745748766
-83.6987858921
-83.6459546332
-83.7265496798
-83.743847533
-83.6080090076
-83.6904076024
-83.6107148155
-83.5591853799
-83.4826303357
-83.5692119849
-83.7605759578
-83.6523414249
-83.5235336329
-83.81128829
-83.9094303965
-83.7989887696
-83.6607786735
-83.6955087411
-83.8574599894
-83.5423053579
-83.8054016469
-83.5589551637
-83.763550143
-83.7406732011
-83.7989537184
-83.9353788735
-83.9296044839
-83.7075648273
-83.800867324
-83.5780000586
-83.8571779604
-83.6610910498
-84.0084032453
-83.7247005752
-83.7395107661
-83.2511550151
-83.8384666215
-83.685440509
-83.5460060311
-83.6169156185
-83.8278672553
-83.690215034
-74.9320985907
-80.065809797
-83.591617313
-83.6238445169
-83.8966689467
-83.6004510663
-83.7146713184
-83.7877529924
-83.837456585
-83.8045036106
-83.5631574509
-83.6195881816
-83.5571538568
-83.6500816317
-83.5940485757
-83.5085707156
-83.5719736483
-83.5594272458
-83.7261006547
-83.8544730098
-83.7381591441
-83.7871193018
-83.4948720922
-83.5679604526
-83.6181623612
-83.7679043396
-83.8408603388
-83.5116981239
-83.5607022151
-83.6259616398
-83.6831800339
-83.5382332895
-83.6441277575
-83.5957389261
-83.8322940129
-83.7140388082
-83.5224764364
-83.6611759937
-83.7442045878
-83.4252519369
-83.2988763368
-83.5967065852
-83.8219589123
-83.5730894546
-83.7826700248
-83.7712775344
-83.7664933292
-83.5064303407
-83.6556897226
-83.5840933803
-83.6964996885
-83.7469253675
-83.7150564978
-83.8003407501
-83.6216231302
-83.8008250928
-83.7658151045
-83.7297070478
-83.4966624462
-83.4802742072
-83.6454107164
-52.3971379415
-83.7178077334
-83.7722882388
-83.7348287383
-83.6366937671
-83.4034434509
-83.8546900508
-83.6907263873
-83.6320889093
-83.5975221771
-83.6770172947
-83.6779131533
-83.5894516173
-83.677095318
-83.6275700705
-83.8514744581
-83.7503578887
-83.6010830448
-83.7569249951
-83.7644851908
-83.7424996846
-83.4358740861
-83.5199955334
-83.7053892508
-83.7329874948
-83.7475657864
-83.5134577371
-83.6242075906
-83.6312198989
-83.9258890319
-83.8583550321
-83.654463305
-83.4182020126
-83.8612658398
-83.7332892797
-83.587860212
-83.5580262975
-83.784139464
-83.7471801322
-83.7391310697
-83.7114265626
-83.8004548398
-83.6357782354
-83.7019027024
-83.8054069944
-83.6510658892
-83.8313557949
-83.8113935771
-83.5573113098
-83.6156931745
-83.7233826111
-83.7105656503
-83.6589405479
-83.803854947
-83.8185838517
-83.4887740962
-83.6261998733
-83.8409500389
-83.6320390399
-83.3884385416
-49.4522557599
-83.6575678479
-83.8526288656
-83.683985776
-83.7430803453
-83.7036625057
-83.6796967292
-83.6303933791
-83.7467861959
-83.7927072658
-83.7530542901
-83.5878679628
-83.6439893024
-83.7421928898
-83.7241341283
-83.7866098065
-83.6067422534
-83.7749195377
-83.6220948643
-83.6364169451
-83.4727556309
-83.5184484281
-83.4881091116
-83.6180566687
-83.7821628107
-83.823288888
-83.6416110006
-83.8166238187
-83.7554645072
-83.5620239881
-83.5510533137
-83.8137827264
-83.5982585505
-83.6723601258
-83.7465243633
-83.643438902
-83.6115259907
-83.5641481942
-83.9184764214
-83.5665008122
-83.6591246859
-83.5393198917
-83.6041326037
-83.6185142662
-83.6404834391
-83.6143359955
-83.8143087288
-83.8494044727
-83.5419937799
-83.7719276353
-83.6298916795
-83.7814526572
-83.5829978273
-83.6844174744
-83.7838770434
-83.6651291983
-83.8082112941
-83.6148238228
-83.5669595994
-83.4829115795
-70.7981219738
-83.6917881693
-83.7985193769
-83.9214918206
-83.6265939412
-83.7831496732
-83.9360509714
-83.7173529794
-83.6115296236
-83.8102106389
-83.7185054479
-83.6908225059
-83.728261966
-83.8197213716
-83.5606409549
-83.8417558871
-83.7377219347
-83.7397585407
-83.4460979171
-83.8020293935
-83.7679194822
-83.5150905099
-83.7792248874
-83.6476219223
-83.782326375
-83.5693372836
-83.4710196963
-83.780261133
-83.8178166002
-83.8410987962
-83.4717740432
-83.563733851
-83.7557590884
-83.6475312484
-83.9215619519
-83.5572743048
-83.7849424652
-83.7411169279
-83.7335866244
-83.7819113942
-83.7172058143
-83.582993033
-83.6900447329
-83.6276534257
-83.841564935
-83.6482106858
-83.6129621906
-83.6147635927
-83.5284566932
-83.6718362246
-83.6032130274
-83.5165312521
-83.7334946927
-83.7740674465
-83.6748858543
-83.7450118509
-83.8576576396
-83.7391661742
-83.6968907005
-83.8481327865
-83.5805302027
-52.1439583646
-83.647648744
-83.5029518806
-83.8219693669
-83.5028769383
-83.6542560842
-83.8036413947
-83.6535436906
-83.6775125681
-83.6636705355
-83.8264354426
-83.7427219695
-83.6620415559
-83.5015052152
-83.5816816515
-83.7169819633
-83.8060511703
-83.6408432578
-83.5968075003
-83.7711540736
-83.7750438189
-83.6311885893
-83.731395562
-83.5192812901
-83.6633887267
-83.2471777201
-83.6898580099
-83.5183515903
-83.68356273
-83.7825270475
-83.7389449248
-83.8301916571
-83.9461508249
-83.8082123004
-83.6659764809
-83.7571307055
-83.858488083
-83.830980871
-83.708347704
-83.8892058854
-83.5536967931
-83.5867169664
-83.7676477487
-83.6385473068
-83.5764853317
-83.7391480559
-83.6185341245
-83.9086056479
-83.7566984401
-83.5800979302
-83.710189071
-83.5833747506
-83.59409772
-83.668170104
-83.8931721845
-83.6547402475
-83.5169409882
-83.6872009584
-83.7979365021
-83.8510728532
-48.2754494357
-83.8139681702
-83.7675697667
-83.6099839392
-83.7233016325
-83.6958164088
-83.6438469247
-83.5511481732
-83.7973523379
-83.7043159654
-83.5798024386
-83.7205108076
-83.3906320903
-83.6755210577
-83.6295206641
-83.7718178563
-83.744848902
-83.6697221489
-83.7043642019
-83.833232974
-83.6192954014
-83.7232764828
-83.6865531946
-83.728259362
-83.5233752581
-83.7105009411
-83.6238641185
-83.4154231886
-83.7620803855
-83.7721107957
-83.5895031188
-83.620638508
-83.7752549751
-83.6071929357
-83.8667093454
-83.6402908734
-83.7239082652
-83.7386486933
-83.4852786255
-83.8723359442
-83.3516540881
-83.5633854987
-83.792368992
-83.8562448761
-83.7118093246
-83.6749325237
-83.7632071859
-83.6884552196
-83.9279967428
-83.7044081179
-83.514678445
-83.2669372046
-83.7592998037
-83.7150630084
-83.6571159839
-83.8300136053
-83.8569931668
-83.8362106969
-83.3735839863
-83.6000911301
-63.2171482232
-83.5115504185
-83.679948144
-83.7283147503
-83.8223872761
-83.6533440941
-83.7530157812
-83.6617003391
-83.8836972015
-83.861940899
-83.8882732796
-83.8520073396
-83.5735706377
-83.5891971965
-83.7727631686
-83.8324268748
-83.6129045373
-83.5037615195
-83.6245386906
-83.9001879224
-83.7971090049
-83.75535491
-83.6612711002
-83.6290506756
-83.714103903
-83.4580639847
-83.7060101543
-83.8221452469
-83.739353329
-83.9517893398
-83.6781348277
-83.5180223442
-83.5257745525
-83.7047205886
-83.5927179589
-83.6457346857
-83.617995856
-83.7288317595
-83.754484145
-83.7331655314
-83.6315157847
-83.7279073335
-83.81831909
-83.6667527151
-83.8815713007
-83.8394524959
-83.7295710787
-83.5190938867
-83.6397306676
-83.4407044136
-83.8423215941
-83.6222660702
-83.4785064065
-83.8329361075
-83.560747279
-83.8060052481
-83.6565005038
-83.6992300117
-83.6563125136
-83.7684963043
-83.5034403932
-53.754614439
-83.9118382444
-83.6944459929
-83.7076903128
-83.6714136501
-83.8597761712
-83.7504032461
-83.7696482104
-83.7277414222
-83.4904237249
-83.6584396807
-83.6164251588
-83.5943851441
-83.7289930753
-83.6361681015
-83.8474724079
-83.7702846123
-83.8215948731
-83.5948903139
-83.8692103466
-83.6025781302
-83.7302122009
-83.8220960302
-83.7147642692
-83.5953235276
-83.7849286989
-83.4939767163
-83.2588336691
-83.8186553498
-83.6804998972
-83.6078675258
-83.6806657493
-83.7824865614
-83.658121864
-83.8582615139
-83.7016117852
-83.6493555973
-83.8801487597
-83.5117702834
-83.8009475969
-83.7437705411
-83.7396751827
-83.8316738514
-83.743779169
-83.6902022341
-83.6086367535
-83.7753265584
-83.9170819005
-83.7405642419
-83.9068489948
-83.8296256125
-83.7200780039
-83.728986138
-83.4975882583
-83.8599738541
-83.7777560881
-83.4787680345
-83.5455185799
-83.6621537525
-83.7982106185
-47.2684264563
-83.7029861107
-83.682616927
-83.9228223014
-83.7954646404
-83.7842859233
-83.813532261
-83.8326982173
-83.7079016819
-83.5483333793
-83.7340734303
-83.591997856
-83.7255087547
-83.7730531785
-83.5710668454
-83.779507216
-83.7240796047
-83.7542042669
-83.764675254
-83.8024695974
-83.7926761778
-83.5247329925
-83.7065030528
-83.5852769108
-83.6675182363
-83.9253308373
-83.7169378998
-83.8765616489
-83.8192102939
-83.6682823945
-83.8151992426
-83.5029376258
-83.4381111546
-83.5546542622
-83.7202205354
-83.859745418
-83.7418201031
-83.7197620846
-83.7911022241
-83.7472590798
-83.6902099625
-83.6814490704
-83.6466218083
-83.6992135714
-83.5366318516
-83.6546121219
-83.5203325095
-83.6873166931
-83.7135867757
-83.8946076535
-83.5048053126
-83.7391211372
-83.6795140844
-83.9434221168
-83.7646966764
-83.5654826756
-83.7145471313
-83.6343973471
-83.6885065965
-83.8256856343
-64.8798561984
-83.7022206765
-83.7152540792
-83.6878236351
-83.6040902551
-83.7357977033
-83.8254068089
-83.9640751474
-83.6400391683
-83.6673508979
-83.8815751475
-83.6434706858
-83.6504930681
-83.6773960836
-83.7073914233
-83.5293601608
-83.8975524792
-83.5994216463
-83.7029832438
-83.7703719257
-83.5627858362
-83.7042344859
-83.7365664998
-83.5907629792
-84.0349460598
-83.6188520919
-83.6675383664
-83.6188357583
-83.728120092
-83.7297230218
-83.8005663477
-83.7781340672
-83.7803811941
-83.71262775
-83.830742253
-83.7160370864
-83.7124151591
-83.6694323241
-83.6920067005
-83.6170804604
-83.6216577071
-83.5940697651
-83.7604156859
-83.6139479977
-83.7855286984
-83.5480787058
-83.2290549767
-83.7064114249
-83.8300672572
-83.7213509149
-83.802658186
-83.5928891226
-83.5052096893
-83.5737174157
-83.6406680764
-83.7581538202
-83.5765404166
-83.6785547443
-83.7079911497
-83.7309339032
-83.7193869569
-58.0569209429
-83.7536613834
-83.6808880472
-83.8654356836
-83.7739724241
-83.7496015839
-83.6352508823
-83.6928583008
-83.7306171115
-83.7709707591
-83.5970661456
-83.7345095983
-83.7025842969
-83.5502913434
-83.5899047571
-83.6960778267
-83.6520934646
-83.7511379979
-83.6380106744
-83.6650279631
-83.7241297182
-83.7324409323
-83.7842107578
-83.721709197
-83.6997731741
-83.6645523083
-83.6682734756
-83.6761724093
-83.8072136841
-83.798323349
-83.8337083149
-83.7151003362
-83.6314456015
-83.732173897
-83.594224019
-83.5458780755
-83.468436768
-83.5896585399
-83.624503019
-83.6711486554
-83.8128032879
-83.7251124298
-83.4988082188
-83.7868278694
-83.5410824824
-83.6859722162
-71.1876911086
-82.294563229
-83.7089798258
-83.9809285145
-83.7481410006
-83.8177776829
-83.4476755664
-83.7501584441
-83.8218411389
-83.9100479116
-83.713918618
-83.8954444023
-83.6496616262
-83.8349976301
-83.6441922545
-83.8067708966
-83.8945151609
-83.8602675118
-83.8920008517
-83.7519773732
-83.8305218689
-83.840263779
-83.6201381069
-83.8560531482
-83.6860439519
-83.6644957302
-83.660084264
-83.6742457399
-83.7011445797
-83.7393518274
-83.8262520181
-83.6441775397
-83.7553825967
-83.91653647
-83.8572570731
-83.6575812488
-83.6012641684
-83.8535081005
-83.7837972273
-83.7111690957
-83.7936391303
-83.5878249864
-83.6520008878
-83.6748297222
-83.7227399898
-83.739481371
-83.6417121829
-83.8245840561
-83.5916063798
-83.7822580099
-84.0240921948
-83.8952639426
-83.6594640881
-83.8786573206
-83.7752643946
-83.7330666312
-83.6577955415
-83.7388095364
-83.7575115319
-83.9372935822
-83.6980908578
-50.4074110894
-83.8822642359
-83.7815992282
-83.8973037627
-83.6528535681
-83.6478576021
-83.5869600184
-83.9366252585
-83.5821820655
-83.8367766426
-84.0503571334
-83.5745492793
-83.6966864577
-83.5495794688
-83.7551603984
-83.814131721
-83.7774198494
-83.8309934087
-83.661079963
-83.4182017681
-83.6418536185
-83.6302189937
-83.4413879349
-84.0422470304
-83.6246074305
-83.7257492616
-83.8130341258
-83.7112169657
-83.7929380619
-83.8745803235
-83.8026665629
-83.9409262615
-83.5846277326
-83.7136388116
-83.663489564
-83.2082446608
-83.6588029894
-83.5261743857
-83.6816796008
-83.6218189531
-83.7294085854
-83.712748548
-83.5397689259
-83.7025339584
-83.7054148129
-83.6273505391
-83.6637326337
-83.7039322329
-83.5989283707
-83.4867268481
-83.8629730313
-83.7152783842
-83.8287350726
-83.5785577692
-83.8395756423
-83.7173164342
-83.627663643
-83.8720412252
-83.6280654176
-83.5999497365
-46.6086117985
-83.6422393187
-83.7407828173
-83.6025172609
-83.762587121
-83.8334412805
-83.740564326
-83.7109295463
-83.6757089299
-83.4960688635
-83.5410766776
-83.7210623824
-83.8929165205
-83.7968446747
-83.5475110005
-83.7055573449
-83.6673593625
-83.777869238
-83.7659311617
-83.7173012055
-83.7910902455
-83.6737684695
-83.7967121201
-83.7737405731
-83.5520142039
-83.504856056
-83.6947177557
-83.770408943
-83.6614047012
-83.8576924981
-83.5800325808
-83.3309077213
-83.5853246947
-83.5679010642
-83.7667384835
-83.6167796532
-83.6434675015
-83.5963487581
-83.600266016
-83.6789771802
-83.8074355229
-83.5958956756
-83.6658653132
-83.750860585
-83.6279754792
-83.7401395743
-83.7866069758
-83.5557478109
-83.7819921227
-83.6149912991
-83.7800517156
-83.6461775809
-83.4882605031
-83.6741491104
-83.4986588011
-83.72417251
-83.5178664591
-83.5809553892
-83.7148059879
-83.8841152496
-80.0311215492
-78.6838949084
-83.6259662871
-83.749918565
-83.7732363949
-83.7228579352
-83.55099526
-83.7117353416
-83.6488876606
-83.5717464807
-83.8362723196
-83.6217351407
-83.818334415
-83.682947271
-83.6323469451
-83.810261881
-83.7621673479
-83.6954290471
-83.5167628372
-83.5734798961
-83.5287763161
-83.6066919358
-83.7975868605
-83.5784314635
-83.654449233
-83.8518293857
-83.6799948309
-83.6552780611
-83.6437535368
-83.660742934
-83.7296790217
-83.4436788027
-83.7030522863
-83.7266760767
-83.7496341583
-83.4883084656
-83.6943269071
-83.4976558693
-83.690085919
-83.7458782523
-83.5417689191
-83.4882122595
-83.7159740069
-83.7672625882
-83.5476178787
-83.6751353037
-83.8736558063
-83.7470524209
-83.7976189754
-83.5173851121
-83.8098124656
-83.7008336186
-83.7133708021
-83.8814076838
-83.8355742822
-83.8295057986
-83.3909304133
-83.5726559129
-83.5263766061
-83.7055873827
-83.371493361
-51.5972914158
-83.5592154851
-83.4807010997
-83.8234530117
-83.548195208
-83.6219748785
-83.5572556556
-83.8951861229
-83.7435926244
-83.5738906064
-83.8696661861
-83.6622992283
-83.6213916192
-83.7838591992
-83.4778946387
-83.742151193
-83.7956716585
-83.6304334864
-83.555455567
-83.6665147377
-83.7748648978
-83.6998897292
-83.5155889991
-83.6181542452
-83.4106469566
-83.6213542044
-83.5295658063
-83.5619999697
-83.816265369
-83.6713666795
-83.7023112884
-83.5875931849
-83.5023185728
-83.7440437922
-83.8870173292
-83.7573498689
-83.7490373165
-83.5777669457
-83.5809498209
-83.6070888351
-84.0131457918
-83.9082915323
-83.7717027268
-83.7463110583
-83.5971941217
-83.7524124418
-83.7610861479
-83.5498707361
-83.7215657374
-83.6436052392
-83.5354335947
-83.5862910642
-83.8180492295
-83.6794435857
-83.6115172003
-83.6584379829
-83.5113776097
-83.6622831493
-83.9772606255
-83.7132039203
-46.3117305217
-83.6721285439
-83.4163302782
-83.7792077477
-83.5960064985
-83.801621576
-83.6554456729
-83.8673732755
-83.6730098387
-83.6391104937
-83.6326281664
-83.7983174646
-83.7155853559
-83.716446868
-83.7699413474
-83.4335589467
-83.8366378479
-83.7584462785
-83.7979105929
-83.6520858173
-83.4168038101
-83.5897765637
-83.7751053056
-83.7701150864
-83.7382701026
-83.7761455665
-83.8090207625
-83.6283175426
-83.8278173292
-83.7679800438
-83.6560541478
-83.7844790185
-83.7326433939
-83.7647519887
-83.7587464198
-83.8200823565
-83.8820114392
-83.7755328744
-83.6741819693
-83.9065244611
-83.8587620003
-83.6069350101
-83.8100302113
-83.7306004926
-83.8039621645
-83.6545674007
-83.5838123324
-83.7919128612
-83.7636011992
-83.7124960943
-83.7702925644
-83.5631318155
-83.7478435359
-83.6008012461
-83.5953764366
-83.510031909
-83.6914875392
-83.4211560504
-83.7784128809
-83.7029671717
-80.4328617952
-80.7436579802
-83.6682317736
-83.7643083547
-83.8602269278
-83.7672125914
-83.7837498782
-83.6586374411
-83.6833015821
-83.5902022297
-83.7180174983
-83.7871996348
-83.5718935014
-83.6617174237
-83.6691263422
-83.7439894384
-83.5633212453
-83.572317106
-83.645156053
-83.6233942406
-83.593976489
-83.6760853914
-83.7955218351
-83.6727215226
-83.7125361231
-83.62759218
-83.789460555
-83.6495326997
-83.6571128108
-83.7611184773
-83.6149903774
-83.6689527732
-83.6884777885
-83.761331914
-83.5500730762
-83.5821350617
-83.6193168829
-83.8413481245
-83.4181661328
-83.6492336905
-83.5662881101
-83.6615772196
-83.9832913242
-83.6687324739
-83.5464593244
-83.6792211963
-83.7484938245
-83.5825366891
-83.7901998357
-83.9271846482
-83.4572088469
-83.7335839466
-83.7433665218
-83.808855442
-83.6452182595
-83.7110330762
-83.592153695
-83.9150896397
-83.6613319717
-83.7488519406
-83.7085938797
-60.2887834073
-83.5816326987
-83.7080158614
-83.702872739
-83.6127506881
-83.6852185995
-83.5686034386
-83.5791315117
-83.6375395551
-83.7349145941
-83.4457290971
-83.5554993495
-83.9297857009
-83.5985514253
-83.535061346
-83.7050697968
-83.6258191286
-83.6196170391
-83.6119489589
-83.4127028617
-83.6686571458
-83.6437999489
-83.7674450595
-83.4655663492
-83.6314110911
-83.6413593516
-83.6807120192
-83.7487490714
-83.7330765435
-83.6063357889
-83.6837432727
-83.5209682316
-83.5538878905
-83.7345954864
-83.7221172291
-83.6248097883
-83.5848441582
-83.6665393406
-83.648931405
-83.6502955947
-83.7173604438
-83.5277959483
-83.5628487978
-83.8368848462
-83.7291893963
-83.9160348313
-83.7812425889
-83.4301678753
-83.6544179567
-83.6865692973
-83.5985275931
-83.631905586
-83.4886152954
-83.8041453871
-83.47013646
-83.5536525171
-83.6697944695
-83.6041584643
-83.75418739
-83.8667189667
-58.1990142813
-83.6507520788
-83.7137967077
-83.5502188874
-83.5876396499
-83.7074942932
-83.62295798
-83.8322841362
-83.5476206913
-83.8194192053
-83.8003939811
-83.3738518784
-83.6081671912
-83.7351345463
-83.7060861237
-83.6311883954
-83.7788734828
-83.7210503101
-83.5926372582
-83.6786921903
-83.716410054
-83.8654705194
-83.6608579777
-83.6304158855
-83.7852199944
-83.7938181269
-83.8393090386
-83.3918291595
-83.8497358754
-83.6498660314
-83.5964876709
-83.7095266855
-83.4110863595
-83.4518318948
-83.5925170739
-83.7579726996
-83.6364563543
-83.7099623042
-83.5802975545
-83.8637735247
-83.6657525324
-83.5969813719
-83.5865274191
-83.5185164518
-83.7523604224
-83.775178594
-83.8096624973
-83.7971303214
-83.6724226076
-83.6109587255
-83.930258779
-83.8232786661
-83.6273628318
-83.8325235168
-83.6599883713
-83.700959523
-83.6384158923
-83.6664639548
-83.5926933399
-83.8165526826
-83.2807596667
-79.5809318771
-83.8998865495
-83.8102157492
-83.7217697807
-83.6837458234
-83.5981257654
-83.6213001153
-83.6647210961
-83.7230302208
-83.7448534086
-83.7154304876
-83.5288750293
-83.7558883605
-83.7337096416
-83.725270512
-83.6147583625
-83.5941056269
-83.4904180231
-83.9042660812
-83.6018672455
-83.649852692
-83.624450796
-83.8368408567
-83.6745866968
-83.6496731515
-83.6982588571
-83.7114902439
-83.73300529
-83.8072242189
-83.5637940916
-83.7387324816
-83.5647053909
-83.5036859564
-83.6350382718
-83.5556159912
-83.740498208
-83.7609016597
-83.5338715055
-83.6312349535
-83.6535179932
-83.6449139178
-83.6371961819
-83.4546421712
-83.7863695742
-83.7705303462
-83.5123868855
-83.5940063914
-83.606893111
-83.8306708988
-83.5711601628
-83.5960227111
-83.8189880843
-83.3834034234
-83.7546700822
-83.6563278035
-83.7090109089
-83.6596120698
-83.6650776835
-83.7718715513
-83.6811692057
-56.9482288119
-83.5363398021
-83.791163156
-83.6871197918
-83.8637460546
-83.9326221334
-83.6871077553
-83.7322593554
-83.7045110077
-83.75233052
-83.8545359826
-83.6175940928
-83.6607006769
-83.6855200162
-83.4488415171
-83.8312494655
-83.739728193
-83.566593365
-83.7297510561
-83.810063226
-83.6338680885
-83.6100307231
-83.5929655764
-83.6419332212
-83.614307023
-83.6431725007
-83.6587234152
-83.9190845686
-83.7309509199
-83.7200236605
-83.6074465414
-83.7227471286
-83.5424256802
-83.7797113683
-83.7506472339
-83.8359581354
-83.7133915921
-83.6440089953
-83.6493843499
-83.7102799276
-83.8649188328
-83.2406895815
-83.5618372882
-83.5750481933
-83.6367855876
-83.678513877
-83.6745431576
-83.4928846015
-83.7173791117
-83.621508952
-83.7532025325
-83.7084184642
-83.34779713
-83.8003525466
-83.6031863463
-83.8293090465
-83.6393467889
-83.8534435766
-83.6986461585
-83.6396567911
-64.256273904
-83.6763780186
-83.6936162467
-83.8287706304
-83.8478513903
-83.7591571343
-83.5361148235
-83.6869401049
-83.5227485378
-83.8201052715
-83.7286019131
-83.7328026041
-83.8490122845
-83.6134068586
-83.698333656
-83.6950947011
-83.5792127171
-83.6726419675
-83.7924304639
-83.8165489124
-83.7971275441
-83.8910302628
-83.5896465717
-83.7271975593
-83.6368477193
-83.6678420575
-83.6064776838
-83.6606725812
-83.6096436221
-83.5043549529
-83.7035253621
-83.5029283709
-83.6145716563
-83.7237447041
-83.6976153436
-83.5411906951
-83.5399143481
-83.7400651431
-83.5608135366
-83.5223117962
-83.8319178688
-83.6576633661
-83.6489923041
-83.7725309261
-83.4399315237
-83.6356330997
-83.6203859315
-83.8603929924
-83.7833390963
-83.8778604058
-83.6033420407
-83.9843932231
-83.6701911938
-83.7437172124
-83.7771837413
-83.617879856
-83.5440058467
-83.5067846626
-83.7217100828
-83.7971352286
-83.7721922955
-78.3868104911
-83.6763878304
-83.5520023583
-83.7147397142
-83.6747092338
-83.7242561276
-83.9152491021
-83.7455136672
-83.7195067388
-83.6409428648
-83.4874530782
-83.6224148213
-83.607640769
-83.6952375861
-83.6277183916
-83.8168601116
-83.8536849636
-83.505599728
-83.6136179567
-83.8271980694
-83.6870570788
-83.6658549051
-83.5608140639
-83.7776199569
-83.8399009064
-83.6555605073
-83.7665889755
-83.6680637942
-83.7609309921
-83.7319256591
-83.7950797477
-83.6635709741
-83.6880734195
-83.7248691525
-83.6769868899
-83.5319441678
-83.6864976121
-83.8767874557
-83.5438204903
-83.7827344441
-83.7412248777
-83.6564291669
-83.6309862565
-83.6093959392
-83.8202734104
-83.6365977251
-83.7254189311
-83.891552255
-83.7818282634
-83.55687035
-83.7844206194
-83.5606847856
-83.7391194741
-83.7582539224
-83.7788560766
-83.9560846476
-83.6756173945
-83.7949626606
-83.78859627
-83.5888796816
-57.7366291945
-83.6193078855
-83.6019628711
-83.6553647666
-83.6243264638
-83.7745713402
-83.5399582187
-83.56382262
-83.5000432218
-83.5936138321
-83.5407385709
-83.7462741372
-83.706171981
-83.8773167213
-83.5741704309
-83.8796102031
-83.6164453668
-83.7529328654
-83.6439318269
-83.8916059955
-83.7548034901
-83.5314612679
-83.6934168698
-83.5924420333
-83.5755054896
-83.601671446
-83.8142332567
-83.7548787003
-83.6808178719
-83.6703483166
-83.7951180789
-83.6788281038
-83.6827453792
-83.6085105367
-83.697061555
-83.8605574384
-83.6924598061
-83.7414845278
-83.6842397097
-83.6411731124
-83.7399793728
-83.8982500219
-83.6640184722
-83.8862175483
-83.6859477089
-83.5364605895
-83.4718508804
-83.65823654
-83.5939848743
-83.6988158767
-83.8646626438
-83.6331871642
-83.8574533137
-83.5574857412
-83.6867342971
-83.5634483242
-83.7871275146
-83.6162095624
-83.6163351911
-83.6011343339
-60.6128823476
-83.7364360393
-83.8796247893
-83.8138335693
-83.7455827307
-83.7040129154
-83.6870099449
-83.669645223
-83.575888505
-83.728142656
-83.6033896347
-83.5195082332
-83.7981019296
-83.6696971341
-83.662238704
-83.5990736541
-83.6812458599
-83.7594698247
-83.6406849904
-83.8063210405
-83.7515164566
-83.8386864303
-83.5795709369
-83.6691921749
-83.6083582376
-83.7991350499
-83.6221664788
-83.6292898526
-83.6979433858
-83.5797442033
-83.6649750178
-83.6412218014
-83.7147919532
-83.7371218899
-83.7713133632
-83.7301277895
-83.6946209926
-83.6003327114
-83.5156004192
-83.6542742528
-83.5655123497
-83.6408948276
-83.6234881939
-83.6534820139
-83.8577505628
-83.7507578688
-83.3887842092
-83.9150387956
-83.6616202896
-83.6849728623
-83.6876929805
-83.856136776
-83.8043425341
-83.7280453638
-83.6398065863
-83.721113477
-83.615449874
-83.8168898504
-83.6919342646
-83.6452892735
-83.539248914
-73.9384092568
-83.6495251862
-83.911280747
-83.6652010547
-83.7393286492
-83.6917505373
-83.5613712882
-83.5541837977
-83.7409984467
-83.8243623714
-83.7905797176
-83.6746738165
-83.4564362202
-83.7739464047
-83.6633733241
-83.5373872232
-83.7019279633
-83.8320390852
-83.8163413996
-83.5159618448
-83.63404905
-83.7388048318
-83.8474350521
-83.6893964598
-83.7169904162
-83.4699249071
-83.6509819076
-83.8272338543
-83.7601288643
-83.6807111209
-83.6186455669
-83.6980424958
-83.6532350567
-83.6885226793
-83.6522498901
-83.6511381832
-83.8423515803
-83.7326540567
-83.6267234597
-83.6909607252
-83.7026844947
-83.6794170611
-83.7066215339
-83.6686921721
-83.6270357036
-83.6158473206
-83.7473887588
-83.6057119194
-83.6939705712
-83.6017607345
-83.7368286249
-83.6504612141
-83.7505838323
-83.4723955512
-83.5297965094
-83.626452594
-83.6448890609
-83.5605172517
-83.528495984
-83.7025101061
-60.6225807723
-83.7450770326
-83.6306884366
-83.640355486
-83.8168586338
-83.5635240696
-83.7051588506
-83.6908784938
-83.628352278
-83.4592144675
-83.7676781304
-83.5313868465
-83.4142148179
-83.8155898987
-83.7365719175
-83.7318484543
-83.8045376539
-83.736970976
-83.7992306969
-83.7787387397
-83.7490181186
-83.8421911794
-83.9502719393
-83.6964379955
-83.6190112856
-83.7934491901
-83.7454018294
-83.5358786057
-83.5495328166
-83.7464185934
-83.4995609264
-83.3458925295
-83.6436236118
-83.7735171741
-83.7350183949
-83.4652142868
-83.8123476805
-83.8449486004
-83.6622772042
-83.8512945093
-83.621505385
-83.5497234799
-83.5926736453
-83.6681963063
-83.486200595
-83.5689481468
-83.770676743
-83.660733748
-83.7078657224
-83.7377525281
-83.9042586245
-83.5405338115
-83.7533705305
-83.7423778741
-83.5071144613
-83.5085342836
-83.7371709679
-83.5495565103
-83.5489360489
-83.6877522555
-66.4554119084
-83.6315293937
-83.6943866468
-83.7087471138
-83.6744120109
-83.7468420851
-83.4347397589
-83.7247905819
-83.8157509834
-83.9085286475
-83.8475253615
-83.7103018461
-83.6616550002
-83.7727710481
-83.6385116293
-83.7701383787
-83.6250578266
-83.4974735339
-83.7257406522
-83.759958211
-83.8216712986
-83.7578422903
-83.6900352407
-83.6680762606
-83.7810201292
-83.6931111963
-83.6871501849
-83.6779467773
-83.8456755262
-83.4285733838
-83.7826384827
-83.5919158907
-83.6208574439
-83.6658674162
-83.6183168514
-83.4936218376
-83.7162873157
-83.7605332303
-83.5759689819
-83.4209819161
-83.6961114356
-83.5919724739
-83.6491703609
-83.7220380518
-83.5402589425
-83.5352071859
-83.6194852016
-83.6147615732
-83.6683461851
-83.5909330777
-83.8044158706
-83.5886483586
-83.7485842536
-83.6458421496
-83.7338625992
-83.7539988003
-83.6364318418
-83.7144889554
-83.7385224816
-83.6173298905
-83.7144678374
-64.2321588378
-83.7500573634
-83.4541374708
-83.4895670132
-83.6048397143
-83.6652529278
-83.6401841542
-83.5986765847
-83.8034443683
-83.6839058994
-83.8256954628
-83.7200215064
-83.6804118677
-83.6298163501
-83.6447629187
-83.7248405474
-83.6946841816
-84.0179515666
-83.4922301163
-83.7041384306
-83.6826326167
-83.5703033735
-83.5986969492
-83.7514325644
-83.1918300603
-83.86363048
-83.4718391088
-83.8043978751
-83.6148838782
-83.4327189877
-83.7623925584
-83.6322624286
-83.5129321151
-83.6174001576
-83.763581254
-83.6305532928
-83.7495828354
-83.7068274051
-83.7596244309
-83.6737553229
-83.8061925032
-83.7434131415
-83.4499663483
-83.8362911689
-83.740142452
-83.6800472203
-83.8976608913
-83.7057450057
-83.664319402
-83.4533123334
-83.8256383456
-83.5917811831
-83.6708197164
-83.369062341
-83.8237143505
-83.5722169587
-83.6779992737
-83.7536519881
-83.7786318956
-83.6552054233
-57.1962280844
-83.7233389503
-83.7213070128
-83.9034405694
-83.9019126637
-83.6206348088
-83.6938812143
-83.8145061225
-83.7336692931
-83.4489485715
-83.2160110269
-83.7094003194
-83.7242006836
-83.7082783552
-83.4817094322
-83.8078755806
-83.7375264185
-83.7308970588
-83.8303706042
-83.4767526523
-83.7646470141
-83.5902378837
-83.5554866554
-83.7741932562
-83.765656989
-83.8049166733
-83.7127449665
-83.678977695
-83.6796836616
-83.7252457443
-83.8329378158
-83.8653850164
-83.723714908
-83.745677034
-83.5857232891
-83.691898931
-83.5175643397
-83.5003259293
-83.8605377784
-83.834824114
-83.7505946809
-83.588275735
-83.5940225673
-83.7322693318
-83.7643032113
-83.6739413674
-83.672068753
-83.5305119268
-83.5175713022
-83.7432233555
-83.8410400065
-83.6467957863
-83.6077758811
-83.5938727331
-83.8905994931
-83.6689995898
-83.5136803749
-83.7120271119
-83.7131708402
-83.6932068353
-68.7107105213
-83.7271642706
-83.8719633797
-83.5108456717
-83.6913193774
-83.6595964407
-83.4316219604
-83.7034339351
-83.5937962384
-83.7443687824
-83.7627292883
-83.813564938
-83.6012078825
-83.7711533496
-83.513261265
-83.4676802797
-83.633838327
-83.7439151685
-83.6924083843
-83.7032531366
-83.5991192216
-83.618380991
-83.5688040941
-83.5508683406
-83.5711539532
-83.4062979343
-83.8472999743
-83.894020258
-83.6606233832
-83.5551463859
-83.8481910172
-83.5878221669
-83.5650407844
-83.7780993244
-83.7245210268
-83.5356458515
-83.8808483117
-83.674106944
-83.6891727099
-83.7410926906
-83.524471934
-83.7574019731
-83.5488067653
-83.6212400607
-83.4152527834
-83.8157460803
-83.5509904788
-83.8689952073
-83.5490215184
-83.6144965789
-83.7755256949
-83.6883108155
-83.7001526471
-83.6707432239
-83.6785158246
-83.7100934516
-83.7385157407
-83.6545819165
-83.7490440179
-83.5401808953
-83.7132149655
-83.5059781548
-83.6843238247
-83.5792640511
-83.6548353974
-83.4967755521
-83.7067369562
-83.8650135113
-83.6331615353
-83.6738583783
-83.5637548706
-83.8038743829
-83.8238392613
-83.6748661244
-83.6096204331
-83.624514144
-83.7807798998
-83.5952092984
-83.7677635563
-83.7330295093
-83.5688423073
-84.0423175769
-83.6236201427
-83.590817508
-83.9930226303
-83.6264198988
-83.7199157533
-83.6284029562
-83.692868601
-83.9049201661
-83.7662945556
-83.6533439629
-83.56973743
-83.6994927097
-83.6566071599
-83.6244071105
-83.5629435659
-83.7044310433
-83.6452558966
-83.616486454
-83.7753515809
-83.7507439099
-83.8974869725
-83.6562567984
-83.5311144466
-83.7851015126
-83.7183845213
-83.5068200525
-83.6651560563
-83.5525386926
-83.7748261998
-83.7393972256
-83.7983915632
-83.7269747647
-83.6365399855
-83.6190292797
-83.8042390599
-83.6089777045
-83.681068715
-83.5633413795
-83.7860422084
-53.9335356084
-83.5348350989
-83.6617397153
-83.7559474783
-83.6384148029
-83.8654315436
-83.7218667913
-83.7364297519
-83.6610982809
-83.5573737695
-83.7094739739
-83.5362051169
-83.8157854062
-83.8502326725
-83.5858471285
-83.6394233629
-83.552616622
-83.60775093
-83.6134656684
-83.3673219724
-83.8646347123
-83.8578459535
-83.8342908979
-83.7084960402
-83.8939187973
-83.5067376576
-83.5790436916
-83.8511850673
-83.8809904745
-83.4916204667
-83.9154812756
-83.8323131559
-83.768925057
-84.002152521
-83.7219782529
-83.7151295543
-83.6801316582
-83.7570572241
-83.7158760642
-83.625324222
-83.8046011354
-83.6883372672
-83.4435840585
-83.8102769617
-83.9425653353
-83.8757753895
-83.5668852344
-83.5841436486
-83.7504781794
-83.6202517413
-83.6940308357
-83.9067406024
-83.7496930689
-83.5897080905
-83.7177498741
-83.7859836855
-83.5747904796
-83.7122686603
-83.6598900544
-83.7568249762
-53.6340789206
-83.7353301532
-83.6696050401
-83.7189331373
-83.8361320137
-83.6146172096
-83.8066401333
-83.654564169
-83.6823342661
-83.7285881153
-83.7550741055
-83.6765809184
-83.8916697141
-83.7689055677
-83.6220487841
-83.7110824395
-83.6736059632
-83.8708440111
-83.5696922164
-83.7689290356
-83.7556627329
-83.6555777762
-83.5044504268
-83.6928624364
-83.8211039369
-83.671906012
-83.8863260028
-83.5640942704
-83.6829211583
-83.6110133577
-83.4840413916
-83.770940614
-83.7292768384
-83.7655104915
-83.6080020138
-83.8348478297
-83.5623519229
-83.8130022244
-83.825572027
-83.7349667762
-83.6248607879
-83.6385935194
-83.6630058897
-83.6819981634
-83.8840544059
-83.8753023254
-83.7078034428
-83.6723057797
-83.7434812323
-83.603602928
-83.7101999938
-83.7105687257
-83.7434546932
-83.7960117398
-83.547946242
-83.689921867
-83.7587917338
-83.5557361877
-83.6411621216
-83.6909706345
-76.0574926944
-83.7473838507
-83.8728877291
-83.6741573529
-83.8582524795
-83.4381299953
-83.9642924382
-83.8386235903
-83.5725126373
-83.6910485137
-83.713946191
-83.7340268765
-83.6486655186
-83.5950143327
-83.7440132044
-83.7745581732
-83.7279011055
-83.6463053414
-83.6584904557
-83.736842742
-83.6545704872
-83.5200861543
-83.6020441165
-83.6444745263
-83.7937545253
-83.7847180845
-83.7602810141
-83.6329828658
-83.8620471553
-83.698050546
-83.7424671052
-83.8732632329
-83.6551114185
-83.7780119148
-83.6234055483
-83.854021755
-83.8100334708
-83.6956381447
-83.471723851
-83.6588930613
-83.641273805
-83.6583953132
-83.8371307929
-83.551719671
-83.6083283935
-83.6907441127
-83.7606688835
-83.7720410355
-83.8820715278
-83.7227048618
-83.5658958049
-83.5817166073
-83.8552902041
-83.7346397018
-83.4395935462
-83.6656129088
-83.804862297
-83.7646989727
-83.858761133
-83.2105662678
-83.6307378452
-62.1231218388
-83.6803292372
-83.5977567309
-83.3893132782
-83.6431669703
-83.6932845918
-83.7140717709
-83.7854125741
-83.7358379632
-83.7513513787
-83.6879737175
-83.3887832199
-83.5112912094
-83.5462413379
-84.0264351896
-83.5958403613
-83.713408665
-83.7321371276
-83.8934661221
-83.6548195773
-83.5138000993
-83.5806485065
-83.6746425015
-83.8075962296
-83.6418726766
-83.5264127478
-83.663368048
-83.7513982597
-83.6958406534
-83.7350039173
-83.7435000822
-83.6187476968
-83.7474365136
-83.7910435817
-83.6000021054
-83.6328768778
-83.8126494671
-83.6659646904
-83.8344291337
-83.6608527615
-83.6355357294
-83.5778239456
-83.7269813003
-83.7506604369
-83.6633190218
-83.6510164891
-83.6982263221
-83.448673451
-83.5411877243
-83.590918871
-83.4727303124
-83.5909668393
-83.6777317995
-83.6234813325
-83.8354895378
-83.7166989909
-83.5329415578
-83.7285124761
-83.7461603573
-83.6575081153
-59.8402967351
-83.871187982
-83.6295506799
-83.7427435039
-83.675549685
-83.600764956
-83.743160865
-83.6357790852
-83.740792172
-83.5467735457
-83.7765471202
-83.5671287365
-83.5795875215
-83.7859620048
-83.6564376271
-83.7199195695
-83.6934669972
-83.6883153675
-83.7653125527
-83.7511670165
-83.4948335237
-83.6152892751
-83.7770318332
-83.6303666692
-83.7504345113
-83.767380798
-83.5864251946
-83.5368246519
-83.7500278741
-83.7177517671
-83.4263912798
-83.5838965801
-83.6983963757
-83.6432299619
-83.3897218788
-83.6417979959
-83.512147743
-83.3923604601
-83.7014891427
-83.6521794476
-83.6885835108
-83.6125545074
-83.6787403776
-83.8005137361
-83.4817551577
-83.5114767295
-83.3754779373
-83.6518276844
-83.4928024492
-83.5251966506
-83.7439145169
-83.5969043192
-83.5147119734
-83.6436079349
-83.741572038
-83.7608914944
-83.7183671914
-83.9363307547
-83.5344947094
-83.4971180034
-80.4569533827
-83.5067212285
-83.7051027653
-83.7190448685
-83.494725926
-83.8271264593
-83.545061173
-83.7386682077
-83.6416939297
-83.5678939509
-83.6745884614
-83.3794277737
-83.5594909258
-83.8291814675
-83.5374104436
-83.8236918159
-83.7331878642
-83.6386125817
-83.4914158323
-83.7865091046
-83.6085778901
-83.6699963349
-83.6930188969
-83.8454204221
-83.6390100453
-83.7608698511
-83.7365951789
-83.7027503853
-83.5412773882
-83.691983759
-83.7682620003
-83.5061486147
-83.8958163397
-83.9083888044
-83.7114897483
-83.8299893167
-83.7369121614
-83.6230907271
-83.5152612734
-83.6695989522
-84.0070732886
-83.7530597295
-83.5830473713
-83.6308410082
-83.8350099026
-83.4757209277
-83.772872079
-83.4222740519
-83.766737056
-83.8191430283
-83.747422771
-83.7690129531
-83.6860632137
-83.6050376911
-83.6033373073
-83.7822051888
-83.6523994478
-83.4656646161
-83.5104071323
-83.4769086664
-83.646197015
-58.2701062897
-83.8098500512
-83.8251671243
-83.8377997095
-83.80922815
-83.5686632201
-83.8489810263
-83.6349102749
-83.6641400284
-83.7552292722
-83.5414994094
-83.7346508944
-83.5666975932
-83.5568054739
-83.5387471278
-83.5290204528
-83.8049303877
-83.5156667224
-83.6897118246
-83.7122966899
-83.7013982757
-83.614897781
-83.69821623
-83.7246057379
-83.650455892
-83.576432145
-83.7127903797
-83.6995309935
-83.7241737236
-83.8240771436
-83.5794198569
-83.716103357
-83.6658061511
-83.5978090766
-83.4059145305
-83.6055421135
-83.6546009394
-83.6813195398
-83.8275625317
-83.6331421395
-83.8044065435
-83.823850631
-83.8250799194
-83.7892884558
-83.6769529496
-83.8080560276
-83.679672869
-83.7564674378
-83.5487227169
-83.46010048
-83.8073640952
-83.5624783598
-83.8204338108
-83.646157958
-83.6885028141
-83.824258833
-83.5875686593
-83.6561848757
-83.6988866799
-83.8379745408
-64.843855149
-83.4229412469
-83.765587167
-83.7090901483
-83.7269472233
-83.7467495773
-83.7480323065
-83.6879121474
-83.5665022607
-83.5402935396
-83.8045623703
-83.6688819887
-83.7430591382
-83.7432172332
-83.8164862227
-83.8380244494
-83.6487392042
-83.7602662768
-83.7944914162
-83.6720078138
-83.7530033829
-83.6462029332
-83.4317726982
-83.6870209297
-83.7460116678
-83.5120754436
-83.6657232994
-83.5742729592
-83.7835501306
-83.8186462594
-83.6703194772
-83.6917669542
-83.7983638461
-83.8485346699
-83.6966971837
-83.6299034817
-83.7648041348
-83.5124851802
-83.4047904069
-83.7303679322
-83.6086970507
-83.705958216
-83.7803391457
-83.6265737657
-83.7332106193
-83.6969358309
-83.5502241151
-83.4155891148
-83.5873342913
-83.746321463
-83.6093338197
-83.5642182283
-83.49278602
-83.7302237085
-83.480211465
-83.6229942653
-83.4215078639
-83.5774363713
-83.6363326051
-83.820442387
-79.7553391502
-82.1496245904
-83.8165892198
-83.5093819228
-83.5715118135
-83.8253566365
-83.647365095
-83.5622702502
-83.6921199909
-83.6776993885
-83.542350299
-83.5348338735
-83.4832721638
-83.6012444371
-83.6756030383
-83.653657614
-83.5084464209
-83.6258747268
-83.7158879
-83.6276296158
-83.7273350021
-83.6685776194
-83.7932746731
-83.6882332975
-83.6249888988
-83.8273973935
-83.569712912
-83.6142471465
-83.8585566355
-83.6567792066
-83.710131379
-83.3543364505
-83.6402281525
-83.7196273114
-83.5924665811
-83.6664515777
-83.7252363736
-83.6874255809
-83.7431854177
-83.9997627887
-83.6768479104
-83.667954902
-83.7690445001
-83.5857239329
-83.7893601033
-83.649377955
-83.637732999
-83.7749653524
-83.8468075729
-83.6758862292
-83.4776124541
-83.7097192317
-83.6813189427
-83.6005111485
-83.7935140972
-83.9379896095
-83.9466819594
-83.7483359087
-83.6451633183
-83.7819500528
-83.7662362157
-55.5292815317
-83.8229591727
-83.7277584017
-83.8696252451
-83.6990178956
-83.6327231351
-83.8538708488
-83.6110879723
-83.7380679023
-83.5873055179
-83.679597441
-83.7919602907
-83.7020747637
-83.5229973739
-83.8008312272
-83.650521348
-83.6286689242
-83.7057692437
-83.5536175298
-83.7774471621
-83.6729421631
-83.6434398632
-83.7956828471
-83.5160506001
-83.9571261912
-83.6137795433
-83.7875366858
-83.6589429142
-83.7622178558
-83.7392425042
-83.9447796309
-83.6104901049
-83.5929346829
-83.6187361327
-83.8573093315
-83.8575740509
-83.6210876486
-83.4982610437
-83.725847739
-83.5718069689
-83.6019577346
-83.6055621457
-83.7011767973
-83.7818129808
-83.820144425
-83.788975925
-83.7518939157
-83.8159718586
-83.7359958505
-83.7257330308
-83.6855035648
-83.8822764473
-83.7935716083
-83.7726326389
-83.7804538175
-83.5621882752
-83.7916742806
-83.8374615948
-83.8045472353
-83.482602929
-53.7675345062
-83.7464597936
-83.6349285304
-83.8966532083
-83.820261394
-83.6636085797
-83.6649812563
-83.7396263197
-83.8640378776
-83.4079186006
-83.7908506366
-83.7985662098
-83.6301199249
-83.6221743049
-83.6974515839
-83.6401962405
-83.6935039389
-83.626137318
-83.8339647044
-83.6822841645
-83.516853894
-83.7452611503
-83.5620315068
-83.6864687651
-83.6036717953
-83.8170264248
-83.6530691876
-83.815150785
-83.7889307963
-83.7499794813
-83.5597943992
-83.7297329125
-83.7990212462
-83.5678869783
-83.8149727766
-83.7812093883
-83.7469650619
-83.5057142366
-83.7594217375
-83.6616389632
-83.6585785493
-83.8918074122
-83.7211727411
-83.5013861708
-83.679044841
-83.7234308273
-83.7576491799
-83.6107968797
-83.679212224
-83.722524373
-83.692117659
-83.6211825483
-83.9863533446
-83.5865590266
-83.8566569685
-83.6722461562
-83.7087149994
-83.6498149791
-83.5786841441
-83.8570176968
-78.8121033502
-82.314771177
-83.6680479596
-83.6510476524
-83.8108832296
-83.9527096663
-83.6419341987
-83.4569262075
-83.7904446697
-83.7378968567
-83.7596247494
-83.6059519019
-83.776464674
-83.8321937924
-83.5893207593
-83.6275882402
-83.8386510885
-83.6921274225
-83.7813721074
-83.6100150032
-83.740981877
-83.694051106
-83.457389485
-83.5156168839
-83.7439123845
-83.585221707
-83.5793055545
-83.876632436
-83.8169610308
-83.6507015849
-83.5905319223
-83.5412204301
-83.7408618003
-83.5556251553
-83.8025748559
-83.7612295276
-83.6044157559
-83.7978091125
-83.7508631831
-83.4969200333
-83.6792604786
-83.6503631098
-83.6838150567
-83.4937260374
-83.9710140704
-83.6404802897
-83.8165794875
-83.7481292077
-83.6970071347
-83.5898251738
-83.7427974425
-83.7822856925
-83.6295460497
-83.9869693047
-83.4821062703
-83.6569492411
-83.5179662495
-83.8030588393
-83.4075739978
-83.7297224267
-83.4917487838
-57.0570440184
-83.3287349972
-83.5825958235
-83.5872181499
-83.7340312187
-83.7144728343
-83.7248380079
-83.6764256217
-83.6145894977
-83.7507702627
-83.5566068039
-83.776748403
-83.6305228861
-83.7403328937
-83.7683179109
-83.6284554648
-83.7389278656
-83.6199789841
-83.6762841972
-83.7693251929
-83.4864456648
-83.6798883759
-83.764057512
-83.7621974427
-83.8853712949
-83.642468839
-83.8098557307
-83.7831877111
-83.6527510866
-83.7443482056
-83.8150638179
-83.789649839
-83.622629104
-83.5060552632
-83.774072478
-83.7305639272
-83.7329689184
-83.6371560073
-83.7087988588
-83.427734328
-83.6297224209
-83.7125777833
-83.8226799044
-83.6406351455
-83.5746248762
-83.6263167885
-83.7035024107
-83.6558525182
-83.8018341579
-83.6229719642
-83.6425389671
-83.5549636701
-83.698281176
-83.6929638649
-83.6173951707
-83.6862392453
-83.5195752246
-83.7923151694
-83.8009891865
-83.726967286
-57.9866429834
-83.7407177055
-83.5071543634
-83.6592419768
-83.4837863987
-83.7035473616
-83.6200927937
-83.6780752474
-83.8649919496
-83.8290585788
-83.6366104118
-83.6158033927
-83.5672207134
-83.5896720415
-83.6560602218
-83.6040442118
-83.7516174544
-83.5851528875
-83.5624061726
-83.7012338427
-83.7916348726
-83.4891321988
-83.6699260186
-83.7664670236
-83.6511348339
-83.6305832726
-83.6357671953
-83.7657535593
-83.5012770374
-83.7659483908
-83.6936119622
-83.8997604009
-83.866335713
-83.6900166608
-83.7833839589
-83.6516161165
-83.6118749215
-83.7691736266
-83.7613478
-83.7555915058
-83.8050352392
-83.7496816633
-83.7659328409
-83.6508778094
-83.636317774
-83.6610780036
-83.6978551631
-83.5537999478
-83.8405851088
-83.6739116249
-83.5232736836
-83.7878465563
-83.6721824855
-83.7842187374
-83.6325700371
-83.8678363761
-83.7113160753
-83.8299292552
-83.5890832072
-83.7512052379
-83.3533390486
-79.4616260744
-83.4515377887
-83.5074224618
-83.6640470269
-83.5719861145
-83.7388843363
-83.6170297507
-83.4956637451
-83.6466015238
-83.6170547364
-83.7478303429
-83.6329633807
-83.6895045967
-83.7189636844
-83.6820316946
-83.5831551586
-83.6985821726
-83.9921101064
-83.6647104781
-83.7962848737
-83.7734712495
-83.738749415
-83.7255273868
-83.7274404037
-83.7288312346
-83.6996868123
-83.6802005092
-83.7285962562
-83.8318051447
-83.5540913756
-83.6852251365
-83.7579323249
-83.7811171131
-83.5909754686
-83.6574100492
-83.7292936495
-83.6360675854
-83.4455968285
-83.6444595637
-83.7562049371
-83.6954660079
-83.8021276504
-83.6530523319
-83.5727670448
-83.81629274
-83.6537216139
-83.9531665141
-83.7052720516
-83.6073124114
-83.8915740758
-83.5090415158
-83.4526639479
-83.7884753079
-83.6022246727
-83.7092818728
-83.5741597693
-83.8388249315
-83.5477174509
-83.6730413114
-83.7594514157
-61.2462153766
-83.6144716627
-83.7902647583
-83.6894540142
-83.6861053962
-83.5039008458
-83.6426540446
-83.7853735773
-83.6110391409
-83.6351985803
-83.4815796448
-83.7189823498
-83.7488310104
-83.6189515275
-83.755947282
-83.6549926563
-83.6932259856
-83.5446986798
-83.6697083016
-83.8229118667
-83.5871543722
-83.6827661439
-83.7109689053
-83.8602979975
-83.6289905596
-83.6101352184
-83.49946125
-83.6046610092
-83.6760400867
-83.7347162432
-83.7059688283
-83.6641442077
-83.6002438775
-83.8582396828
-83.4937799324
-83.681649133
-83.7782440011
-83.667328841
-83.4501957202
-83.6541621887
-83.7341996574
-83.7062345644
-83.7416316098
-83.5420540552
-83.6509996264
-83.7308106848
-83.6973453802
-83.6828711428
-83.6589409256
-83.4908829211
-83.8138968905
-83.7485047035
-83.7661146635
-83.7455102603
-83.7912119493
-83.7064378781
-83.6808915625
-83.8326160274
-83.6424484749
-83.598766122
-60.4208806199
-83.5991408549
-83.7718842057
-83.7060092309
-83.6475263833
-83.5428587605
-83.4862408065
-83.7912415001
-83.7083886978
-83.6024365732
-83.6481456553
-83.5983118038
-83.6794583405
-83.5854316008
-83.5925826471
-83.6794178429
-83.6821202757
-83.7761457163
-83.804519618
-83.6215902004
-83.8805102313
-83.7391270851
-83.7744455237
-83.6961571587
-83.6835185878
-83.7390383253
-83.5756790528
-83.7812581458
-83.539546851
-83.6423261411
-83.6904062151
-83.8293189142
-83.5538846631
-83.6308521407
-83.6282332287
-83.5532545703
-83.6881297199
-83.6663720716
-83.949810054
-83.6583670405
-83.3967225536
-83.675476492
-83.7885053168
-83.7938036971
-83.7815935728
-83.7301897202
-83.7536211174
-83.8554953034
-83.6651987361
-83.8651374907
-83.7641517215
-83.657399089
-83.3370353995
-83.7506659254
-83.792537116
-83.7302055525
-83.8237396616
-83.8389325819
-83.3554251446
-83.3842293964
-83.5893092263
-73.9819459873
-83.6439143764
-83.7942185084
-83.6238501501
-83.7972551918
-83.8135170709
-83.6342917725
-83.6789648136
-83.6940513877
-83.8028598059
-83.4350368743
-83.7615355721
-83.6394135794
-83.5604454519
-83.6381920081
-83.8198433039
-83.6150828918
-83.7562970894
-83.7548658411
-83.5686051359
-83.4672784262
-83.7256686112
-83.6443530901
-83.5992945956
-83.7477168767
-83.791054138
-83.6109518941
-83.6093295734
-83.6312954934
-83.4890856164
-83.5476032426
-83.7244485855
-83.6132099433
-83.6227634919
-83.7537666423
-83.8188443812
-83.8754816147
-83.539909795
-83.4670093481
-83.6738119759
-83.7072776663
-83.5814897534
-83.7794574451
-83.6871990576
-83.6316642634
-83.833495787
-83.8690951241
-83.7232000098
-83.7685946343
-83.773876194
-83.5914560952
-83.60076931
-83.5407523816
-83.7023186247
-83.6540482888
-83.7755008412
-83.6868354372
-83.793547424
-83.5555081919
-83.6445592643
-54.8773462971
-83.7708305488
-83.435554628
-83.777215934
-83.7083802835
-83.6430865475
-83.6109358227
-83.5954347995
-83.6833077158
-83.5973491157
-83.5910016201
-83.6846810277
-83.8430694233
-83.5298133573
-83.7022946228
-83.5909753886
-83.7638124103
-83.6310282929
-83.4433328338
-83.5490926602
-83.6608730169
-83.8750212481
-83.7434463641
-83.5977931664
-83.5766478209
-83.7256987996
-83.7202976951
-83.643790869
-83.7401482588
-83.7110050295
-83.7225714797
-83.758349659
-83.6853780527
-83.7336547072
-83.6266445233
-83.6451615583
-83.8355115658
-83.6858260564
-83.7042605504
-83.8068783916
-83.8051324981
-83.6563853475
-83.5696606971
-83.930034259
-83.5772929076
-83.6421014897
-83.5037463735
-83.5884334301
-83.6241120802
-83.6889713555
-83.7564048375
-83.6764262504
-83.6401312881
-83.7096668753
-83.4854706233
-83.8011018957
-83.7901228992
-83.6761513763
-83.6489586617
-83.7623862189
-58.9562959172
-83.7812987606
-83.6454040943
-83.6479693937
-83.6963354286
-83.8750818658
-83.5702267336
-83.6225017722
-83.7365851818
-83.5386106693
-83.784686435
-83.6428290027
-83.616826193
-83.7349396729
-83.7323370292
-83.5480987683
-83.8007970069
-83.7663322369
-83.4594825329
-83.7244589372
-83.6029062321
-83.7405786992
-83.6637506193
-83.6003533591
-83.779121184
-83.7411161538
-83.7992616698
-83.6091250171
-83.5283341106
-83.9046315159
-83.6909809297
-83.4733295684
-83.639017809
-83.61898662
-83.8056411002
-83.6617355558
-83.8837182107
-83.7587478196
-83.7455502401
-83.6069467914
-83.8651013207
-83.79419498
-83.5990803584
-83.6552203301
-83.71750288
-83.7472121188
-83.8737473299
-83.6640316288
-83.5857093487
-83.8082433577
-83.6529461115
-83.8116204958
-83.6112210926
-83.693078438
-83.8739553747
-83.6992891595
-83.7851339523
-83.6111710769
-83.8640671385
-83.8165834952
-83.6145161981
-73.3781128477
-83.7927701318
-83.464706392
-83.8537850311
-83.8171217663
-83.7075919605
-83.7681636842
-83.7043158432
-83.6381834944
-83.8789720486
-83.9683607248
-83.7102498606
-83.7500590651
-83.6017241286
-83.7396710355
-83.7572362453
-83.6197971401
-83.6597197923
-83.4948082225
-83.6947288817
-83.6831719653
-83.5504687085
-83.656298267
-83.8648522386
-83.4348474608
-83.8633108893
-83.7378611391
-83.5051481253
-83.7323292635
-83.7003860522
-83.7918102898
-83.8848251664
-83.6941050748
-83.7178330563
-83.496822891
-83.6509513949
-83.8236774701
-83.6875565499
-83.8173312964
-83.6502172696
-83.6491697286
-83.8421169769
-83.5386109819
-83.87056882
-83.577841847
-83.7140517437
-83.6684474395
-83.6143419553
-83.7346454142
-83.7935530005
-83.8339653795
-83.7245070792
-83.8517232289
-83.7209462592
-83.6821284619
-83.9648934466
-83.6136265953
-83.8121035946
-83.5860674721
-83.7663343192
-57.473070451
-83.735796029
-83.8957252245
-83.8858889691
-83.9330452729
-83.6415040146
-83.6001967031
-83.7360780887
-83.5655504161
-83.8652362375
-83.7932702827
-83.6625634581
-83.9401023726
-83.7281758397
-83.7501755664
-83.7759534229
-83.7542119463
-83.8508100506
-83.5001928887
-83.7413342616
-83.6360438201
-83.5911046345
-83.8410817518
-83.7723828318
-83.5419320036
-83.613942885
-83.4664342522
-83.8948793564
-83.5877111866
-83.3936511727
-83.6241419962
-83.4519183499
-83.7652181826
-83.739461816
-83.6659320214
-83.6440580002
-83.6703005971
-83.809634667
-83.7950140221
-83.6058276269
-83.7616146204
-83.5609081456
-83.6670553337
-83.5244014392
-83.7484886357
-83.5612106566
-83.7861620975
-83.75393943
-83.7074353749
-83.7555273912
-83.6772399834
-83.7735541739
-83.4506897431
-83.8791530301
-83.7188433844
-83.6558048218
-83.7001281978
-83.8037352701
-83.8501909799
-83.6337913999
-57.9951042077
-83.7106886451
-83.7597517007
-83.8127300252
-83.7721764665
-83.5170396862
-83.7456087745
-83.7698772651
-83.8266933059
-83.5476004778
-83.6981934426
-83.3534452646
-83.7365779761
-83.6986344259
-83.7290557713
-83.5837118926
-83.7974344635
-83.4532218755
-83.790914241
-83.7198163696
-83.699334799
-83.565838124
-83.7598208527
-83.5961435777
-83.6916441707
-83.8036057644
-83.6842664032
-83.6949045197
-83.5649521519
-83.587269564
-83.5676798279
-83.7568531086
-83.7911705831
-83.6598396605
-83.531643444
-83.6368287746
-83.8323234242
-83.7867259368
-83.7284024377
-83.5054544021
-83.6090432452
-83.9140773497
-83.6107365615
-83.7326394399
-83.5716523501
-83.7493472499
-83.5551157672
-83.8014520408
-83.6764638465
-83.6335419586
-83.6348148268
-83.7475279135
-83.7787902332
-83.9589651468
-83.7005461774
-83.3762538268
-83.7865308875
-83.5130049428
-83.4712554368
-83.3842569663
-83.5918146878
-73.98863997
-83.6240506269
-83.7930598572
-83.5430596191
-83.5924380221
-83.6094931589
-83.5662016481
-83.7704004887
-83.6325483969
-83.6577253407
-83.7010046482
-83.7077448952
-83.7276466933
-83.5155559618
-83.7800361041
-83.8841430157
-83.6581315535
-83.83446631
-83.7541819018
-83.5260581285
-83.512329998
-83.6137559972
-83.6296771852
-83.60441916
-83.7747169781
-83.7283749864
-83.6924005605
-83.6329511555
-83.7454385545
-83.7408329808
-83.5518515687
-83.6546248783
-83.67762626
-83.8176229363
-83.6604417323
-83.7380163948
-83.4736752209
-83.671733661
-83.6619487322
-83.7252987303
-83.4200172407
-83.4343005841
-83.5335854023
-83.8222262353
-83.5167369705
-83.9487824431
-83.7680965908
-83.5362360957
-83.57655331
-83.6860059853
-83.6995464514
-83.682370524
-83.7309722719
-83.9024850757
-83.5071921951
-83.6295678332
-83.4186832605
-83.6397064482
-83.5575631591
-83.5744606075
-54.6551272687
-83.655856904
-83.6568202034
-83.6692124673
-83.5394356053
-83.8025886161
-83.8058607353
-83.5778859641
-83.7263594324
-83.4718427231
-83.7385899991
-83.7182613009
-83.790813371
-83.8283913986
-83.6006512281
-83.5083604682
-83.7617402702
-83.6897851106
-83.7544680845
-83.7236313056
-83.5928994319
-83.7489511927
-83.7190436028
-83.8746525557
-83.7494222809
-83.6466011017
-83.737651398
-83.6993227435
-83.5710734836
-83.8459429865
-83.7605786623
-83.7944271014
-83.7075900739
-83.7590832566
-83.5891991948
-83.3996927324
-83.9328973973
-83.6102044639
-83.6554476348
-83.7889837282
-83.6695704195
-83.7745690008
-83.680968642
-83.7724428691
-83.7546921083
-83.7214351077
-83.7694411668
-83.8718766022
-83.6360423299
-83.6409140019
-83.8232693709
-83.8263056311
-83.6222872104
-83.8489714134
-83.7645285734
-83.7372846587
-83.7397103745
-83.7725169191
-83.5393485021
-83.7951915671
-59.1295895325
-83.698189179
-83.7127098012
-83.837905266
-83.7506909848
-83.7693307809
-83.719345252
-83.6001709233
-83.5704595256
-83.6526824708
-83.5986568592
-83.7771494911
-83.8850660712
-83.427064466
-83.6887869288
-83.6670584068
-83.7516251667
-83.6245431463
-83.7338154587
-83.6040608208
-83.4794909524
-83.6468100869
-83.741930052
-83.737111713
-83.6223578615
-83.6771027181
-83.2240739669
-83.8089717423
-83.5980231951
-83.6537877513
-83.5117009171
-83.7627805436
-83.7072405889
-83.7032377716
-83.7397848052
-83.7622840907
-83.5549138764
-83.7347118505
-83.6094721728
-83.7809030223
-83.6617056893
-83.7288484657
-83.8684739112
-83.61635395
-83.5464773664
-83.7222042189
-83.6402034153
-83.7345031544
-83.8195203613
-83.6242418483
-83.7718035104
-83.5716325771
-83.623884546
-83.7924674965
-83.7314984316
-83.4321702944
-83.8509999499
-83.6488451809
-83.6113237083
-83.6034517294
-83.6252954039
-68.7437349143
-83.5533072215
-83.5937674093
-83.8365098388
-83.7013473418
-83.5089031915
-83.70061747
-83.4602925855
-83.4359167839
-83.8270623136
-83.5605822708
-83.5956327964
-83.7090821663
-83.7630145954
-83.8036316754
-83.5248675325
-83.6760884717
-83.7313111082
-83.7903455449
-83.5751802919
-83.5768835199
-83.5406233888
-83.8581340898
-83.7638459685
-83.609830672
-83.7395797463
-83.947469784
-83.9518266628
-83.627657422
-83.6846949348
-83.606080952
-83.687320309
-83.8397952511
-83.7178763499
-83.8791098935
-83.7889032909
-83.7694565608
-83.8647000138
-83.9195689663
-83.7404251716
-83.7658529261
-83.7045910869
-83.8724091324
-83.7223245504
-83.7314258647
-83.7509199633
-83.7390171646
-83.5324350156
-83.7166793573
-83.8170151428
-83.5999471912
-83.7163819485
-83.7303505951
-83.6257871778
-83.8396771581
-83.7106039223
-83.7294225436
-83.5844061459
-83.7755142779
-83.6894189293
-52.2147636322
-83.7699443015
-83.7213243035
-83.7957854715
-83.691577027
-83.6457886755
-83.6259499042
-83.6520569519
-83.8410291936
-83.7972939363
-83.7620254208
-83.6651500873
-83.6931137752
-83.7289866595
-83.5174971906
-83.8488114158
-83.6791832008
-83.7121766785
-83.8436078748
-83.6876422548
-83.764114662
-83.7862090403
-83.7390094676
-83.6265063251
-83.913185254
-83.8091794523
-83.4454461218
-83.7022856965
-83.6136408444
-83.613196919
-83.7795446611
-83.7069970778
-83.688505736
-83.7142821264
-83.6381203091
-83.7302734906
-83.7764688783
-83.6885144449
-83.8301500894
-83.7062676211
-83.5190193512
-83.872363663
-83.6868882106
-83.6599229179
-83.8812697941
-83.8528953908
-83.640655769
-83.6981391404
-83.518507544
-83.773646013
-83.8583895699
-83.7117158999
-83.5231595641
-83.7510977355
-83.5329739226
-83.4480225882
-83.6980383237
-83.8673340587
-83.8112597426
-83.6670851023
-59.3318768124
-83.6811191186
-83.7071305027
-83.5260962791
-83.464361127
-83.8132599485
-83.8734897213
-83.7474857096
-83.6816673684
-83.7436692105
-83.6246749921
-83.6145365379
-83.6644548494
-83.7294589155
-83.7100435155
-83.5787869218
-83.7543407749
-83.7603486958
-83.6601325349
-83.7138603427
-83.8959446698
-83.6123049889
-83.6456833907
-83.6795357707
-83.5809115714
-83.5098070521
-83.5340116294
-83.5811964619
-83.5700738706
-83.7087836778
-83.7228875887
-83.5708306081
-83.6004997953
-83.6755454961
-83.7660346466
-83.6864842244
-83.8227174681
-83.6896415014
-83.6035920671
-83.6044430414
-83.6854174825
-83.8820575848
-83.7305136864
-83.7428784722
-83.8060000166
-83.730658782
-83.9200735586
-83.8024161356
-83.7693135519
-83.6646670469
-83.6973870799
-83.6541850222
-83.7703363336
-83.5926645591
-83.7261959793
-83.7630505807
-83.5709032658
-83.7010852391
-83.7611237302
-83.8295154935
-83.6867570419
-65.605487862
-83.5353428231
-83.6396100667
-83.6036115923
-83.6436676163
-83.4523265578
-83.7891568723
-83.7558436473
-83.7298417517
-83.7918656565
-83.5385620399
-83.7356811047
-83.6904608629
-83.5323357275
-83.680428886
-83.7976751233
-83.7491618864
-83.6724298103
-83.625234445
-83.6522626598
-83.7089273348
-83.7811582882
-83.7081251262
-83.7216519553
-83.6462130741
-83.8469598151
-83.8134369548
-83.7447912829
-83.6316788486
-83.6257564057
-83.7080579974
-83.8306767899
-83.4412679993
-83.6311182049
-83.4304030411
-83.5513828205
-83.5074047385
-83.5917598339
-83.7085618513
-83.6691514918
-83.6260590573
-83.7741815594
-83.8143462055
-83.7452502057
-83.7098244888
-83.5279665778
-83.7222954121
-83.6867974939
-83.8790646874
-83.7362503554
-83.6777248787
-83.5463527904
-83.6173850702
-83.6077204675
-83.7287897275
-83.5193796735
-83.8784330969
-83.663197322
-83.5198837409
-83.548830139
-52.2319920109
-83.7902041874
-83.6507198831
-83.8312994385
-83.649951602
-83.5058541289
-83.6522820076
-83.5555320237
-83.8158465459
-83.4936103078
-83.5799051394
-83.5790448491
-83.475321458
-83.4864670587
-83.8092374686
-83.6751586315
-83.5305220164
-83.712603005
-83.8492078707
-83.5788175958
-83.7853312053
-83.6660414517
-83.8931377398
-83.7709037991
-83.7383319393
-83.7722722511
-83.7491661803
-83.723626029
-83.6936794931
-83.7833987581
-83.6233698809
-83.5331518354
-83.4255890665
-83.5875007167
-83.8360429324
-83.444368849
-83.7622162698
-83.5605284627
-83.8011225899
-83.7128462646
-83.7373286561
-83.5832893904
-83.7296242671
-83.5051183242
-83.5654413952
-83.6621840652
-83.6505735775
-83.7174810206
-83.7993142886
-83.7487162128
-83.715476838
-83.6428239085
-83.7501219123
-83.5471080043
-83.462611372
-83.8140010241
-83.6561282257
-83.6343909336
-83.5525776215
-83.6937377473
-59.9918742866
-83.7216711376
-83.8365038202
-83.5423839106
-83.4282208372
-83.753563133
-83.6493320609
-83.7593640003
-83.8991685027
-83.7984628171
-83.5858999066
-83.7239986274
-83.520667005
-83.7608139608
-83.8136421102
-83.7373374308
-83.6245522631
-83.6045851307
-83.6597287467
-83.5144129935
-83.3833393456
-83.8324363017
-83.8149251334
-83.6763266449
-83.6989435159
-83.7406361157
-83.7600746679
-83.7322989399
-83.8470163736
-83.666034661
-83.9303462501
-83.7729352033
-83.5686870913
-83.6825294775
-83.7437270928
-83.6706956351
-83.6636403875
-83.7958980148
-83.7388047394
-83.5667497191
-83.7757895135
-83.5491994247
-83.8198701191
-83.6807821351
-83.82183126
-83.7349921217
-83.5240264366
-83.6069575384
-83.5977502261
-83.6474854729
-83.7454364972
-83.5796412859
-83.7494991056
-83.7533219827
-83.5160896354
-83.5573032991
-83.5063867249
-83.7681967185
-83.7018380512
-83.6523205281
-83.544534183
-65.9361629905
-83.7159283933
-83.5793282947
-83.8044425927
-83.6223587176
-83.720545646
-83.6295859389
-83.8200918379
-83.6832167998
-83.4845606493
-83.6799925109
-83.7645693372
-83.6533349126
-83.7993726921
-83.9133744664
-83.6597670386
-83.6900303272
-83.7067045344
-83.7055239592
-83.7168093283
-83.5250235496
-83.7274408686
-83.8713770689
-83.5645332694
-83.7474476314
-83.6202584589
-83.7414492713
-83.5044834948
-83.5470785872
-83.7043357955
-83.6237531186
-83.7233867097
-83.8192354792
-83.6782601618
-83.8224133934
-83.7842151998
-83.8556972287
-83.7217881455
-83.4053911723
-83.724776215
-83.8330876278
-83.8409676502
-83.7474005203
-83.7213424377
-83.6985976028
-83.6888852633
-83.6111375256
-83.7042636695
-83.520327349
-83.9129199506
-83.7220317145
-83.5285884151
-83.5898653914
-83.5174893883
-83.7912708561
-83.8879127344
-83.6779783165
-83.5564381628
-83.5111104971
-83.7134567808
-51.96692788
-83.7720518857
-83.8798950801
-83.7636979156
-83.8606245896
-83.7298521855
-83.7402020613
-83.7422252874
-83.7040474817
-83.8416779723
-83.702005646
-83.8416661719
-83.8156301028
-83.687908378
-83.6488594071
-83.7000316528
-83.6824796112
-83.6489572869
-83.5541495308
-83.6681222082
-83.5123435743
-83.4782280897
-83.6791188959
-83.5844310026
-83.6142045928
-83.7573299145
-83.8228261281
-83.7191191945
-83.619967573
-83.7803490464
-83.6490505486
-83.5469479197
-83.8360720696
-83.5862396729
-83.5222405717
-83.6998532327
-83.6923779731
-83.5388479331
-83.8123689125
-83.6188183844
-83.6194457981
-83.650059887
-83.6069235128
-83.8217185011
-83.5175497201
-83.8110702596
-83.6016148011
-83.6996701817
-83.5807632921
-83.5919671489
-83.4328885194
-83.7082355498
-83.7490370444
-83.6661916032
-83.7350081521
-83.6388901311
-83.627081397
-83.8168299393
-83.8291159729
-83.7357224399
-59.8508508016
-83.6879200268
-83.5867672979
-83.7792591199
-83.8158418194
-83.6733081534
-83.7073088962
-83.6807512951
-83.7398390372
-83.7571707377
-83.6858459231
-83.8381376792
-83.7865846722
-83.7473671638
-83.7238065231
-83.644748691
-83.6863424177
-83.7583022164
-83.7655852529
-83.8945078608
-83.7287587717
-83.7625083395
-83.5687469181
-83.7972550085
-83.7134095511
-83.8354495011
-83.7818561266
-83.595716663
-83.8757372988
-83.5620486139
-83.6153222309
-83.7271793202
-83.9501069615
-83.7681411917
-83.8495265463
-83.7870756638
-83.7919348973
-83.6282113989
-83.9332026698
-83.8702192839
-83.8028015336
-83.6685291831
-83.791510495
-83.6221350161
-83.6114738508
-83.7970716286
-83.3989392365
-83.6211530612
-83.7071591579
-83.8547030398
-83.7028539819
-83.811143328
-83.6495159539
-83.5303521029
-83.6437428475
-83.717353542
-83.8089531391
-83.6535062652
-83.6087659758
-83.6300881173
-83.6588432958
-83.5331705516
-83.7549946029
-83.5133577914
-83.7864007998
-83.5892192077
-83.8027453217
-83.6864155416
-83.6608252657
-83.6277709152
-83.6873642467
-83.8007029251
-83.6265301718
-83.8653879304
-83.7188609165
-83.7274228268
-83.6680359254
-83.7110610794
-83.846684873
-83.5592477777
-83.7355245157
-83.6804290409
-83.7116130012
-83.7976469229
-83.7801692731
-83.5950799814
-83.6303033937
-83.8140606268
-83.6750243428
-83.8065666472
-83.826483638
-83.775799814
-83.7662666534
-83.7274272622
-83.7701220885
-83.6864231904
-83.7148227733
-83.8401981714
-83.5584618468
-83.9007238969
-83.8501349861
-83.5863347341
-83.7114654789
-83.8030889466
-83.6354583044
-83.8000493184
-83.6845557888
-83.8028498212
-83.823539416
-83.7563422025
-83.5836642757
-83.5506039929
-83.5693515355
-83.8119935713
-83.7674979108
-83.8231694092
-83.9523024462
-83.8240817223
-83.7784030215
-83.7196098637
-83.628576865
-55.3902966281
-83.5710880566
-83.7632951424
-83.4572707701
-83.5113562375
-83.6535149245
-83.7016729722
-83.6112793239
-83.5518877596
-83.7139309009
-83.6438054497
-83.6827016127
-83.7654949235
-83.9769466884
-83.6481790338
-83.5872149522
-83.6996010618
-83.5906124155
-83.6286200619
-83.5695513549
-83.7015288292
-83.6643869121
-83.6382598005
-83.8152615242
-83.6792893284
-83.7324514833
-83.6984906554
-83.7577189039
-83.713923406
-83.6813058206
-83.6640558834
-83.6568967895
-83.7503676926
-83.8038687338
-83.9389107236
-83.6308292269
-83.7870382748
-83.5644355056
-83.6294125837
-83.6400472175
-83.5396424689
-83.6627360723
-83.695394091
-83.7987161916
-83.5597706796
-83.9016357718
-83.7779674883
-83.6051137851
-83.6659617814
-83.7394804428
-83.6188756913
-83.625923502
-83.7895409203
-83.7069668449
-83.7227389933
-83.7249866486
-83.9257672366
-83.6831295939
-83.9368071238
-83.741289537
-83.663293702
-83.748882579
-83.8601443599
-83.6852428264
-83.7983326709
-83.5016499067
-83.7591287642
-83.7184234245
-83.6508473145
-83.807292355
-83.5756176865
-83.6718200901
-83.7164119569
-83.8160390119
-83.3357478472
-83.5580780911
-83.5971088059
-83.5945609404
-83.6301880688
-83.6723278809
-83.7152648318
-83.6405379366
-83.8331715022
-83.8017766351
-83.5956127924
-83.6390047126
-83.4544091383
-83.7663053759
-83.8128463421
-83.742002132
-83.661015314
-83.5464778534
-83.5960612092
-83.6006710555
-83.4662472538
-83.6079766861
-83.6953138742
-83.7427573741
-83.3472570003
-83.7442713256
-83.7003451182
-83.594521457
-83.87281432
-83.5130437739
-83.8506215205
-83.4965598868
-83.7111834667
-83.8536410996
-83.9769503892
-83.5589750167
-83.5386596757
-83.6234577353
-83.7435022145
-83.6917947538
-83.7682392345
-83.6089211992
-83.6818470702
-83.7473252186
-83.7629143891
-83.6450877542
-83.8048475547
-83.8347860328
-83.6685889167
-83.7839148891
-83.8926388518
-83.7147451075
-83.7691380554
-83.7217318527
-83.8649680524
-83.4709114168
-83.772990524
-83.5927756104
-83.6604711713
-83.7987221078
-83.625683199
-83.7590141104
-83.8766631505
-83.7272977536
-83.7018234486
-83.7231061326
-83.6463588335
-83.5939963024
-83.5653731277
-83.5838937485
-83.6101174128
-83.6991280615
-83.7081267781
-83.7863023152
-83.6502027433
-83.7481541865
-83.7824321871
-83.7607092311
-83.8002057188
-83.4563142045
-83.8248627149
-83.7297569296
-83.5358823074
-83.7265846495
-83.6063331123
-83.6032968238
-83.5132808642
-83.7443781071
-83.5382276824
-83.6765923459
-83.6892921252
-83.5804220325
-83.7842726221
-83.7487306732
-83.8350632289
-83.6247535309
-83.5994686195
-83.641770733
-83.5245126504
-83.8701039473
-83.7613014975
-83.6893190102
-83.7809927349
-83.7157746886
-83.8330646725
-83.7957057357
-83.6517903799
-83.813980403
