-84.6501966128
-84.331601642
-84.2020870334
-84.2348398435
-84.2006709193
-84.5207530894
-83.9331894845
-84.2552622523
-83.6057517588
-83.9438987449
-83.9620852135
-83.8750254133
-84.3374164386
-84.0381567482
-84.0387330464
-84.2689489609
-84.084369235
-83.909331628
-84.1342290959
-83.8055169475
-84.1557848123
-84.0202712732
-84.2466392592
-84.0164591357
-84.1832024713
-84.0813291032
-84.5762623461
-83.8951700468
-84.3333048245
-84.1491097312
-84.4311877114
-84.2194193863
-84.2818190064
-84.1639186793
-83.8914794108
-83.8886486007
-84.3390484343
-83.673815027
-84.1747051223
-83.830753573
-84.0679049851
-84.4869204517
-84.281457645
-84.276470536
-83.7777813826
-83.953461314
-83.8848432806
-84.461542258
-84.4104498975
-84.3796246808
-84.1260145852
-84.2853304622
-84.3870653945
-83.8611569077
-84.2643573088
-84.4248745751
-84.3027601938
-83.4839042175
-84.0077142344
-83.9764306671
-84.0515253311
-83.5739754291
-84.3526926131
-84.0772451494
-83.8009777964
-83.9827285581
-84.2249849132
-84.0273635419
-84.2378110758
-83.919595222
-84.2871686131
-84.024993107
-83.8672497606
-84.3628889079
-84.4617148071
-84.3713626138
-84.1035868959
-84.0090548427
-84.4636077534
-84.28721355
-84.3634233195
-84.2088262069
-84.0256246027
-84.2041255053
-84.2386252116
-83.8911043772
-84.2696545563
-84.0646789844
-83.8970279345
-84.2036977688
-84.2052699886
-84.0534587479
-84.4694484708
-83.8968706646
-84.3271389558
-83.93164208
-84.017910618
-84.082743095
-84.2113977678
-84.3189072407
-83.9417991482
-84.2408934278
-83.7763929716
-83.9851544912
-84.0316683606
-84.1563638642
-84.1877316554
-84.0489753215
-84.512597668
-83.7745763937
-84.5169111012
-84.2152937889
-84.5652712062
-84.198908567
-84.2364374108
-84.1227189382
-84.2327842205
-84.1408547231
-84.2602925703
-84.2606412097
-84.099130965
-84.2388165372
-84.1651358031
-83.8809518337
-84.3407210096
-83.8667404336
-83.8823486007
-84.3756380219
-84.2254708067
-83.7376928142
-84.3561769488
-83.8495984349
-84.4084553684
-84.3390728866
-84.2304513568
-83.7534249568
-84.158317523
-83.4751536605
-84.3298297815
-83.8356994935
-83.8476502302
-83.9174599066
-83.6926217657
-83.5963958163
-83.9848602712
-83.8444240914
-84.4223639406
-83.5655318451
-84.2269291727
-84.1650645271
-83.9025784526
-84.2368528905
-84.2971079557
-84.0968270686
-84.3139061847
-84.4211753095
-84.2798947673
-83.9504744793
-84.3605328946
-83.8536908375
-84.1895951394
-84.201541266
-84.072768564
-83.8634268871
-84.3668763668
-83.8877321596
-84.3986555113
-84.0134130728
-84.2909623653
-84.2029805864
-84.2963452505
-84.2559798679
-83.9144946079
-84.3238243265
-84.2238222353
-83.9684770368
-84.2025724989
-83.1555999008
-83.9150446049
-84.4598225244
-84.5236782733
-84.2775691442
-84.1110494334
-84.0512367805
-84.0788874703
-84.2178371916
-84.4659057201
-84.385283991
-83.9449820061
-84.2570830777
-84.158018596
-84.3316166904
-84.4556084376
-84.2609252943
-84.3084943347
-84.2543554197
-84.1698354029
-84.3613516989
-83.9969287534
-83.904155877
-84.1277866243
-83.6046226008
-84.0759426867
-84.4650603106
-84.4042203034
-83.8103438566
-84.2254349342
-84.0701512727
-84.0537519091
-84.2998446861
-83.7853445197
-84.0494388065
-83.9833589889
-83.863775139
-83.8687395847
-83.9175248239
-84.6394503989
-84.0114739226
-84.1889960374
-84.1735860205
-83.7346356142
-83.7983909045
-84.0825506995
-84.055409156
-83.8711578299
-84.3445535963
-83.7442837712
-83.9224669713
-83.8077903696
-84.0388971533
-84.130370428
-84.4285819831
-84.0888052176
-84.1652222395
-84.2930694099
-83.8896323385
-84.3089262938
-84.2239901617
-84.3940245497
-83.8962183799
-84.1863934961
-84.0584561365
-83.9747286994
-83.8939708463
-83.9538693656
-84.3197737577
-83.8722271982
-84.2138404644
-84.2665264955
-84.3046960435
-84.21215104
-84.1379521097
-84.1533956398
-84.4959914748
-83.8975171231
-83.8646022476
-84.2154460246
-84.1618846269
-84.412758499
-84.1187407645
-83.6981700816
-84.0134573057
-84.03349532
-84.2778959233
-84.205991991
-84.3139315591
-84.0020345707
-84.3250852801
-83.9930836256
-83.9233037119
-84.0115802059
-84.3022894847
-84.1331512799
-84.1646792683
-84.0287075701
-84.1282023671
-84.244178225
-83.8232191467
-83.9930478142
-84.5141041499
-83.9204316296
-84.301978991
-84.4013034773
-83.6877500354
-84.3996349116
-84.0058291393
-83.9490763116
-83.8614638987
-83.7584921365
-83.8052725932
-84.3002775739
-83.8601343906
-84.1228203399
-84.0399748922
-83.9372631536
-83.8267486804
-83.6555874136
-84.0230089213
-83.7427967876
-84.0002985021
-83.7194723493
-83.8309123587
-83.8445942853
-84.0943518754
-84.2392444016
-83.7142011943
-84.3514338713
-84.3256458085
-84.2440663868
-84.122579748
-84.339805591
-84.4046369619
-57.1436131452
-84.2276170847
-84.3423974618
-84.1571051202
-84.0644881695
-84.3544524571
-83.8290125801
-84.5888930987
-83.9790760784
-84.3157580347
-84.1812815709
-83.9703999715
-84.4279543711
-83.9598751097
-83.9297813076
-84.2890817737
-83.8522858266
-83.7043409732
-84.1754013442
-84.270706315
-83.727110146
-83.864669905
-84.1268764022
-84.4049580718
-84.229210333
-84.0892369308
-83.9200725609
-84.3031510419
-83.912236536
-84.6200615459
-83.9006945024
-71.4063705828
-83.942790849
-84.3187904127
-84.1095415436
-84.2649070903
-83.877948542
-83.7378185074
-84.1969900907
-83.8406628493
-83.9619147574
-84.1821878879
-84.1424895701
-84.2890109742
-83.8760043181
-84.4404068617
-83.8447536976
-84.2224643597
-84.3835456244
-84.2246314394
-84.1266194564
-83.9638614882
-83.5311095005
-83.9689646627
-84.2900946965
-84.4058548417
-84.0970290627
-84.1141247574
-84.5674753356
-84.4791055942
-84.3196617995
-83.516929772
-82.4247093999
-84.2999920275
-83.9207196905
-84.1459263182
-83.9561493603
-83.9697969172
-83.9374644066
-83.7824282905
-84.177739986
-84.2078224863
-83.879049828
-84.4652724533
-83.9269878281
-83.9023058581
-84.1308013612
-84.2669663354
-84.3216915036
-83.8728473442
-84.0225277571
-84.3815312325
-84.4524505629
-83.7448793878
-84.2588503846
-84.067033613
-83.9707590211
-84.2085529242
-84.1459919128
-83.8561235144
-84.3253547319
-83.8404639165
-84.0237091662
-84.0701989652
-80.163945223
-83.7249194209
-83.8637187244
-84.3256905254
-84.2508220641
-84.1294240676
-84.2275197879
-84.0225487439
-84.1535700466
-84.1703918028
-83.9316849616
-84.3444093437
-84.2194866515
-84.0972979177
-83.8940407924
-84.2667742517
-83.7309542757
-84.0668503795
-84.0713401496
-83.957174303
-84.3838296819
-83.8914617156
-84.0602748739
-84.3280963318
-84.2357014933
-84.286488899
-83.6002540029
-83.6801546463
-84.3564372384
-84.1794499406
-84.4419386394
-71.5334043704
-83.8626772816
-83.8104659231
-84.3637766883
-84.1453174555
-83.8903220122
-84.176489171
-83.9519849559
-84.0767072532
-84.0176655539
-84.1493500274
-84.3383430849
-84.0233712931
-84.1012836448
-84.1557221116
-84.1064190097
-84.0598292018
-84.1823913303
-83.5286415009
-84.4583523038
-84.2331227735
-84.3629601584
-84.2059533615
-83.8665745241
-84.4870232639
-83.9904829573
-83.9262234585
-83.8490838113
-84.0480946599
-83.8201098744
-84.2886662833
-76.3380150105
-84.1794226437
-84.0468428567
-83.8626745094
-83.7237959228
-83.7902200482
-84.360520494
-84.3170712846
-83.9026734835
-84.4298858176
-83.8537928645
-84.0763568265
-84.1203502837
-83.7323929857
-84.1840686557
-84.4611550099
-84.3683819348
-84.2557855498
-84.0251902988
-83.9697036494
-83.8440797158
-83.9611364933
-84.3809522822
-84.0788002513
-84.2681933418
-84.112094769
-83.9610878638
-83.9353938638
-84.506840439
-83.7566406532
-84.1579862251
-58.7171785086
-84.0997393624
-83.9789546609
-83.7076664303
-84.0016262144
-84.6469178148
-84.2086868801
-84.3564490092
-83.9765472252
-83.7588526691
-84.0499819321
-84.1748232549
-84.0437220463
-84.2481198421
-83.7560299665
-84.0295559058
-83.9682515444
-84.3603778028
-84.3084768441
-84.3603986291
-84.2625878542
-84.0099743327
-84.437168359
-84.4719161006
-83.98831162
-83.7864583328
-84.388225896
-84.1228603991
-84.0133734531
-84.2841843569
-83.6677717169
-55.0526215819
-83.8963568635
-83.7798191518
-84.1200527192
-84.1607024183
-84.2379660266
-84.3756186345
-84.0257739716
-84.3059391126
-84.2081662745
-83.6501999827
-83.695502163
-84.3464859839
-83.9383671142
-83.8395805217
-83.5253352796
-83.9727069899
-84.0842501218
-83.7742584378
-83.7180156948
-83.9868896848
-83.8314387569
-84.6063278933
-83.7256750548
-84.1700942663
-84.1091098618
-84.2750299811
-83.9982430629
-83.7159510787
-84.1757309545
-83.827021719
-60.7603597839
-83.8520461452
-83.6536083826
-84.3503410173
-84.2522594409
-83.99788551
-83.858298858
-83.6071857458
-84.1251629657
-83.818981916
-83.6996283089
-83.9508021135
-84.3161136671
-83.858836177
-83.8623443662
-84.2033785862
-83.8705158512
-84.0165702822
-84.0442849697
-84.2296544418
-84.0510279133
-84.3012283738
-83.8199261696
-83.7441100104
-83.7654321633
-84.1521103156
-83.9875063155
-83.907509491
-83.8498121386
-84.1642154988
-84.0985127003
-65.3408247313
-84.1467136461
-83.966196391
-83.6607088697
-83.8542197769
-83.9339006705
-84.3313000454
-84.0093990378
-83.879572186
-83.8062510703
-84.3246843144
-84.2586205895
-84.2281948116
-84.0471031628
-84.2152909727
-84.2362678589
-84.1253382907
-83.8560124195
-84.2935453877
-84.2033089713
-84.3090225937
-84.3306911461
-83.9652996742
-84.1424067812
-83.8314336845
-84.2560324387
-84.1876672147
-84.012448799
-84.0719289236
-83.7915379984
-83.7592721499
-83.7935587496
-83.9174482158
-84.049415724
-84.6243064753
-84.1671345699
-83.7304666724
-83.5494520873
-84.1160261372
-83.8771761145
-83.7770701923
-84.1391292678
-84.255083559
-84.0692100609
-84.4323723683
-84.0404305382
-83.5471229871
-84.1026212117
-83.8293753514
-84.3834776632
-83.9446936733
-83.894852371
-83.8326179388
-84.2005531681
-83.9359794443
-83.7044431755
-84.0056094309
-83.9905523581
-84.4306274182
-84.1744049896
-83.766801419
-84.0096411537
-84.2114049016
-70.8859962219
-84.4081463639
-83.7287782494
-84.0328478834
-84.3817955189
-84.1511682108
-83.8483747272
-84.1997379597
-84.2631389329
-84.1360876451
-84.3490145938
-84.1212094922
-84.465698907
-83.910074077
-84.1334501718
-83.8846007684
-84.3038685603
-84.088046193
-84.1041975323
-83.6997052749
-83.3657839744
-83.9096669971
-84.2386860872
-84.1918511536
-84.1232936454
-83.6105596957
-84.3949012721
-84.2383082819
-84.242576055
-84.2761559608
-83.6931148018
-67.1384902709
-83.8006270736
-84.2095829108
-83.3827377665
-84.0983350179
-84.5541902423
-83.4194037811
-83.3125314471
-84.0574701084
-84.1684587336
-83.5831607892
-83.8792945847
-84.4559670399
-84.1294003807
-84.2681378314
-84.1032583222
-83.8920413236
-84.1214223084
-84.0589744759
-84.2680245403
-83.9931474363
-83.6123568793
-84.1074243603
-84.241255127
-84.1293650623
-84.2649719545
-84.0996410122
-84.110777734
-84.2054570858
-84.3652194408
-84.2672221144
-63.593739198
-83.7953393869
-84.4222675455
-83.5569749919
-83.81772922
-84.3044367967
-84.3509870052
-84.0856753092
-84.0098356793
-83.2986028382
-84.1031405492
-84.3051760009
-84.3530024874
-84.3937401736
-84.0826896208
-84.3495930345
-84.0572335441
-83.9621051035
-84.109270277
-83.9398106996
-83.8752581997
-84.2125126162
-84.17287468
-83.7992665424
-83.804375864
-84.318827555
-84.0097127225
-83.9412028642
-83.7475958812
-84.0393224778
-83.804185333
-60.6554963764
-84.1371688872
-84.3215239029
-84.0637548214
-83.7494036396
-83.8811208363
-83.8587706627
-84.1603784457
-83.9068679243
-84.1581279721
-83.8679838605
-83.9597296178
-84.037132316
-83.9186044832
-84.1683731825
-83.6445522964
-84.1271667598
-83.958533973
-83.9842853896
-84.2955130253
-83.7506341118
-83.8312433238
-83.9434725539
-84.26637335
-83.7987038187
-84.0727471252
-84.28305338
-83.8927131226
-84.4115392477
-84.0211873682
-84.1070593028
-65.3192377616
-84.239180559
-83.4659333203
-84.2175669128
-84.1353932964
-84.2315018354
-84.0537019824
-84.4763486115
-84.4037512369
-83.9115542916
-83.8748938222
-83.8881029356
-83.8566177302
-84.2093039325
-84.2554003264
-83.830452351
-84.0647502363
-84.300862976
-83.6012552685
-83.8935682483
-83.9896072501
-84.3231337764
-84.2078450643
-84.3567149228
-84.2682275261
-84.2336743493
-84.0399794469
-84.0423809603
-83.8943803746
-83.9104429823
-83.9164911067
-66.4939653547
-84.4230843217
-84.3096726342
-84.0048646633
-83.8925433723
-84.4688002822
-84.2724882167
-83.9603254557
-84.3309419663
-83.6393426966
-84.2390637769
-84.2230957131
-83.8228591314
-84.3264839647
-84.2379264581
-84.1937578546
-83.8087972103
-84.1294900592
-83.9287045684
-84.225589071
-84.1555185511
-84.1036689949
-84.0728161925
-83.7138491545
-83.9435064085
-83.8561909095
-83.8748728329
-84.3412383456
-84.0457528732
-84.2848706471
-84.1353000182
-66.9691640042
-83.9939323196
-84.1335003097
-83.8997527432
-84.0979277417
-83.9410705678
-84.1450244476
-84.2007088778
-83.699257675
-84.0845081978
-83.9206478711
-84.221398289
-84.1091055392
-84.038978623
-84.261677613
-83.987821977
-84.2444513293
-84.0405271827
-84.1509832748
-83.8334927157
-83.8088776364
-84.2882508674
-83.8111768065
-83.8978518151
-83.8838081299
-83.4698059748
-84.1869741556
-84.2905157794
-84.0422736819
-83.8374556338
-84.1828023719
-84.1620811483
-73.9491518552
-84.2417415902
-83.9421345672
-84.3397498373
-84.4154641971
-83.9293650053
-84.1436889941
-83.9518625811
-84.3368446724
-83.9718168769
-84.1154914042
-83.8430368306
-83.8809814905
-84.1831333198
-84.0704123676
-83.9826048288
-84.5030064871
-84.1611491341
-83.6851750642
-83.9604893157
-84.1977344362
-83.8964332418
-84.1603227406
-83.9818169803
-84.0135388076
-84.013905482
-84.0933302688
-84.0915826546
-83.6900170416
-84.2947033579
-83.7390084409
-62.7370304251
-84.2684598557
-84.0805933869
-84.4863147031
-84.2400366257
-84.1943398624
-84.2099685449
-83.7312877579
-83.8090742225
-84.2124267136
-83.7922719227
-83.775994374
-83.9896349616
-84.0073755768
-83.9893773203
-84.2806211852
-84.4385791693
-83.9187183382
-84.0554655259
-83.969255665
-84.1452694735
-83.8588269527
-84.4990699625
-84.3933950491
-84.0222996458
-84.2656661259
-84.0801365699
-83.6158853806
-84.4562512502
-84.0791015351
-84.1901218254
-53.9124685772
-83.9353038508
-84.0839325464
-84.0806146482
-84.1085199422
-84.0722118952
-83.9558468811
-83.9662582031
-83.4135782781
-83.7959144749
-84.2697347603
-83.9350715696
-84.0240856802
-83.8062844896
-84.327896219
-83.9633627864
-84.1697766315
-83.3237261089
-84.4543155163
-84.3549083037
-83.9745083508
-84.1771565384
-84.5487905386
-84.1279521886
-83.8434196955
-83.7860174328
-83.7945363039
-83.5102526762
-84.1956955797
-83.5942412426
-84.2952815419
-54.2778081501
-83.7680798296
-83.5608262602
-83.643546993
-83.1875068211
-84.0768667714
-83.7614912658
-83.7379323068
-84.0403391894
-83.8528546042
-83.7813717343
-83.6427467278
-83.7938600495
-83.7163795622
-83.4860121967
-84.5217117282
-83.9632343647
-83.8912138651
-83.8413797569
-84.0177697
-84.2331629879
-83.8010107693
-84.0126511479
-84.0938936175
-83.8378454021
-84.2024549274
-84.1504927395
-84.3150609454
-83.5908696402
-84.0531293086
-84.19853112
-58.4668671861
-84.1649865668
-84.5245291658
-84.0724321557
-84.1293664451
-84.4013237378
-83.7748783161
-84.0121831003
-84.1582069131
-84.1652603883
-83.3222783116
-84.337873137
-84.2401669774
-84.6312903829
-84.2094684162
-83.8865773437
-84.1010599203
-84.1942079628
-83.7159768176
-84.160787795
-83.9002772733
-84.2510445199
-83.89294685
-83.7748353474
-83.9123359032
-84.1779022303
-84.0130845494
-84.1281255022
-83.9837053781
-84.1670170869
-84.1622195607
-62.4014692972
-83.7974386644
-84.5308222115
-84.5425831953
-83.8912918045
-84.0675343125
-84.0610219171
-84.2147478963
-83.8581521326
-83.8411439352
-84.079196359
-84.186930953
-84.1011414438
-83.9493848408
-83.4926831508
-84.8226871408
-83.9745662247
-83.8745070529
-83.8166258675
-84.1172845971
-84.1061762107
-83.8549462783
-84.1731213008
-84.0801100264
-83.5632021185
-84.2653147596
-84.4769268939
-84.3073783981
-84.3769198253
-84.1241160834
-84.2411608573
-63.7192411373
-84.0493959179
-84.3321818087
-83.8645904109
-84.0734181597
-84.1877223232
-83.9206149009
-83.9780243815
-83.8488225528
-84.2331888571
-84.2375044044
-84.3979701149
-83.8190157162
-83.2865918484
-84.3378102314
-83.8525870712
-84.1465320476
-83.7506801963
-83.5405950754
-83.4158911455
-84.179194935
-84.0041779993
-84.4110504272
-84.0242079139
-83.6077975255
-83.8674119565
-83.5230573358
-83.9948667329
-83.9123528167
-84.0827801617
-84.1837801777
-84.0512193481
-79.6239359106
-83.8090954994
-83.7851497893
-83.9534381699
-83.6507229769
-84.3633503267
-83.8097793072
-84.4286193513
-84.0918286998
-84.0841513174
-84.2596316762
-84.2485485405
-83.9909681323
-84.3680749197
-83.9824753085
-84.2691388655
-84.1730664906
-84.1043339755
-84.030331102
-83.6635516472
-83.9322300205
-83.9249214669
-84.0910308439
-84.1859152626
-84.2180149869
-83.4723254732
-84.2604270523
-84.1233072971
-83.6054528501
-83.8532977084
-84.3390328152
-83.6847776535
-84.1406392234
-83.72698309
-83.9121397037
-83.9882676029
-83.9797239995
-83.6064925014
-84.4284056063
-56.1193043012
-84.6795187392
-83.9641466908
-84.1014665425
-84.0456451808
-84.3634814505
-84.1104627
-84.2630489928
-83.9623604335
-84.2583553466
-84.4206417706
-83.81535428
-83.7428462611
-83.7591061693
-84.181638275
-84.052320369
-84.0864371515
-84.0205193719
-84.4063481087
-84.3999133675
-84.5087488572
-84.3434688159
-83.7740133093
-84.0494263401
-84.318247913
-83.8743626951
-84.1091144312
-84.0982522991
-83.6953508891
-84.2285583561
-83.9425720236
-51.1595587186
-83.7999266886
-83.4551273273
-84.1550168809
-83.7880451582
-83.9955934477
-84.1607083765
-84.1249366332
-83.89104436
-83.7480146074
-84.1727722204
-84.2581520736
-83.9473407141
-84.2883142751
-84.202201589
-84.3320340854
-83.9065796394
-84.2805086082
-84.1189947227
-84.1305918777
-84.2308440613
-83.9820656679
-83.9953615148
-84.0969007449
-84.0854022412
-84.0145822038
-83.4305549688
-84.3644637088
-84.0000996076
-83.892023895
-84.2614086784
-51.7219824072
-84.1896023536
-83.7220015603
-83.791809652
-83.7315138753
-83.7317423625
-83.4814192628
-84.025597355
-83.8387027877
-83.9701526938
-83.6642943963
-83.9292464552
-84.127549279
-83.6895357319
-84.0069322832
-83.7651148387
-84.0418985556
-84.0552400238
-83.8846107857
-84.0261363442
-83.8500163385
-84.3259197396
-84.3665245195
-84.6191800662
-83.9205896308
-84.2769606239
-84.3041259072
-83.8581933744
-84.1098343887
-83.8602602119
-83.6628554379
-66.7170092679
-84.0970652551
-84.3690850894
-83.7122263341
-83.9997727855
-84.0807736152
-83.7473313812
-83.7547745147
-83.8568498232
-83.8538265066
-83.788384809
-83.8871197672
-84.1178130016
-84.0791858987
-83.9482921205
-84.3603164615
-83.7560644784
-84.4128393879
-84.0363379136
-84.408165625
-83.870099173
-83.9814397328
-83.7966287082
-84.1997448147
-84.1553936475
-83.8616703902
-84.1384273151
-84.1827925019
-84.1503860162
-84.1919794626
-84.0542472661
-73.7278117812
-83.9487665278
-83.7436465642
-84.2058673755
-83.7481324804
-83.7919936012
-84.0166701854
-84.4323118737
-83.7983643204
-84.1040809749
-84.0393427265
-84.2529926885
-83.9979690758
-83.9607361489
-84.1608211605
-84.0150105004
-83.7938221009
-83.9413539094
-84.0266045711
-84.3163036584
-83.9973958641
-83.4206946321
-83.9137679392
-83.6846845152
-84.2618137576
-84.2153079228
-84.0096230356
-83.64402064
-84.0130075035
-84.2601668825
-84.2179172145
-82.0490254395
-83.7555268713
-83.8405941398
-84.2639865823
-83.6585615701
-84.1801904215
-84.0251029685
-84.3753998976
-83.2925175417
-84.2809850731
-83.4670981141
-84.2525223476
-83.4716088886
-83.5826438338
-84.2135545288
-84.0823939298
-83.8245894415
-83.9565257738
-83.8224304931
-84.2345435779
-84.0960706782
-84.3942695126
-84.1830380805
-83.6275122804
-84.103660386
-83.5181052521
-84.4314415539
-83.9376945563
-83.8255697994
-84.075396357
-84.5259685197
-84.2286772373
-59.4691212884
-83.8011092191
-84.565746857
-84.3272034033
-83.9660757745
-83.8838579442
-83.6963396727
-84.1206095758
-83.5388761938
-84.2977686
-83.9044488889
-84.4926177941
-84.3023454637
-84.3805107866
-83.9200849936
-83.8469207798
-83.8046215908
-84.1246880993
-83.7513967559
-83.699938876
-83.7778265593
-84.0466068914
-84.0135752914
-84.3194941899
-84.4412909049
-84.1100648111
-84.161053978
-84.1467480979
-83.9211286523
-84.0865168278
-83.9229432112
-58.8422793602
-84.2150645781
-83.7264035299
-84.0248086534
-84.098989499
-83.7415455901
-83.7821557563
-83.8167848008
-84.301711975
-84.0631697001
-84.2532168433
-83.9075546778
-84.0837628201
-84.2097850063
-84.2256082825
-84.0525308938
-84.0719801913
-84.0940229436
-84.0316633614
-83.808386902
-84.1523497526
-83.9738278892
-84.3142211132
-84.4530362131
-83.9136007152
-83.5338456342
-83.4711827732
-84.0988054568
-84.0423775912
-83.7439278999
-83.9118160891
-84.2319728401
-84.0638175785
-83.8121664173
-84.2168163038
-83.9357732639
-84.1849134422
-84.6375166371
-83.4713592639
-83.8696149939
-84.2587251219
-84.1585177306
-84.0545166033
-83.9092488002
-84.3194707463
-84.4317458332
-84.2187355994
-83.8658614926
-83.8273665455
-83.7352599346
-55.5827888638
-84.4157461389
-83.8605551959
-84.1439978204
-83.8045647127
-83.8423486816
-83.9694342761
-84.1705176905
-83.6519936898
-84.2574247102
-83.8184626797
-83.9579444606
-84.2122265178
-83.8770429264
-84.1093690577
-83.7580989525
-84.0355107087
-83.6438136583
-84.1083309117
-83.7587521356
-84.0756774229
-83.9781196101
-83.9872250207
-84.4075723434
-83.8988322207
-84.2018242665
-83.8201051612
-84.1812035762
-83.8343647672
-83.8174813682
-84.3038597946
-57.83559186
-84.2631015115
-84.1229985197
-83.3711358654
-84.1443589546
-84.1584085198
-83.87230745
-83.6507602462
-83.8498170755
-84.0804991298
-84.477765535
-83.5648582376
-84.6129099688
-84.023959124
-84.2655472214
-84.0354510395
-84.5771376811
-84.2318369354
-84.0077254813
-84.2506622903
-84.1683906619
-83.7832637387
-84.062241077
-83.8914525165
-83.8107594881
-84.0909302271
-83.6442034349
-83.7635041362
-84.1721283905
-84.0685490773
-84.1065487319
-57.1263998521
-83.936796686
-84.3484556353
-83.752831976
-84.1033858867
-84.1785329247
-83.87131341
-84.1773815225
-83.8756851672
-84.0010578874
-84.3496922706
-84.2812012766
-84.3187915827
-83.8997598883
-83.6227564952
-83.4138057363
-84.2964895939
-84.0172142376
-83.8808601847
-83.8096952538
-84.0830797062
-84.2359517726
-84.248769407
-84.1208542356
-83.9715365282
-83.6084405893
-83.976708998
-84.437217089
-84.1130262974
-83.8575998579
-83.7664894484
-57.5206968336
-84.1179679045
-84.0172215677
-84.3441055124
-84.523241961
-83.7530659591
-83.6639855176
-84.0014817364
-84.1471783535
-84.015638747
-84.1798328128
-84.3256199673
-84.0457190806
-83.9666417014
-83.7298308546
-83.9156233436
-83.9048962809
-83.9478218452
-84.4985651034
-83.8876370367
-84.0871681457
-84.0154873671
-84.1201657812
-83.6338889957
-84.3465835707
-83.99651332
-84.1944710219
-83.9568573966
-83.5463046002
-83.8664277228
-83.2891911722
-84.0699023755
-83.7013874957
-84.1937621353
-84.0252676082
-84.2794599517
-83.8867716697
-84.0495663286
-84.0397801512
-83.6364772291
-84.3219604236
-83.9838348509
-84.1666030521
-83.7487595303
-84.1162015632
-84.1555640051
-84.245858651
-84.5733061635
-84.482054444
-84.078239729
-84.111281
-83.5228755419
-83.7028339696
-83.867395338
-83.3713535545
-84.1600886681
-84.2047856707
-84.0880636372
-83.8614202113
-84.1012357692
-84.0037526229
-84.2737016875
-84.3921093231
-81.7138532913
-83.9932085501
-84.0583243644
-84.2925228423
-84.2665401947
-83.6522612783
-84.1423993609
-83.9894898961
-83.6973906416
-84.1211843167
-84.3120895468
-84.3396150818
-83.7133882884
-84.0813922949
-84.3369182435
-84.3641250362
-83.6898391231
-84.2586211078
-83.9257270263
-83.8208506681
-83.6493721509
-84.3263020923
-84.0825472114
-84.3216540898
-83.9741212741
-84.1970095496
-83.9711456639
-84.0788673103
-84.0542605714
-83.9084431805
-84.3029115984
-74.6496717149
-84.0573260284
-84.0538575591
-84.166010739
-83.9402461859
-83.7276916056
-84.3606837148
-84.2578526184
-84.6998988989
-84.040762696
-83.9476647048
-84.0351794508
-84.0142562385
-83.9578293777
-84.4405438554
-84.1965914851
-84.3492212476
-84.3244567029
-83.9555406839
-84.2759871789
-83.8764133059
-84.1419878956
-83.7868876149
-84.1007749886
-84.0995239408
-83.7042201057
-83.9449059437
-84.1753242584
-84.0218180748
-84.2836546967
-84.1850883201
-57.8686569322
-84.1957102214
-84.2177563916
-83.9727718696
-84.1457529771
-84.0598097509
-84.3170310319
-84.1020902101
-83.6560265416
-84.0285575557
-84.3777693958
-83.9123277174
-84.0977225786
-83.8920506838
-84.2152709413
-84.0607249619
-84.0008512251
-83.8776164193
-84.1187849936
-83.9871465129
-83.6797672251
-84.1159506739
-84.0117349259
-84.1451071242
-84.1959760216
-83.6419123325
-83.9900228496
-83.3483030252
-83.6102902536
-84.3726393036
-84.2680509552
-53.846109641
-83.8247147242
-83.6225766655
-84.4566725062
-84.1380495666
-84.295114721
-84.3652481275
-83.8691293327
-84.1633003204
-84.2446870425
-84.1566183657
-84.2864197328
-84.2458703354
-84.0545967332
-84.090202814
-84.1460655722
-83.723819325
-83.9425267117
-84.1184146664
-83.7866492328
-84.0640680995
-83.9541973772
-83.8435194259
-84.2230335347
-84.0544276845
-83.7284596448
-83.5128509119
-84.3449965657
-83.6911603555
-83.9363382631
-83.6055897953
-54.8742910875
-84.6176102284
-84.062659039
-84.1369896612
-83.8077005342
-84.2853537087
-84.3169623442
-84.2757390613
-83.9993871453
-83.9743282494
-83.8925846568
-84.3841469013
-84.1125405027
-84.0413518428
-83.6375746257
-84.2662408445
-83.7777712067
-84.0494154759
-83.6388080254
-84.3091846814
-83.8116470138
-83.9404323321
-84.4158791838
-84.198090195
-83.9857190045
-84.2311806417
-84.2671184148
-83.4274667894
-84.2237857878
-84.1867152163
-84.0752895381
-58.0112787385
-83.9709258544
-83.8688101044
-84.2796644223
-84.2694482114
-83.9696449392
-84.2805994807
-84.5386971401
-83.8427870319
-83.8447177596
-83.8185738881
-84.1057219865
-84.3289100554
-84.0310424444
-84.4859527524
-83.8017940604
-84.1062196854
-83.8681441694
-84.3130841389
-83.5773953063
-83.7038834936
-83.2239448409
-83.9470927922
-83.9912281881
-84.0877749393
-84.0187287929
-83.9819671962
-83.8530763376
-84.1013976359
-84.268263891
-84.339945581
-59.5483187855
-84.1433445382
-84.1352791023
-83.9110814525
-84.3072273686
-83.8559834518
-84.0429805698
-84.2627015062
-84.2722864711
-83.6226719517
-83.9411195024
-84.0131591022
-84.1649784193
-84.5512807603
-84.2363004794
-84.1635101974
-84.0856509718
-84.1027558835
-84.1431457914
-83.9286812945
-84.0150661597
-84.4243556473
-84.0159686337
-83.7112208443
-84.1094402432
-84.079985849
-83.9906138111
-84.0782878068
-84.0369225003
-84.3446848426
-84.2687480465
-84.3968475061
-82.4080191561
-84.0003603426
-83.6330726592
-84.0477168213
-84.1669483971
-83.6464368731
-84.0878511455
-83.9002586341
-83.6537531633
-84.4211672456
-84.5567476247
-83.9251364653
-83.9574740038
-83.9434925099
-84.2047347711
-83.4877755846
-84.0450796025
-84.1599457175
-84.2202238544
-84.1171825749
-83.8944905629
-83.9327802462
-84.1601049052
-84.2713430894
-84.354780743
-84.0190440688
-83.7105764205
-83.8193297343
-83.5009959887
-84.266793927
-84.2701455585
-78.719697846
-84.1820900274
-84.5807117249
-84.0836266824
-84.130770936
-83.8489053533
-84.1073923881
-84.0175639366
-84.2409832323
-84.519378186
-84.1569590679
-83.7353710747
-83.9899976989
-84.1512090579
-84.1035718364
-84.0282550427
-83.966060846
-84.1756310047
-83.9314695701
-83.4686986868
-83.9290775313
-83.8872262645
-84.2581472545
-84.1760634425
-84.0243246279
-84.0848576408
-84.2691896583
-84.269945345
-83.8070693632
-84.0794243224
-83.9832790086
-61.8841964517
-84.1382842942
-83.4561237201
-84.0671553297
-84.2920262453
-84.1166296215
-83.9446591941
-83.7062322543
-84.261284745
-83.9685478986
-84.1302059101
-84.0773312536
-84.1904600023
-83.9584678642
-84.0570068724
-83.9360965371
-83.809504397
-83.7915817372
-83.7803941253
-83.8902761819
-83.8698386603
-84.185862833
-84.1993481258
-84.2511552761
-84.0373991262
-84.393020187
-83.9099707409
-84.3913533299
-84.136416153
-84.2540559129
-83.7823300314
-61.0674911466
-84.3615798762
-83.9115911998
-84.0238249145
-83.7092394019
-84.0218855618
-84.0476436934
-84.0446094804
-84.2660445505
-83.7378104804
-83.8324857166
-84.0904404793
-84.3873373007
-83.8473869313
-84.3101880957
-83.9192914879
-84.0259688174
-84.1245688925
-83.9169003784
-83.9280460938
-83.5013758802
-84.373936813
-84.1155730759
-84.4704099273
-84.3239975502
-83.3730568959
-83.7460017298
-84.0372706039
-83.6810553968
-84.2248583147
-83.9686697115
-57.095383712
-84.4941227116
-83.992720773
-83.977594843
-84.3454002959
-84.1020799825
-84.1363244104
-84.3026063682
-83.9270517276
-83.7008825322
-84.3273127747
-84.2768068485
-83.9198850921
-83.9905089534
-83.9124689923
-84.3336922581
-84.151279539
-83.8333850648
-83.8238865726
-84.4043090147
-84.3905610327
-83.8294673031
-84.0129319091
-83.7845010036
-84.0470881875
-83.9402479948
-84.0823385358
-84.2495778684
-84.0654704451
-84.0399610224
-84.0046066756
-58.1631951834
-83.5547280775
-84.0771868011
-84.0246557209
-84.1010179472
-83.7844074111
-83.9900317993
-84.5043429135
-84.0019587317
-84.3378400962
-84.1641321491
-83.9146727761
-83.6361610554
-83.4522946767
-84.0926999308
-84.1619603501
-84.4739454137
-83.8752211092
-83.9295902569
-83.387488566
-84.0980372761
-84.236077825
-83.833078063
-83.923458458
-83.7624498633
-84.264823811
-84.6383175364
-84.2063614674
-83.9203294706
-83.8350008629
-84.0119259163
-63.875860831
-84.1253996438
-84.3272381397
-83.9471256015
-84.194053722
-83.7959408781
-83.6509500897
-84.3004226808
-84.447055232
-84.2066879867
-83.8597486912
-84.1553802129
-84.1340471688
-84.0582181102
-84.044337611
-84.0458087375
-83.9002545502
-83.6331426956
-83.8183484698
-83.9566840865
-84.0159740759
-84.3526110245
-84.2310726677
-83.9038625174
-83.9358124969
-84.0661481372
-83.7917718854
-84.1539330956
-84.6435439148
-83.8384436141
-83.9954056339
-84.2142611754
-83.9033482088
-84.0068021523
-84.082259642
-84.0259106674
-84.3982687743
-84.3935044196
-84.2985050922
-83.466756605
-83.5681011476
-83.7642123737
-84.1094483018
-84.424354669
-83.8852365657
-84.0138912554
-84.1918236525
-83.95664164
-84.1870194326
-83.9898896632
-83.7256931735
-83.7857474588
-84.2896696215
-83.8654177503
-83.9688678561
-83.7761007713
-83.6756674177
-83.8446877993
-83.6879187664
-84.2245674433
-84.0790942897
-83.7839471692
-84.3868369902
-84.1731218252
-83.8932870837
-83.6948179171
-84.2816762712
-84.1219122352
-83.7677244828
-83.8333948698
-83.9861055827
-84.2644872714
-84.177404839
-84.0022543484
-83.7578812055
-83.5400753785
-84.2138981269
-83.6608054371
-83.8690081915
-84.1372934168
-83.9653619217
-83.3593628768
-83.7140061808
-83.8526212442
-84.0564761918
-84.0986730115
-83.8963606377
-84.3233136608
-83.9411620902
-84.464712951
-84.3950689022
-84.1174864944
-83.523874995
-84.2684615854
-80.2996094915
-83.8065265684
-84.3232106919
-83.9597890516
-83.7921972254
-84.37629563
-84.0365581521
-84.0443665012
-84.4337119082
-84.2460342184
-84.0632496581
-83.9125166709
-83.9391372514
-84.0799239277
-84.3759937214
-83.9834645162
-83.8179294617
-84.3369427022
-83.9017778519
-83.9705078392
-84.1857431248
-83.9727716426
-83.5841756735
-84.4313011789
-83.7506496872
-84.3936695135
-84.1386697991
-84.0048663361
-83.5634811453
-83.9533065595
-83.621277479
-55.5331360695
-84.1912095619
-84.2907272076
-84.1322118975
-83.4580626058
-84.2095154902
-83.7701614175
-84.0595227897
-84.699209112
-84.0456404511
-84.3282777502
-83.948694881
-84.3223072863
-84.353014631
-83.96407495
-84.34042926
-84.1754274892
-84.1332071759
-83.7750906628
-83.9062338252
-84.269752785
-84.2941357589
-84.0074450035
-84.0860110984
-84.1235209409
-84.585948394
-83.7348883424
-84.1471380334
-83.9376788538
-84.1657060306
-84.1381325936
-53.1563128763
-84.0445156629
-84.4292621751
-84.380185698
-84.2733722773
-84.1784420389
-84.1335088374
-83.9926597738
-83.7633668853
-84.0511451211
-84.0057733778
-83.9389569606
-83.5985267965
-84.1751644056
-84.0334667838
-84.1866620676
-84.127122759
-84.1562986521
-84.3895649675
-84.1707059723
-83.9363302412
-84.3063239389
-84.3246567774
-83.7947878614
-83.6898665423
-84.035814282
-84.225801841
-84.0293868303
-84.0966423444
-84.0424894373
-83.8804744587
-56.0903156818
-83.8965805368
-84.0887035004
-83.9643144786
-84.3584258966
-84.163863091
-83.9771925236
-84.2944630516
-83.5494352574
-83.900094767
-84.2179323532
-84.3147348432
-84.0217107968
-84.143584318
-83.9369006918
-84.2235031725
-84.3653995648
-83.6832580548
-83.3447115403
-84.2011365434
-83.6821576685
-84.569883872
-84.1208853794
-83.8322867349
-84.128478233
-84.2576543988
-83.9533484106
-84.1250840298
-84.1105166422
-84.0890599147
-83.8221715356
-54.8844219001
-84.1589818177
-84.0912446073
-83.7957305846
-83.9480664828
-84.0008291696
-84.0363759709
-83.5097998401
-83.9316132289
-84.1321832569
-83.9066989945
-84.00386965
-84.1341598973
-84.1039272412
-84.0095405401
-84.2084503123
-84.2356817577
-84.1107918879
-84.3261902979
-84.0499752327
-83.9034166492
-83.9215973773
-84.1027047013
-83.5256450906
-84.3452698121
-84.3265427846
-84.0256464529
-83.7359952731
-84.13615413
-83.7370234158
-83.6638144228
-79.3758364391
-83.7628634187
-83.8863662326
-83.663882497
-84.0700161267
-83.9301340703
-84.339857136
-84.2355084143
-84.5021075006
-83.6677927523
-83.8891028688
-83.8775531947
-84.3941507304
-84.1577986268
-84.5507731793
-84.065997084
-83.6969954274
-83.6553516049
-84.1155182732
-84.0195541219
-83.8847134539
-83.7046631144
-84.5908775687
-84.365615589
-84.0102336786
-84.2777703552
-84.2108781664
-84.4486427245
-83.8690146634
-83.5673450242
-84.1441073223
-83.6360169537
-82.7515696148
-84.0563773896
-83.9002765326
-83.9801222923
-83.9731080401
-84.4241981629
-83.9251773884
-83.7656950891
-83.3855541637
-83.9205310738
-84.2505961654
-83.7693020473
-83.7414489516
-84.3620165011
-84.0592652525
-83.9734752265
-83.8744910722
-84.0066647125
-83.8516909009
-84.1681188856
-84.0815855285
-84.3099489873
-83.9230503458
-84.3964154233
-84.1368962248
-84.3271116676
-84.2583778802
-84.2040834106
-84.1606347527
-84.1817284183
-84.3270303382
-72.1706842944
-84.0355797912
-84.1132051153
-84.0032870861
-84.1044491455
-83.9666914545
-84.0257343443
-83.7982298088
-83.9695699738
-84.0339196475
-84.002297495
-84.0642281957
-84.1642392322
-84.0969552662
-84.2387957781
-84.2582153324
-84.17048651
-83.4988627131
-84.1674792742
-84.0054048426
-83.8684306875
-84.2529984792
-84.0137949371
-84.0371873835
-83.9402535615
-84.1407818074
-83.8575607161
-84.2649513214
-84.1666014834
-84.2274431413
-84.0312985096
-57.2320311221
-83.5821951643
-83.6392462961
-83.9779653235
-83.7684108793
-83.7472628765
-84.366432389
-83.8373101771
-84.5240935904
-83.9847759355
-84.1829312851
-84.2230063025
-84.0971861178
-84.0021677209
-83.8950651119
-84.0336786695
-83.7841779769
-84.1154536319
-83.997938129
-84.0485214392
-84.2182208802
-84.2279330966
-84.3121991511
-83.9702341564
-83.9216587379
-83.8648456061
-84.1755546491
-83.9384667594
-84.1142815311
-84.342715304
-83.678125155
-52.796953882
-83.960478331
-84.0449845503
-84.0626613621
-84.2297229727
-83.7095717877
-83.9796261613
-83.9112967659
-84.1657467951
-84.2461037287
-84.2868857874
-84.3641380443
-84.1136947821
-84.2400467637
-83.868216149
-83.9465617027
-83.894576413
-84.264095085
-84.0974715338
-84.188548498
-83.7256767694
-84.0850928975
-84.0036445862
-84.3969632901
-84.2511975697
-84.2736977913
-83.8892352874
-84.039283151
-83.6828657473
-84.0259075444
-83.8734722084
-53.5528192024
-84.1624136303
-84.1381442332
-84.0574916281
-83.8722586752
-83.7741655112
-84.5680900212
-83.779661781
-84.5007784633
-84.0699333027
-83.7132650412
-83.7678301999
-83.836295396
-84.2006958634
-84.1686110681
-84.4375175109
-83.5377363924
-84.1632963378
-84.750940925
-84.1538167104
-84.0677400905
-84.1774032486
-83.8695596133
-84.1185915556
-84.60553021
-84.3408673517
-84.3275237214
-84.2764823601
-83.9236008415
-84.3619560046
-83.9383221766
-57.8752077428
-83.9548896051
-84.1746392872
-83.9934932679
-83.5411184886
-84.1316932291
-83.7658214641
-83.9301514239
-83.9253258583
-83.6637281815
-84.0320153389
-84.264525766
-83.9046917351
-84.2244641313
-83.308902375
-83.8881676484
-83.8198348608
-84.1650430423
-84.0672774185
-84.2720653896
-84.1855614016
-84.0788576241
-84.2291781792
-83.5759384273
-84.5266789491
-83.814785634
-84.0786213867
-83.8126859008
-83.7327886341
-83.6571610086
-84.3423665247
-58.9709876404
-83.9540661327
-84.1790001098
-84.1446846311
-83.9708540004
-84.0881203963
-84.0258793774
-83.6211762233
-84.3928522537
-84.170261589
-83.4204390418
-83.7345334201
-83.5888957235
-84.0424750796
-83.893648524
-83.8310044146
-84.1587726095
-84.0918749633
-83.7506303524
-83.9449779016
-83.9377331592
-84.3482037337
-83.9132766862
-83.5419617662
-84.0638368431
-83.6444606321
-84.2272825147
-84.3337971603
-84.2290211022
-84.2936807282
-84.0890381633
-84.1233991958
-80.4833799617
-83.9234560235
-84.0427507036
-84.0461302451
-84.1408649318
-83.6687901484
-84.0342583176
-83.9273327828
-83.7671090771
-84.178528029
-83.840071372
-84.0556208689
-83.7659752299
-83.9555362433
-83.6111611555
-84.331238667
-84.435887663
-83.3927696746
-83.6867391109
-83.7750566503
-83.9349955494
-84.2559919646
-83.9927126985
-83.9497151369
-84.13391514
-84.1046293303
-83.7065935561
-84.3282450458
-83.8755125205
-83.9616930854
-84.1692709263
-70.3296926317
-83.9804920865
-84.103237926
-84.1811589734
-84.1521528027
-84.3130650527
-83.9819385664
-84.1035472672
-83.6890992765
-83.9338210958
-84.2607856956
-84.2098912182
-84.4059326067
-83.8866849446
-84.170529273
-83.9073315961
-84.0412008736
-83.807134495
-84.1022407033
-84.2327448113
-84.6206899168
-84.2161540979
-84.2292293356
-83.9144997923
-83.7041779927
-84.0968750198
-83.9555537907
-83.9640204833
-84.2391718593
-83.7232584103
-84.2375677603
-56.009052801
-84.0776393085
-83.9495182029
-84.1265756064
-84.1547785165
-84.1062294607
-84.3208681452
-84.4272916044
-83.84872898
-83.9708289676
-83.824318948
-83.8551466706
-84.3513890935
-84.1651099753
-84.1710187955
-84.3169425754
-83.6766381544
-84.6327113415
-84.0593405384
-51.8051893771
-84.2860723221
-83.8685370934
-83.4781695523
-84.2961170978
-83.8873077675
-83.8750069388
-84.050085073
-84.3119836455
-84.1885312969
-84.0220145253
-84.347919475
-83.317315526
-84.1724849611
-83.9800918929
-84.1141741187
-83.8045506609
-84.1333910217
-83.833109131
-84.1630417885
-84.0633109017
-84.2608511372
-84.2588873981
-84.4365977917
-84.1054563399
-84.1283281809
-84.0456045297
-83.9844960994
-84.2263183388
-84.4465351019
-83.7063495304
-50.9420140479
-84.0774692578
-84.218557319
-84.2474511056
-83.8577351464
-83.9046054924
-84.0385870438
-83.9524612496
-83.8241183189
-84.1270389527
-83.7461551051
-84.4791134939
-83.8914407351
-84.1422987977
-84.2714064937
-83.8396624762
-83.8608071018
-83.8531736678
-84.3827881616
-84.3180778737
-84.0955475131
-83.344301899
-83.7380720545
-84.146628115
-84.0931689998
-84.0109640598
-84.2552436387
-84.294870541
-84.0259290791
-83.9088484727
-84.3258928816
-59.4664699097
-83.9888528781
-83.7362447343
-84.2009096383
-84.0910023365
-84.1292798919
-84.0825913038
-84.2165555276
-83.729967577
-84.3128539201
-84.0309538525
-83.9162517959
-83.7514630948
-83.8315221157
-84.3225062897
-83.8352516155
-83.9306305726
-84.3757084028
-84.2294785533
-83.931537619
-84.3502512141
-84.2627834447
-83.4938202167
-84.0332946032
-84.2890127194
-83.9779668632
-84.1147807804
-84.3316249802
-83.6328271652
-83.7535019449
-84.3879003589
-64.4401072807
-83.7984076375
-84.325009507
-84.0886410119
-84.3290368513
-84.1961631305
-83.9365066434
-84.0898054059
-84.1957863213
-84.1129922404
-84.2178492351
-83.9864683808
-84.4821336356
-83.8531544505
-84.1749177421
-83.9782604005
-83.9689604659
-84.0587546345
-84.1394930742
-84.1910604701
-83.7051233375
-84.0807898546
-84.0515373342
-83.875404735
-83.7942267959
-83.5851517475
-83.936853991
-83.7867172694
-84.1087788765
-84.2837112538
-84.146721527
-83.5203477034
-73.3386018506
-84.0739962275
-84.041458659
-84.1019339872
-84.2182814189
-84.1476421556
-83.7072644015
-84.289853703
-83.9508331531
-84.26702486
-83.8495263529
-83.8824850273
-84.0152180105
-83.8387450384
-83.9944930546
-84.1933293169
-84.055843518
-83.9456432824
-84.3770198021
-83.9627191334
-84.0271960924
-83.7995716121
-83.7297341025
-84.1130219617
-84.1473034773
-84.2905211689
-83.8006074688
-83.9146412156
-84.1290687585
-84.0597274058
-84.2690229145
-65.7223537647
-84.2044324501
-83.5422371773
-84.17477562
-83.8432659309
-83.4893499285
-84.2104673172
-83.8636315378
-84.0043057223
-84.407702433
-83.5568684914
-83.7991851882
-84.2844069329
-84.0538278442
-84.2701688504
-83.9562826613
-83.961666368
-84.0250508514
-83.7572903646
-84.2319410509
-84.1287610493
-84.0671571504
-83.3228185426
-83.6934948742
-83.9640635932
-84.3138515274
-84.4006736407
-84.0170851095
-83.7709660741
-84.1459457681
-84.1610467983
-60.0628702973
-84.2508876544
-83.7512318642
-84.3222190684
-84.0964072295
-83.4863409101
-84.0483620217
-84.0525429246
-84.2731822444
-83.95004969
-84.2503643381
-84.4045712024
-84.011092142
-83.6611107272
-84.0437504948
-83.8994814339
-84.2333451062
-83.4089002072
-83.7739880191
-83.9603053235
-84.4153765312
-83.6917078333
-84.0957246743
-84.0970198774
-84.017081499
-83.84727949
-84.0734758618
-84.2568209699
-83.6113532551
-83.9959184087
-83.9523403012
-54.5533244512
-84.1499118485
-84.0078650945
-84.288356072
-84.2100047995
-83.9554886243
-84.3146635935
-83.7208002773
-83.9804149213
-83.3954549028
-84.1685781028
-83.9497421154
-83.785802817
-84.0387487759
-83.8669252737
-84.1196178967
-83.8296976107
-83.8803452382
-83.5501970053
-84.105951138
-84.13186728
-84.4282618854
-83.8982847926
-83.9655202649
-84.4163101015
-84.0732736302
-83.9269500609
-84.3363472512
-83.9299199483
-83.8678829688
-83.9674383621
-56.221293089
-84.042033222
-84.2785224947
-83.6581493839
-84.6634892371
-84.1678373333
-84.0225616908
-84.14732356
-83.9661361696
-83.6208360341
-84.0649815811
-84.1174607257
-83.6693494392
-84.4243211506
-84.3733150318
-83.5576562189
-83.9319038475
-83.6707031948
-84.3409966764
-84.2913601901
-84.0042835738
-83.582126758
-84.272576244
-84.2650104038
-84.1690143981
-83.6170112858
-83.9340498667
-84.3092457804
-84.4233912687
-83.7714392946
-84.2234382928
-66.1423440442
-83.950050114
-84.183247818
-83.8574587873
-83.8920339726
-84.1195058048
-84.0298510599
-84.0905454125
-84.3312808953
-84.318995971
-83.9120300995
-84.1691035284
-83.5798228682
-84.015434306
-83.9366943865
-84.0248794517
-83.9561151228
-83.6756917092
-83.8431729176
-83.6840938001
-83.9599671167
-84.3222848005
-83.8195257147
-84.0075675325
-83.7858737549
-84.2746233518
-84.5472402532
-83.9748006412
-83.5989081735
-83.6040129414
-84.1067417954
-68.005378566
-84.5541906177
-83.8230965072
-84.2135537675
-83.8984364929
-83.8172424358
-83.8305791499
-83.7628530245
-83.7532333244
-83.9171536564
-83.6924763786
-84.0261305858
-84.2127088162
-83.7796196203
-84.3989599446
-84.3797375759
-83.8569716865
-84.2352260391
-84.2952396604
-84.050625058
-84.0268899781
-83.8437489389
-84.1872235061
-84.0918032162
-84.0977007765
-84.3712645844
-83.4621869145
-83.7690397809
-84.0432657477
-84.3352888474
-84.1468845041
-79.9793169987
-84.0762110743
-84.3702870623
-84.4075881732
-84.3070768514
-84.0888641734
-83.9776997605
-84.0592151611
-84.3373513705
-84.1563558583
-83.9156225325
-83.7505505977
-84.0027562701
-83.7110272018
-84.2376897008
-84.0688076287
-83.58238925
-83.840041765
-84.2341675512
-84.2660324829
-84.1198390182
-83.7708760615
-84.2939123631
-83.9314501142
-84.2349064226
-83.8855344679
-83.4533040656
-83.8698044902
-83.9085148252
-84.0403497605
-83.497979664
-83.5789341763
-63.2854004727
-84.2216874031
-84.1031298642
-83.9864347939
-83.9499736241
-83.758529419
-84.0405515794
-84.0950969195
-84.3073188056
-83.5577319349
-83.90963897
-84.113261246
-83.4271441119
-84.1186582445
-83.5820455478
-83.9361341421
-83.8592804439
-83.8231022558
-84.2249911539
-84.0940932762
-83.8727654029
-83.8702119248
-84.294751081
-83.9998087766
-83.3962690476
-83.7015240459
-84.1232698529
-83.972481631
-84.0704744465
-83.8746592227
-83.849003426
-60.5796129115
-83.5294005446
-84.2438736972
-83.8976185811
-84.2727069932
-84.3287466302
-83.8386354895
-84.0168166582
-83.7729592051
-84.1070197118
-84.0762398586
-83.7037133622
-83.9385511673
-84.2490132531
-83.8461576166
-84.1544040511
-83.9347062538
-83.6789763759
-84.5124345886
-84.1855354932
-84.4370947066
-84.0672941809
-83.9274901104
-84.2776675609
-84.1783929762
-84.0053409569
-84.160702495
-84.0998004919
-83.5945877088
-83.6321454138
-84.1649064853
-55.237801894
-83.7880050143
-83.955029774
-83.8909393816
-84.3358786863
-84.0167215637
-84.0057026086
-83.9371618749
-83.4206043517
-84.1190156458
-83.8659433738
-83.5437974659
-84.0791703585
-84.1548515656
-84.315972625
-84.0981662905
-84.4397855504
-84.3305569366
-83.8838139952
-84.0606093314
-84.2279460333
-84.1789494506
-84.1182980444
-84.2593018624
-83.9660714662
-83.827767875
-84.1483823805
-84.2409890847
-83.6949966349
-84.0403303217
-84.1862949834
-54.7600164188
-84.1403818471
-83.9278366723
-83.9270843057
-83.8261456104
-84.0632069879
-84.218667108
-84.0455617874
-83.4659739546
-84.0622150016
-84.2330508987
-84.3069225871
-83.9567821285
-84.2146591929
-84.2974722091
-83.8701519746
-84.0782252368
-84.3669734881
-83.9130288989
-83.7046421779
-83.9377526999
-83.9942355436
-84.1393518976
-84.001310998
-84.2529835782
-84.385292809
-84.2547046468
-84.0924078187
-84.2976695501
-83.6602825956
-84.4105250193
-57.5351883097
-84.04822561
-84.3346537251
-84.1234373009
-84.027820673
-84.0291940369
-83.8466876333
-83.8036817835
-84.2599972564
-84.0191238778
-83.9851744526
-84.0795843365
-84.0410270911
-84.3534395352
-84.0425591162
-84.0837302466
-83.9271420762
-84.0125271383
-84.154460954
-84.0234318691
-83.775044062
-83.7573462893
-83.8269186695
-83.9307632942
-83.8935793314
-83.9975850325
-84.1591822383
-84.081176099
-83.993192302
-83.7867065695
-83.9000297267
-76.6113257551
-84.1574696417
-84.2372851889
-83.9522412664
-83.9338493867
-84.0008448599
-84.1955650576
-84.105799468
-84.2795343426
-84.2318903883
-84.0313400734
-84.0764355927
-83.9871311963
-83.9748681935
-84.6442207514
-84.1607368117
-83.6232695152
-84.157677906
-83.9862882831
-84.2344390857
-84.1372433423
-83.5901607721
-84.1278286743
-83.8790062014
-84.4281459961
-84.1758701906
-84.2662612271
-83.8149303194
-84.0374065525
-83.7856975359
-83.7822659672
-80.7035875676
-83.9223168019
-84.0002821687
-84.0801854857
-83.6989748059
-84.1238708781
-84.0582947279
-84.2864770443
-83.8065424034
-84.2285154459
-83.9250388342
-84.3987105777
-83.9678321059
-83.9832686783
-83.8782496764
-84.1691843786
-83.8560043406
-84.4836837204
-83.5804565815
-84.3299674918
-83.9848816268
-84.0137340806
-83.8396769469
-83.8409991067
-83.9598046162
-84.0713821992
-84.133854854
-83.8153761401
-83.75931582
-83.2413865266
-84.0346666694
-84.209763974
-62.8599564334
-84.2091450938
-84.1909127951
-83.870119068
-83.8829909641
-83.6447143679
-83.9989592408
-84.3948886997
-84.0705919846
-83.6809995901
-84.3174523947
-84.2966929847
-84.1516828992
-84.26516412
-83.8605691071
-84.2632934323
-84.0397740391
-83.9540431596
-84.0877277329
-84.0678517524
-84.1271785177
-83.8809165567
-84.0151902676
-84.1797819841
-84.0002952071
-84.2515149384
-83.9354542421
-83.8314291071
-83.8776396392
-84.0128132079
-84.0137880082
-59.3481075704
-84.2044566999
-84.3348357232
-84.2616118694
-84.3751752863
-84.393389392
-84.0774504704
-84.2502640615
-83.7167462113
-83.6300227469
-83.7686340322
-84.2259757135
-84.1455488135
-84.1965961042
-84.1782116699
-84.1343485577
-83.5472254377
-83.6509399193
-83.9089891324
-84.0638995179
-84.4280946139
-84.1990436959
-83.9566749716
-83.7939363249
-84.2464033707
-84.1551260079
-83.9116604472
-84.1292324415
-84.0706207752
-83.9869063921
-84.0727209314
-56.1921387962
-84.117045821
-83.9815804873
-83.9073239355
-83.8917684825
-84.2394019145
-83.8657212562
-84.1107293543
-83.6759862139
-84.1235823796
-84.2868885651
-84.253684847
-84.169760374
-84.2427505894
-84.1389237859
-83.9525461717
-84.0739189521
-84.1973880044
-83.9705864329
-84.1545654611
-84.2916615474
-83.9579959405
-84.1260175799
-84.0429767288
-84.3735810256
-84.1414876082
-84.0548153465
-83.5799799606
-84.0881274376
-84.4900126674
-83.9155638012
-84.0210791708
-84.1411457882
-83.9787746916
-84.1177953256
-84.4633709732
-84.2712850962
-84.1095607962
-84.073789564
-84.1554310732
-84.3149171954
-84.5146503986
-84.2543655634
-84.0397077205
-84.0100378465
-83.7075062329
-84.211078736
-84.0178727433
-83.7975000578
-83.9104179244
-84.1418757256
-84.27841035
-83.7171250407
-83.4545850053
-84.2156123413
-83.8527005697
-84.0153420204
-84.1578803624
-84.1981292164
-83.7834060222
-84.0883556612
-84.1380680866
-83.9876832842
-84.295592196
-83.8224920862
-84.1419207903
-83.850818038
-84.2414565026
-83.9706077764
-84.0523288278
-83.9877808466
-83.9112479837
-84.0742551639
-83.8189936184
-84.1390665839
-83.6897306439
-84.0719860175
-84.0101573226
-83.9747567979
-84.0506889406
-84.1867517105
-84.4425346238
-83.2288016306
-83.8615075288
-84.2321639809
-84.0490249656
-84.1173486357
-84.3065930996
-84.0962279568
-84.0119594505
-83.4936181351
-84.0880030748
-83.8170300916
-83.4103564061
-84.0435228033
-84.046362998
-84.0218206323
-84.008026873
-83.6954052829
-84.3969132105
-84.0897151531
-84.1174729222
-83.9383535996
-83.7458548159
-84.0734694272
-83.8400470697
-83.8361377398
-83.9580200436
-83.7255337308
-84.5595805814
-83.8981117526
-84.009539293
-84.392412751
-84.1148855651
-84.4537729135
-84.1005615975
-84.2887940256
-83.8810530725
-83.8779897131
-84.1162577852
-84.2328461852
-84.3230706276
-84.3469783895
-84.1603515673
-84.0587015961
-84.1417623613
-84.0210769381
-84.3459021518
-84.136518511
-84.2998988796
-84.1779246989
-84.3255883036
-84.0624405701
-84.1997156236
-84.0819286939
-84.2147668546
-84.0948398292
-83.7742694775
-84.0721853937
-83.8594212596
-84.0265705578
-83.9375783541
-84.3466415235
-84.4770091217
-84.462999644
-83.8517517827
-84.5010524073
-84.0586376875
-84.1602807888
-84.4261937983
-84.0761141268
-84.0327123816
-84.1440013919
-84.164916145
-84.058923803
-83.8901483342
-83.8189443666
-83.706697669
-83.9629801057
-84.2600663775
-83.974175092
-84.1624131382
-83.8871420131
-83.6779120233
-83.6495242131
