-80.4358813977
-83.9742500297
-84.0459371422
-83.4742604723
-82.37160565
-83.5346231522
-83.9532297206
-83.6952014514
-83.7450657673
-84.1259071437
-83.6492092564
-83.3620076048
-83.8073372497
-83.9859187875
-84.0388902161
-82.9060046105
-83.4411297589
-84.3216841838
-84.238298021
-83.7603266461
-84.2963650013
-83.5899638868
-83.6065652179
-84.0584682322
-83.6416875161
-84.2975234916
-84.1475529533
-83.5429753952
-83.7503610416
-83.7161997212
-83.2781802682
-83.6087146927
-83.3210148346
-84.0126444998
-82.3961119761
-83.802927836
-84.2177444428
-83.8565262453
-83.704360706
-82.5978489582
-83.200950083
-84.0491152946
-83.4765743952
-84.2303663465
-83.1355427395
-84.2519012933
-84.7291556044
-83.6715122574
-83.1162758141
-84.0567323846
-84.0969706067
-83.7454523296
-82.7331895473
-83.670512855
-84.271597656
-84.0029807223
-83.1566687741
-83.8425254111
-83.3759509844
-83.9664101469
-83.6786588328
-83.9620130991
-83.7067598893
-84.1224685599
-83.4492069603
-83.5242858681
-84.075645566
-83.5705364758
-84.3233649033
-83.9468018416
-83.9135194237
-83.8739912581
-84.0887829291
-84.1950748972
-83.6407414868
-83.9940486195
-83.9373501203
-83.4520057313
-83.2873085105
-83.6950075204
-84.5503879612
-84.2211122522
-83.247676968
-84.1128022211
-83.6062179669
-83.8760330875
-83.7710456936
-84.4166897665
-83.3346801215
-83.4778094401
-83.9578482361
-83.2107244442
-84.6136078868
-84.0335067926
-83.8251780805
-83.6503669
-83.428645238
-82.4274765979
-83.3145257557
-84.3511786209
-84.2118237631
-83.5858001942
-82.5247594887
-83.7345164932
-84.4449384254
-83.6460268953
-83.9059582241
-83.32532435
-83.1922006324
-83.5281242655
-83.2227428409
-83.1655250172
-83.6704175108
-83.7082609843
-83.7820910632
-83.6985988861
-84.3696136907
-83.6296932618
-83.3887679335
-83.9709713165
-83.584738295
-84.1479301708
-83.8130889837
-83.852538232
-83.9011594275
-84.223238997
-83.4596922527
-84.3466025894
-83.9986253541
-83.9806711301
-83.6143471138
-84.3647802775
-83.1166997913
-84.1586104045
-83.2167353918
-84.5338350331
-83.7246471886
-84.622325445
-84.0196803243
-84.0135749943
-83.3494454439
-84.4555227925
-82.5206040019
-83.8931707321
-84.0220016566
-82.8085800723
-83.4993016187
-84.1452896211
-84.2308414985
-84.0196337486
-83.9806682138
-83.7732297723
-84.5699648658
-84.1483810385
-84.2852543149
-84.3344004712
-83.731698789
-83.8988474501
-83.3145597863
-84.5783187486
-83.2510689483
-84.1023371073
-83.9730662649
-83.9883555405
-84.5454527056
-82.62650906
-83.8710366831
-83.0389566199
-83.5716470612
-83.9027239464
-84.0297111422
-83.8684689333
-84.1237449409
-83.6592229645
-83.6943374655
-84.1921738647
-84.0759146329
-83.7216450315
-83.3884694652
-84.1156564809
-84.379901604
-83.3755445145
-84.0216151778
-83.9456924419
-83.8223831657
-83.8413480747
-83.3600005645
-83.5455173574
-83.3992356832
-84.3038075248
-83.7228166389
-84.2882699312
-83.4473853244
-83.8739987477
-83.3572799768
-83.7976469004
-83.5821984158
-83.750463582
-83.9372822509
-83.5766824603
-83.142915288
-83.8912743815
-82.8727752514
-84.3846705319
-84.2626226824
-83.9331894152
-84.020529313
-83.6958847333
-83.0505758978
-83.965099785
-82.9288442851
-83.6756768054
-83.1430370005
-83.132876038
-83.8846573306
-84.1804465751
-83.6562716448
-83.9691217671
-84.4327965035
-83.4850529726
-83.7654516442
-83.7472322054
-84.2490426579
-84.0550048348
-83.9195094611
-83.8869181705
-83.5001797857
-82.9038845742
-84.1996242728
-84.0660782378
-84.0324757895
-82.9606104676
-84.4072443853
-83.8072432171
-82.9641777225
-84.0078070483
-82.3876089474
-83.8307340784
-84.5897257545
-83.9854938688
-84.7721740885
-84.2192021688
-83.7844140929
-83.6654661551
-83.6911475063
-83.0898373321
-83.4572715824
-83.5195045908
-83.7764737868
-84.2038620715
-82.8849720321
-84.0123357174
-83.6665577829
-83.3256532254
-83.5564603939
-83.4942504077
-83.5203245903
-83.7457581788
-83.3897115218
-83.6714011943
-83.9374129252
-83.4723663614
-83.9839699364
-84.205284577
-83.7776884536
-84.1769026092
-83.784517275
-83.2093982308
-83.8300067543
-83.8444330813
-84.1349066081
-83.3338012729
-84.0960992836
-83.7813039731
-84.0339176925
-84.4716258685
-83.319945476
-83.5520768662
-84.1840572435
-83.9054905081
-83.6626621242
-84.5430457114
-83.5852836811
-83.8952515049
-83.4012754736
-83.7702361381
-83.0206470864
-83.9837242713
-84.4504455021
-83.738374681
-83.6626384154
-83.0610780719
-83.6273466821
-82.4140482202
-84.3084181693
-84.3370661406
-83.8749745474
-83.7327011197
-84.0124650445
-84.1377816393
-83.8162841491
-82.8341281043
-83.2355022576
-84.2514306756
-84.0278234218
-82.6072124274
-83.6593283067
-83.6382793761
-84.3092601155
-82.9191872773
-83.5640426898
-83.1658841402
-83.0606855986
-83.6635122514
-83.1183192462
-84.4540814538
-84.1242180103
-82.6607757199
-84.0890529443
-83.8194739512
-84.7021737881
-83.6771756991
-84.0095663848
-84.2228880687
-83.0963794701
-84.1880620097
-84.0520661669
-82.9898596491
-84.3341402435
-84.4510414641
-83.579090542
-83.9744388455
-84.1639798654
-84.3022311742
-83.9921074907
-83.4303440598
-83.8222213418
-84.005733025
-83.5895726531
-83.6141009505
-83.8037423639
-84.0681705073
-83.6313093651
-83.096258717
-83.7322018686
-83.5996111654
-83.4756043416
-83.8291897193
-84.084097503
-84.1149160263
-83.1533749075
-82.7832724491
-84.3581308204
-83.8058489579
-84.1581045678
-84.2956176794
-83.8072330599
-84.0741248215
-83.7060277461
-83.8398185595
-83.7640733855
-84.2202876918
-83.5766330201
-82.696424118
-84.0057056461
-84.6203636909
-83.5382283688
-84.0718949711
-83.5757454393
-83.7100929914
-83.7176556715
-83.5449044342
-84.3145698435
-82.7539437657
-83.8216224938
-83.7357721655
-84.1665297662
-83.5633498374
-84.1761757146
-83.8614589387
-83.422984897
-84.0181671741
-83.6208546887
-83.7710070529
-84.3449699833
-83.7035659956
-82.0802815023
-84.0739966845
-83.9902565966
-84.0594076072
-83.6639382776
-84.2402260874
-83.5776932016
-84.1326984422
-83.94661017
-83.6476343575
-83.980535959
-83.4761997847
-83.6313106674
-83.3808443128
-84.3142144866
-83.2911632227
-83.6757365204
-83.5993470996
-83.9746921905
-84.5536728228
-83.8505976767
-84.1337632055
-83.3177989062
-83.8529168454
-84.6912206872
-84.2217299853
-84.4677412163
-83.558457625
-83.4820202198
-83.4533059254
-83.551216482
-84.3763190513
-84.1718621776
-84.0678717158
-83.5151348189
-84.4547228588
-83.8103406853
-82.8633703913
-83.9110841351
-83.625699708
-83.8506461793
-83.4027951488
-83.3947631369
-83.7129134629
-83.5015244144
-84.3667739272
-83.6768167094
-83.6023388988
-83.8391050694
-83.5562439066
-83.155033509
-83.3091552906
-84.2659234516
-83.5977499047
-83.9564922867
-83.4468191697
-83.863651073
-84.1506353145
-84.1004326828
-84.3593305591
-84.2963572424
-83.9370754962
-83.444076169
-83.9272134996
-83.651903299
-83.3246055853
-84.4452334811
-83.9154155966
-83.0055694454
-83.9235138093
-82.7657165619
-83.8497472277
-83.8105371316
-84.0880193717
-84.1423516023
-84.1670296586
-83.2263138258
-84.2745786294
-83.6649312312
-83.4180436487
-83.9538422997
-84.4489444717
-83.8037179798
-84.4923921079
-83.6886751515
-83.6783556847
-83.7624142257
-82.941284186
-83.4624342813
-83.7022423357
-83.5250676918
-84.0613871891
-83.1585039522
-83.6185790516
-83.5257484243
-84.065991212
-84.4465583459
-83.7655567932
-83.9376950785
-83.2842165385
-84.0838124697
-83.6273849095
-83.246459098
-83.9085266584
-83.5171417249
-83.8844757876
-83.7927219609
-83.6806733933
-83.0881378373
-83.7674980451
-83.2472738073
-83.7617540455
-83.33665687
-83.0897605537
-83.645661035
-83.3297281006
-83.4136789039
-83.4471576113
-84.2123277928
-83.5974905612
-83.7854551608
-84.3430643374
-84.0649180439
-83.7383258749
-83.3957821806
-83.4657545768
-84.3065474131
-83.6984260106
-83.3729312282
-83.1965004328
-83.6288813074
-83.4858078967
-83.6331998459
-83.726414275
-83.5821841672
-84.541129996
-83.3722237697
-83.6000839639
-82.6764282752
-83.9806692176
-84.2882986024
-84.238650274
-83.9872391038
-83.4455816622
-83.855191249
-83.7634769283
-83.2173265269
-83.8160163341
-83.3587296258
-84.2498825091
-84.2498673316
-84.4225082819
-83.5411090167
-84.3527486562
-82.388766931
-83.2627408845
-82.8295816995
-83.5884028108
-83.534894653
-83.2746626625
-82.6752467048
-84.1411855961
-84.2068428164
-84.1546226275
-83.6744707695
-83.9396794717
-84.1694954265
-83.607440028
-83.6480374106
-84.045139582
-83.5442000159
-82.8885492856
-83.531267849
-83.6472076424
-84.1258093037
-84.2376463014
-83.4689371293
-83.8038163604
-83.8763758349
-83.9651394115
-82.8720173324
-83.5032113123
-84.0599827918
-84.3950024353
-84.1387718068
-83.9739186942
-83.7613583003
-84.8360645493
-83.6832291754
-83.4861225502
-83.6674843029
-83.0271693671
-83.9852121276
-84.3392876344
-83.7901960363
-83.8312612867
-83.5535552302
-83.2168193063
-83.376355355
-84.8735991564
-83.8447695571
-84.3510373424
-84.3971562806
-83.9840914846
-83.8233965338
-83.6550475889
-83.5884593686
-83.7192976609
-83.1059568002
-84.2353480986
-83.9079229235
-83.1924595892
-83.5712887386
-83.4558357912
-84.5115425619
-83.4542643783
-84.0676254236
-83.7161845694
-83.9783668329
-83.6359806966
-83.4963359036
-83.0514782208
-83.8417356147
-84.1639436299
-84.1191767892
-83.9437781085
-83.7216618014
-83.6648005301
-83.6773656808
-83.6360985738
-83.7549545856
-84.3234356891
-84.0313349973
-84.2249197501
-83.5359972724
-83.7256858763
-84.4426675744
-83.8640750507
-83.4710009406
-84.0781727782
-84.065082563
-84.1861271271
-84.1669133709
-83.0970814276
-84.2735687277
-83.8128129853
-83.8336998249
-83.9260279654
-83.5289846162
-84.1034529611
-83.467671105
-83.4030898523
-84.133407337
-84.2684475767
-83.5965483272
-83.6843845375
-84.0860733375
-84.0452603297
-83.7854932002
-84.4911334332
-83.8325061016
-83.7825898161
-84.0143595649
-84.1702380139
-84.1053425309
-83.9122161079
-83.8587100478
-83.3209659527
-83.5183069614
-83.5741673573
-83.6988048111
-83.7439240761
-84.2818996659
-83.7753270596
-83.5370747705
-83.570158936
-84.2071748423
-83.8286294746
-83.8137796165
-83.64727493
-83.5907822418
-83.88592177
-83.71856794
-83.4542662896
-82.9216323076
-83.7286533125
-83.779658288
-84.1202350286
-84.0322717773
-83.2951621336
-83.5875824678
-84.2264455725
-83.9214090167
-83.5633887629
-83.73405283
-83.6324631608
-83.4405673611
-83.2828219582
-83.5696555981
-83.8822085315
-84.1924778075
-82.5301844939
-84.2009671497
-83.3546685026
-84.2428107602
-84.1788548073
-83.4151975401
-83.9431764493
-83.7761343697
-84.3348837304
-83.7841966372
-83.9171086414
-83.7790161185
-84.4449530198
-84.3170713566
-84.3322106069
-83.8803169511
-83.6219137565
-84.4344611008
-84.6331089595
-83.5345074276
-84.3385459717
-83.4449910846
-83.5815247775
-83.1996233125
-84.2630556187
-84.1530752713
-83.710914132
-83.8445185507
-84.5999263442
-84.0573789256
-83.5143263222
-83.7686160507
-84.0292736542
-82.929674628
-84.3066044625
-83.2739947987
-83.3893496134
-84.2099404241
-84.0624843488
-82.4897313886
-83.3261594946
-84.1509740252
-85.0984945495
-82.6048935995
-83.5553376997
-84.1109836315
-83.7843675176
-83.9035976374
-84.5601304814
-84.0907850805
-83.7046148874
-84.1192919897
-83.8645345278
-83.7306965324
-83.7534171304
-84.7101278437
-83.9525225332
-83.8385675917
-83.9804449197
-84.0916991542
-84.3523449296
-84.1715075256
-83.5494214548
-83.6990454144
-84.5960364386
-84.0865418271
-83.8085481186
-83.4424048121
-83.4669292529
-83.3560017481
-83.8286538537
-84.5941001407
-83.7918166097
-84.2466208247
-82.5994520506
-83.859933883
-83.4244354012
-83.1786396536
-84.4092054378
-83.7601013494
-83.8251622544
-82.9385321725
-83.5262377106
-83.5001842583
-83.5068748452
-82.9042220716
-84.2879552031
-83.6218934189
-83.8810913319
-83.0871300655
-83.3634615072
-83.5555902022
-83.5834394293
-84.2234781733
-84.3317391261
-84.0031744719
-83.3144561423
-83.7775088281
-83.8780489505
-84.1234346581
-84.331574978
-83.8723945091
-83.93935658
-83.6269792604
-84.0788332996
-83.7816488736
-83.8844637372
-84.2957102272
-82.2517098345
-83.7352256137
-83.8190597812
-83.9988896116
-84.118525178
-83.7418577574
-84.3836531229
-83.7412463968
-83.7189625046
-83.8701523578
-84.0364915274
-83.891604178
-83.7172779879
-83.8123831728
-83.415475537
-84.0296001613
-83.9832113115
-84.2138996579
-83.3347927894
-83.5536438544
-83.5514597891
-83.9696693554
-83.9963509496
-83.901708548
-84.0385049037
-84.511621063
-83.8982584781
-84.2394103213
-83.6901054018
-83.0450003852
-84.0094136589
-83.6835463958
-83.9394215284
-83.7261657959
-84.1184192416
-84.3981702011
-83.4551255364
-83.4806864678
-83.7850622162
-83.4712975772
-83.7248503114
-83.3173040826
-84.4715982893
-83.8870670987
-84.3284655203
-83.661002365
-83.5612621093
-83.3308421065
-83.8782222633
-84.4898596537
-83.2594355149
-83.412944492
-83.6154407667
-82.9489604099
-83.7623291815
-83.3928215832
-84.3186328448
-84.0007558055
-84.281550154
-83.5945710903
-84.2813284992
-83.6521612141
-84.0205912708
-83.7326160051
-83.5245063199
-84.1283596765
-83.2826840691
-83.4959416883
-83.7460681915
-83.4498884836
-83.7554834406
-83.8317005073
-84.25944442
-84.1918098569
-84.1767071362
-83.9739167414
-83.9823685859
-84.3560059159
-84.275591917
-84.2857985035
-83.6227481664
-83.9166803266
-83.0929554105
-83.372247997
-84.316400655
-83.6929902959
-84.2849930643
-83.9902066103
-83.8705990064
-84.113556944
-84.0884658855
-83.5460301635
-82.4992890076
-83.9980825968
-83.4745678287
-83.8461079439
-83.6054426062
-83.4175253418
-84.5015767859
-82.9594869677
-82.949132773
-84.4149160258
-83.0390692675
-84.0074341553
-84.3592478001
-82.1892472028
-83.6521348382
-82.0160181532
-83.9945731223
-83.7052802391
-84.3661176813
-84.4755692843
-83.6384768636
-84.0314364719
-83.6728086956
-83.711693212
-83.9413488633
-83.9447221049
-83.8405898336
-84.2035361187
-83.6903584223
-83.7679984832
-84.0423576237
-83.8659494542
-84.2856305691
-83.7824280447
-83.2488775806
-84.0126403742
-84.0769468139
-83.6884406179
-84.2752462929
-83.4950751547
-83.295778791
-84.2352938281
-83.9469900482
-83.9603282704
-83.9951208547
-84.4556000672
-83.5300599203
-83.6990825331
-83.4893122077
-84.0679546511
-83.7044930111
-83.1599686208
-83.2306393704
-83.5038684398
-83.3443580076
-83.7570525743
-83.6842109503
-83.6603846208
-83.6364471623
-83.7036659669
-83.725493915
-82.9844175948
-83.4612554317
-84.116289461
-83.3621472191
-83.8986725383
-84.1028100759
-82.877776903
-83.6940287769
-83.5060611682
-83.9544762474
-83.95095769
-83.8613305962
-84.2004695862
-84.0500688758
-83.2264840144
-83.9428715155
-84.0494644685
-84.1789332903
-83.7905025947
-84.3508853106
-84.0688989741
-84.0384560242
-83.7393988879
-83.9919083804
-84.732529227
-84.0377981795
-84.0749139448
-83.6542320519
-83.9689138687
-82.5613025045
-83.1793595428
-83.6240289021
-83.5911449817
-84.3119050789
-83.7951320998
-83.8380895634
-83.9367140387
-83.3894231765
-82.8556285532
-83.978117706
-84.3931380696
-83.9152096423
-83.864896511
-83.4955257722
-82.8156916508
-84.2299582045
-83.4631807068
-83.9665377871
-84.1303621836
-83.8874874421
-84.1739708607
-83.2081373679
-84.6825113723
-83.4882478877
-84.026181259
-83.6078053363
-83.8476404486
-83.5179958041
-83.3712581155
-83.4876257845
-83.9356359486
-84.4332419216
-84.2970505605
-84.1485781466
-84.1994122439
-84.2065170759
-83.6988251036
-83.216164152
-83.3152203083
-83.8510927668
-84.5761595712
-84.1055161956
-82.7149134354
-83.3324523777
-83.6551678753
-83.3686144893
-83.7405144032
-83.7274599907
-83.3117681121
-84.3201967495
-83.9116015759
-83.9753169375
-83.7864635314
-83.3024267839
-84.0417468136
-84.0570032382
-83.6515031095
-83.7980003277
-83.8059181174
-84.0309344106
-84.2018273617
-83.7577808705
-84.2921265861
-84.27459415
-84.1575893933
-83.7577122466
-83.5925412637
-83.4978460774
-83.6949079374
-84.5932490557
-84.541557014
-83.4698147483
-82.718595589
-84.1907047623
-83.4742380149
-83.8300900668
-84.165169437
-83.8570843077
-83.5667032933
-83.3976955221
-84.1209347599
-83.6104621261
-83.7090328763
-83.9296413466
-83.1937581369
-83.2535498236
-83.6163353429
-83.9546790359
-82.2782660154
-83.9149757384
-84.1283579366
-83.943704766
-83.6319914607
-83.7802640065
-83.8296843596
-83.3573018236
-83.4953717757
-83.9260007752
-83.5114387398
-83.7882327065
-83.6990413327
-83.7663895977
-83.0484046881
-83.573293783
-83.9918179627
-83.7058956055
-83.4853448929
-84.0415358148
-84.1849528098
-83.6889711975
-83.9959093973
-83.611084229
-84.1874328164
-84.2530097161
-83.3165220092
-83.8098846947
-83.9953261173
-83.4908534015
-83.3159870792
-83.8495632276
-82.9852629281
-83.5836888026
-83.3977696587
-83.7245620974
-83.5613774948
-83.7073658537
-83.8103430752
-84.2346977415
-84.2886069839
-83.8891670026
-84.3150455056
-84.4137286819
-83.7951756354
-83.4530523202
-83.0628579676
-84.0458505251
-83.1253296528
-83.5595638413
-84.3313519863
-84.4177104671
-84.1878199389
-84.0254336114
-83.5452923395
-82.7071326055
-83.5113687546
-83.9559025562
-83.8188551414
-84.4815232334
-84.378437592
-83.7822024577
-84.1785035527
-83.3417431895
-83.9939649231
-83.859794962
-83.0990152786
-82.843946016
-83.8885326715
-83.3354075649
-83.870709738
-83.6863337166
-83.9863035223
-83.9735543844
-83.9419786045
-82.8766634248
-83.7443360683
-83.6415617741
-83.541964715
-83.3453556431
-84.0815365242
-83.875963524
-84.3547368892
-83.9035770628
-84.1393886994
-83.444622053
-83.6154840485
-84.471031284
-84.2209909181
-83.652682035
-83.8006793568
-83.1983008496
-83.9232117135
-83.7736767601
-83.7604588375
-83.7144130228
-83.4839386029
-83.4822100175
-83.9002549489
-83.730801415
-83.2457757915
-84.029706806
-84.3709246007
-83.07777888
-83.906230779
-83.8951976845
-83.8988027487
-84.2015824734
-84.2182570813
-83.7229393018
-83.6247282723
-83.9570247358
-83.3623290234
-83.0761874388
-84.1974455036
-83.6930346062
-83.9709976004
-83.9087086802
-83.7988659147
-83.6606361144
-83.1518257041
-84.4203953212
-84.029781753
-82.6068883708
-83.6961870084
-83.6571841374
-83.8626158654
-83.6159219607
-84.0759630729
-84.1729573466
-83.9490719893
-83.7850899815
-83.8878037045
-84.1609459517
-83.800643602
-83.6231554604
-84.5675255986
-83.6167462255
-83.4513045782
-84.1709325861
-83.6165368088
-83.6652222615
-83.748918664
-82.9487100363
-83.4395241727
-84.3663594538
-84.0717700741
-83.8705353657
-84.1090500637
-84.1686392763
-83.9634381665
-83.8138958428
-83.6863493247
-84.2030412783
-84.0293741521
-83.554794036
-83.7172322968
-84.2669108245
-83.3794575903
-83.2507059081
-83.7234643546
-83.7649463287
-84.2556083159
-83.4197907602
-82.8856582958
-83.6378910988
-83.1666785075
-83.4424551746
-83.447345256
-84.1765054144
-84.079489307
-83.7515801551
-84.0100064829
-83.9326075304
-83.6065249651
-83.4114582517
-83.198205121
-84.21705693
-83.5643833974
-83.2116745964
-83.5744644896
-83.2016877279
-84.0715268355
-83.9701181935
-82.3182944619
-83.9535792046
-83.4982282838
-84.0381363009
-83.4687337401
-83.8843299375
-84.3980912352
-82.801591962
-84.016325967
-83.7038724546
-84.0954566884
-83.5828487855
-83.8570021583
-83.5300981081
-83.5722115597
-83.4434676166
-83.8471125291
-84.1862001634
-83.5536779869
-84.2154350266
-84.4829251264
-83.6194248301
-84.2004880741
-83.7683120155
-83.7417451252
-83.6160655118
-83.9104314652
-83.7669892455
-83.6489437046
-83.9963950118
-83.7477046772
-83.2734660097
-84.0647893775
-83.9829171276
-83.7400376467
-84.1148251401
-84.1953500704
-82.8341352537
-83.9421935291
-83.7801529407
-83.5703666329
-83.1230901865
-83.4795363441
-83.2740052369
-82.7773972701
-83.7901116629
-83.5289338609
-83.8629224005
-83.6861301681
-84.2782101383
-83.6447716327
-82.753828558
-83.4802152349
-84.2751461281
-83.3603298398
-83.8005948121
-83.9984513171
-83.2376868565
-84.1555217278
-82.9493046934
-83.138833079
-83.4236131033
-83.919580873
-84.0969954274
-84.3818952879
-83.6438735298
-83.6844882438
-83.3858176518
-83.8415847424
-83.8848303357
-84.1623593974
-83.6880949368
-83.2836210323
-83.6530200096
-85.0334958166
-83.8230869248
-83.6591942998
-82.6452578081
-82.9769445478
-82.7158100899
-84.3140830642
-83.4214519781
-84.2645547874
-83.5991044763
-83.9986863436
-82.6107155837
-83.1973014556
-83.3427656265
-83.4757395034
-83.1965645135
-84.0455613565
-83.4128725931
-84.0485283292
-83.4218548599
-83.1371414235
-84.41741764
-84.4294525971
-83.9665901786
-82.5887581071
-84.0388858456
-83.8257967989
-83.5997368917
-84.0070101834
-83.0496521128
-84.0080819802
-84.3738977296
-83.6061225778
-83.8712823119
-84.1461129477
-83.8499852498
-83.9915700072
-83.7960088218
-83.7508590562
-83.0691498358
-83.4963127171
-84.0027353964
-83.3660571383
-81.6566926874
-84.0865359235
-83.7887123152
-83.6822830995
-83.7522563914
-83.4025411001
-83.8620621822
-84.249694947
-83.9234885691
-83.9443442927
-83.7101994417
-83.7977637028
-83.9678784483
-83.9625389147
-83.9809828802
-83.9615980272
-83.2651438394
-83.6511540239
-84.0583912365
-83.8896965592
-84.0976237351
-83.1194437377
-83.1215294478
-83.4652811142
-84.0474091107
-83.1531393496
-83.8973831652
-84.2163985342
-83.6054691854
-84.03523685
-84.1588275612
-84.0841105636
-83.6761574208
-83.1982719508
-82.9205241848
-83.601037792
-83.5466241538
-82.9101108232
-84.2390123507
-84.2316559047
-83.5655927026
-84.2797854562
-83.8706232111
-84.1133300414
-84.086368296
-83.3118192384
-84.1048332176
-83.0929710207
-84.2719458681
-83.4656226306
-83.9920307218
-83.464073193
-83.4392672132
-83.7767870924
-84.2576624063
-84.5141150344
-82.5579425981
-83.9475449102
-83.6396633626
-83.9983386457
-83.9799290326
-83.4062764394
-83.061393092
-83.8795358948
-83.1089157707
-83.9511669541
-83.9526149234
-83.8065921473
-84.0637069482
-83.7417850976
-83.6392281454
-83.5935680564
-83.6372367529
-83.1832253724
-84.1584960652
-83.7775894634
-83.5808911863
-82.3215167313
-84.1979595726
-84.2112852811
-83.6661433455
-83.7081161739
-83.598690156
-83.4215128819
-84.3449261631
-84.1137534986
-83.8857552504
-83.0740466301
-84.1956269995
-83.8549933045
-84.0543090244
-84.1632777359
-83.7438280908
-84.2273245988
-82.9257328049
-84.0367876944
-83.5843626246
-83.5618360293
-83.7908955395
-83.7972319986
-83.4230525417
-83.6481632218
-84.1426725368
-83.6111288158
-83.6973529553
-83.3649684453
-82.9738921658
-83.8655264855
-83.3953496619
-84.0922792079
-84.1764873049
-83.6000777996
-83.5910757157
-83.42667711
-83.5012542163
-84.1810833791
-84.6801199941
-83.864166933
-83.7738251597
-84.4107340912
-84.2294519093
-83.6985620702
-83.3363361844
-83.0556136813
-83.60388444
-83.7397950887
-82.7528711663
-83.0827163739
-83.6175455961
-84.3930598042
-83.5404776237
-83.4874974053
-83.4902234222
-83.6292897333
-83.7766365369
-83.7232388808
-84.3352305984
-83.7056286227
-83.7834133467
-83.9635036231
-84.0132281102
-83.9110454498
-84.3374742274
-84.0576369234
-83.0535515521
-83.9503790342
-84.580701542
-83.7980875117
-83.5870628697
-83.9593336314
-83.2465003033
-83.3388004056
-83.275458209
-83.4250613331
-83.9233001596
-83.512456566
-83.7553772522
-83.4012742823
-84.1155820071
-83.6981324048
-83.9937452725
-83.3846455856
-84.3870801611
-82.2652879702
-83.9936994099
-83.9460723946
-84.4654179296
-84.4179648379
-83.9684806623
-83.6906445643
-83.5286173085
-83.4639475711
-84.0218465163
-83.8612604906
-83.4199258826
-84.1730311771
-83.6764029341
-83.7374926693
-83.9507822723
-83.3817579295
-83.2696739722
-82.9894015712
-83.4901863049
-84.1200843586
-83.7147788658
-83.7692526843
-83.6657186984
-84.0372893136
-83.7779363728
-83.7185648565
-84.5537802315
-83.4090818766
-84.0267899947
-82.6677587781
-83.069505861
-84.0428514963
-83.9824594918
-82.8999452945
-83.6118656261
-84.0852000111
-83.8817820027
-83.6230543435
-82.6253047388
-83.6165526044
-84.6820953224
-84.077406166
-84.8097335282
-83.5569917864
-83.9108500303
-84.2014769135
-83.7595594435
-84.0712499098
-83.2370284198
-84.402771818
-83.9426532724
-84.2756978255
-83.9228383524
-84.098605265
-83.6403861545
-84.4230119946
-83.5321780427
-83.4940816689
-84.1508689471
-83.7924058226
-84.4247241997
-84.1022545026
-83.320007956
-84.198848701
-84.1939156478
-83.7794728921
-84.8864231569
-83.9863042163
-84.1823383874
-83.6001784077
-83.5392706199
-83.6669790111
-83.877251521
-83.8672610611
-84.4216082758
-83.735290204
-83.6842782076
-84.1362066274
-84.59923358
-82.741709536
-83.1812471279
-82.6600971973
-84.0978245568
-82.3859198675
-84.3587520461
-83.8619073425
-83.3395803043
-83.9052685415
-84.0499969351
-83.4765113927
-83.6469571992
-83.7042141331
-83.0487933588
-84.1273691914
-83.8335202977
-83.5734116766
-83.5003793668
-84.0823559976
-83.9034241329
-83.9733261151
-83.7910726266
-83.368596791
-83.9541480208
-84.2446729367
-83.1781685338
-83.5032209736
-83.8353054107
-82.9937038667
-84.2965510582
-83.8146857153
-83.7911703493
-83.3049567378
-83.7516217873
-84.0553722966
-83.7955061222
-84.0237676023
-83.7657798899
-83.3441646041
-83.6545701741
-83.8554262436
-83.2155961627
-83.7401197183
-84.0499105548
-83.8809597697
-83.4289920387
-84.5303313372
-83.237453886
-83.4763490195
-84.1064331199
-83.5630098974
-83.9502063047
-83.78844843
-82.9737003954
-83.3683614184
-83.8535756104
-84.3194212197
-84.4539784409
-83.6485011906
-83.7140309932
-83.6532221646
-84.0953387052
-83.6185652583
-83.7629643033
-83.1558069005
-83.7580346667
-83.8839579814
-83.8773415017
-82.9598081111
-83.7201993238
-83.7053171973
-84.4132840713
-83.2698987373
-83.7811111335
-83.5401688467
-83.6536849598
-82.8662749018
-83.6539951693
-83.6625505884
-84.2178414756
-83.7889203215
-84.0304122252
-83.7680826395
-83.5858231116
-83.8279671639
-84.1157476574
-83.8872708508
-84.015285358
-84.3203784197
-84.4830801103
-83.4176388119
-84.4643716211
-83.596951484
-83.900309567
-83.8328576205
-83.0318888516
-83.239797279
-83.892677432
-83.1455482314
-83.0264069052
-83.2378996717
-83.4028265478
-84.0669421816
-83.4976435986
-83.6645881228
-84.0781884856
-83.3254631689
-83.4420969141
-83.9533817429
-84.2084225763
-83.9189248064
-83.5759186871
-83.71606452
-84.0538659492
-83.6957337071
-83.6397405592
-83.2869910586
-83.6752496769
-83.8709268086
-84.3157438661
-83.5080882903
-83.2726267155
-83.4530623378
-83.633835558
-84.5585210549
-83.6562026384
-83.0590578594
-83.7679043129
-83.8766348905
-83.5882012221
-83.8634290898
-82.9012756382
-83.560465904
-83.9518243631
-83.550976697
-84.0685905255
-83.6376243876
-83.32281122
-83.5704722585
-83.4412350235
-83.7734680479
-84.3217942422
-83.4758739473
-83.7495592775
-83.9705836914
-83.9669990068
-83.5214748747
-83.4004626082
-84.0157386528
-83.2915226213
-84.044680997
-83.9253343816
-83.6215078176
-83.7384155443
-84.181351299
-83.8992364375
-82.5804437726
-83.6572793545
-83.8722699509
-83.7579984769
-83.5682034767
-83.8043235414
-84.0932774993
-84.0002132249
-84.0106653337
-83.9520082474
-83.7262930511
-83.8493855787
-83.4831148044
-84.0531050368
-83.0535269789
-83.6178224846
-84.4936921763
-84.1565939436
-84.1919178072
-84.0448735503
-84.2357481644
-83.6636382168
-83.7672325235
-83.8897559777
-84.1240865108
-82.7338142814
-83.9052626273
-84.1123418301
-84.3180078068
-84.3709324619
-83.7933705346
-83.7394712596
-83.8334490483
-83.5652662287
-83.7300408864
-83.7537806918
-82.9045132125
-84.283887283
-82.9610253781
-83.2271419944
-84.0097274632
-84.248483989
-83.02197421
-84.1240588664
-83.6336562003
-83.0850994321
-83.6112270777
-83.4820773931
-84.2906831139
-84.0369190223
-83.8939890055
-83.7494804638
-84.0682799819
-83.5982424942
-83.6689931439
-82.9722317351
-83.0878014146
-84.2197826283
-83.2043679773
-83.5793286913
-83.650433855
-84.0229018692
-83.7855813402
-83.1948625149
-83.830366638
-84.15411074
-82.9101830921
-83.1753582297
-83.7613551259
-84.1891735989
-83.4911890017
-84.064580452
-84.2549215526
-83.9541872355
-83.3929828044
-83.863704222
-83.6092451179
-83.689676399
-83.6469924261
-82.7332194935
-83.3370988646
-83.4463761368
-83.2580863046
-84.1261536283
-84.1734277505
-83.4113876773
-84.1321793042
-84.922898695
-83.1665977405
-83.7915040383
-84.0558956717
-83.5288169279
-83.7380094866
-84.0630246065
-83.5044792527
-83.0335619538
-83.674770131
-83.6958304651
-84.0080249317
-82.2075594025
-83.6204900974
-83.0372966178
-84.1702363663
-83.5684953346
-84.0100194186
-84.2605886662
-83.3749048026
-84.4410685113
-83.6941076058
-83.9684401092
-84.2426364595
-83.7086870352
-84.3559860405
-82.8525142376
-83.2563517356
-83.9978066214
-82.785028835
-83.4173686892
-83.2908276565
-83.8845881605
-84.0277058251
-82.7760999195
-83.6211278923
-83.8292210014
-84.4100245441
-83.9947129751
-83.6437092564
-84.4680316514
-84.3046446538
-84.0235280833
-83.1846162059
-82.5110853286
-84.252400976
-83.5691721413
-83.9284283222
-83.5103296265
-83.8288194677
-84.0304635014
-84.137434408
-82.8103133999
-84.3648454201
-84.5030896273
-84.3163760749
-83.6293630681
-83.8752879848
-83.4913787405
-83.4615218855
-83.5332395427
-83.0847236018
-83.5209243457
-83.6702482803
-83.8212224589
-83.8224177764
-83.2891645105
-84.4463574397
-83.9700481821
-82.9940181438
-83.4183947015
-84.1925968777
-83.7682901179
-84.4273013901
-83.8982501602
-84.0929844673
-83.9182877412
-84.2842405035
-83.1627057637
-83.6637823783
-83.8116006309
-84.0702730936
-83.5322827903
-84.2684052775
-82.5619217107
-83.720302221
-84.03599484
-83.7445223458
-83.9130011873
-83.9214162596
-83.0814768104
-84.2211035413
-83.7809005597
-83.7099122695
-82.5250125102
-83.5585803612
-81.7639431736
-83.9238693356
-83.9727684331
-83.981044654
-83.6864387416
-83.5136214975
-83.9911893008
-83.9825702281
-83.365807729
-84.4139019972
-83.7677696272
-83.6357455288
-84.2280034728
-83.3794616905
-83.7189063759
-83.6433872737
-84.2631919764
-83.4019708278
-83.5076543861
-83.1290781678
-83.422055597
-84.0005078085
-83.5414739708
-83.5805016476
-84.1077220966
-84.0493037364
-83.9342320561
-83.6842197936
-83.430015527
-83.9338317075
-83.9903548992
-83.8239609979
-83.1651239614
-83.8774200281
-83.653918252
-83.6307491948
-84.1149810624
-83.6880693473
-83.0928123725
-84.053455948
-84.1720450391
-83.4724739773
-83.6591135321
-84.2165852392
-84.2765632629
-83.721528195
-84.0925498143
-83.8282179873
-83.3997629826
-83.0023451636
-83.0688038158
-83.1305413447
-83.5647396711
-83.8363272101
-84.0182995434
-84.0118339228
-83.0928653092
-83.1006083977
-83.5631208186
-83.8032637837
-83.8195671355
-83.4014638064
-83.7906763025
-83.9522180787
-82.8706807728
-82.875966684
-84.0409531573
-83.7525976376
-83.9477665703
-84.0009383226
-84.0490261809
-83.8059280904
-83.7916354408
-83.995219676
-83.8991433181
-84.0073394727
-83.4017384323
-83.4286501695
-84.0042678038
-83.7324962352
-84.2162504936
-84.0637002746
-84.1005101576
-83.8298117897
-83.2034098539
-83.7729585752
-83.114723327
-83.0332011015
-84.3905630602
-83.5752354653
-83.1527222297
-81.999461073
-83.5426465327
-83.2944458922
-83.7969502947
-83.5580965658
-84.2672032508
-83.6849594073
-83.8429038679
-84.0724092027
-84.2994969422
-83.5368743263
-83.9501128427
-83.0979012581
-84.2762264307
-83.6589622208
-84.2339466559
-83.6053235989
-83.8764189645
-83.6913756566
-84.0283297082
-83.7466724133
-84.2989409385
-83.2974371867
-84.34187734
-83.8418723679
-83.6560916051
-83.14990902
-83.6175121047
-83.714093738
-84.110821107
-83.5187380982
-83.4374237054
-83.8572917132
-83.3565464099
-83.5392551265
-83.829323601
-82.8607351251
-83.8766764495
-84.2069980114
-83.5906420517
-83.1591461118
-83.9201307885
-84.2283962875
-84.3733172613
-84.0910366169
-84.0090158417
-84.0332657336
-83.7279884939
-84.4908082894
-84.4766408814
-83.8026694552
-84.026163272
-83.8333192357
-83.4239398849
-82.1880636333
-83.0224681417
-83.6725047309
-82.9798847207
-84.3005409856
-84.1593984136
-83.8011001283
-83.8288531057
-83.4503631731
-83.4205819876
-83.4930658063
-83.1190563803
-84.7294689324
-83.4570239336
-83.6480524995
-82.3434007977
-84.1945940058
-84.1429364145
-84.1011319463
-83.7385806198
-83.4929222552
-83.9212381545
-84.1015510999
-83.3782009699
-83.7651793241
-83.268598319
-83.6599716755
-83.5963670416
-82.9103156595
-82.4011711291
-83.4803696776
-83.8194154906
-82.6496654491
-83.3918471508
-83.2642934201
-83.5610282854
-83.6215896063
-83.0728875838
-84.1022595452
-84.0359181893
-83.4330746018
-84.7267594557
-83.4789774832
-83.8622054355
-84.4668783095
-83.4518099692
-84.5240913218
-83.7842678572
-84.2179901534
-82.7099325425
-83.5517677094
-82.4634555538
-84.4476177136
-83.8616511742
-83.5440490636
-84.2938257591
-83.9772389886
-84.185463085
-82.9452877607
-83.8187268587
-84.023306576
-83.7361745892
-83.9606161305
-84.1084154445
-83.3982367999
-83.7027842974
-83.9720888243
-84.2950741094
-83.941379703
-83.2240553238
-84.2277230409
-83.461658177
-83.6660739223
-84.6248555256
-83.6394632539
-83.6537910727
-84.1151151618
-84.0648375106
-84.0016374837
-83.7280502213
-83.2038185884
-84.525493689
-83.7799701516
-83.7947028752
-83.6129493066
-83.9489171983
-83.2695083044
-84.215959855
-83.9544476878
-84.3807616746
-83.7337600782
-84.5232816524
-83.7010337941
-84.3383537941
-84.1897510717
-83.9983478217
-83.7387048733
-84.2278386118
-84.1059677976
-83.4663869966
-83.8184184787
-83.6372763583
-83.4311098897
-84.0829626713
-84.2115068322
-83.8601568633
-83.3585609267
-82.9010422816
-83.8826210009
-83.7761412665
-83.433447605
-83.6735047774
-83.4996536537
-83.3224495641
-84.2352282419
-84.8811340989
-83.8039946398
-83.2297663913
-83.5735454373
-83.4594975431
-84.2836531549
-83.5724451954
-82.8226020242
-83.4562574074
-83.4538588833
-83.3068146297
-83.7958084156
-84.1958457848
-84.4741057761
-83.8477117394
-82.8456606274
-83.6894886577
-83.150737874
-83.5401752895
-83.1213777857
-84.5108324337
-83.1305744284
-83.3571745148
-83.8699306886
-83.6218710337
-83.9829756344
-83.8041436027
-83.6716486072
-84.0549234791
-84.0170762115
-83.5416664479
-83.4586417902
-83.6429385889
-83.7320969169
-83.9672151603
-83.4255983192
-83.7707662945
-83.5537023157
-83.0441181182
-84.3366999542
-83.9646356775
-83.600767252
-83.4543202656
-83.3190860501
-83.7311096708
-83.5784850154
-84.2684585738
-83.7028095407
-84.0465632026
-83.641666822
-83.6262525484
-83.6148748188
-83.6025415532
-82.9849655795
-83.7056227477
-83.9632529149
-84.1466701824
-84.0927339362
-84.0937781708
-83.5820430064
-83.8215366556
-83.2811626278
-83.7715721197
-83.9265271145
-83.6670157673
-83.9562244571
-83.6571739703
-83.4452214992
-83.7750530192
-83.8051046772
-83.9560819464
-83.493687498
-83.6902135516
-83.5767319375
-83.8030545712
-84.0913054461
-83.1966257673
-83.9001327986
-83.8166413434
-83.9318173804
-83.3109153928
-84.184431441
-84.0478549507
-83.5024968133
-83.8053227544
-83.125931436
-83.4135747649
-83.4787517375
-83.8372750236
-83.6677120273
-83.8384696723
-83.5837084149
-83.3299112428
-83.5256994792
-83.404177781
-83.5055500936
-83.398159197
-83.9078997859
-83.8649225598
-83.4740902878
-83.7475723778
-83.8069145559
-83.6389815603
-83.3108649429
-84.013566585
-84.1281091937
-84.2799936175
-83.7898123953
-83.9193506145
-84.5343272883
-82.9843659268
-83.1258611538
-84.1775109819
-83.2981758741
-84.0661345146
-84.4454905195
-83.7635606519
-83.6146988867
-83.3214084126
-83.0741483093
-83.7011314467
-84.136530832
-84.3078989689
-83.932614296
-83.7006535633
-84.0096522228
-83.290001943
-83.6376047474
-83.241794493
-83.7715871735
-83.6171355187
-83.7726363387
-83.473911598
-83.6179836286
-83.8734483197
-83.1975051515
-83.5854232589
-84.1885767986
-83.1174047739
-83.3649498742
-83.7441371827
-83.7146838917
-83.5531943537
-83.6062543792
-84.0968847245
-84.1025719431
-83.6860408993
-84.0389645038
-83.6102784991
-83.851783824
-84.0178063496
-83.5950980686
-83.6347018242
-84.5242019503
-84.9416556305
-83.8739349079
-83.9436631201
-84.3065794917
-83.7402758124
-84.1902948007
-83.6898836942
-83.7390178554
-84.3919100369
-83.6074364811
-83.9984189838
-84.1463504683
-83.2780002665
-83.3889869936
-84.0505002667
-83.8516088765
-83.5867180282
-83.7452865018
-83.6137850799
-83.4682325976
-83.8194216353
-83.6804645436
-83.9962818098
-83.7156732445
-82.6158470672
-84.1214328906
-83.1207081011
-83.2432363015
-83.4006101231
-83.7438482073
-83.5714342058
-83.7403947634
-83.8504749638
-83.3608978982
-83.2863061165
-83.2746814137
-84.1983527417
-84.1163329295
-83.6410871886
-84.0992791541
-83.2621179825
-83.3601989517
-83.8719014909
-83.530951296
-83.7444976203
-83.5762235952
-83.1009036529
-84.0373689017
-82.4655768777
-83.4697597523
-83.6261291692
-83.5299217869
-84.1253826316
-84.0491430217
-83.6703887452
-84.0463469372
-83.8950512405
-84.0078697672
-84.1830278688
-83.6260555871
-83.4257626486
-84.0579241641
-83.8505611593
-83.9426344363
-83.5970578084
-84.4696998278
-84.2344318865
-83.9231568559
-82.9353086446
-84.1578476757
-84.1658590707
-83.7200134381
-84.581268481
-84.5448355359
-84.0963368404
-83.8574583038
-83.7077402795
-83.0685171589
-83.6247420158
-83.8929252445
-84.7103812167
-82.8558987343
-83.5723124918
-83.8892189787
-83.9220031517
-83.7101833052
-83.3555519492
-83.3919405603
-83.6760652029
-84.0082481248
-83.1750811517
-83.9199775963
-83.9392886037
-83.9344156165
-83.1426833778
-83.2097161381
-84.0021728111
-83.8709810161
-84.3967043463
-83.8714123838
-83.2920536575
-83.0114940156
-83.9773087764
-82.8441422309
-83.6374309527
-83.5941736214
-84.1442105398
-83.5602114466
-82.9775274342
-83.0860060936
-82.3548973034
-83.2308030095
-83.7949682221
-83.7218343777
-83.9086936349
-83.5983608182
-83.8252096212
-83.2705566929
-83.9726906464
-83.1398836786
-84.1674548064
-83.8827814892
-84.6217870988
-84.1852175864
-84.2082874528
-84.0358967151
-84.4597032195
-83.8185087973
-83.7155088949
-83.4547891254
-84.0620003394
-83.9330604649
-83.32895782
-84.2077367017
-84.127838186
-83.6963260081
-83.6156513898
-82.1940652177
-83.2091223764
-84.2429238108
-83.5411444717
-83.1070826366
-84.0520847445
-84.2262968573
-83.8169472228
-83.6623334289
-83.7512755119
-83.4960086631
-83.0787427228
-83.5002808734
-83.5130535779
-84.2732032739
-83.4505075128
-83.9272991041
-83.7536541037
-83.6066417493
-84.2874585572
-82.6937736508
-83.6990612804
-83.7487020684
-82.8188874442
-83.9965776521
-83.3561369702
-83.9698786331
-84.1015109551
-84.0627780332
-83.6517139937
-83.7729236347
-83.1595866181
-83.5514037787
-83.3261364338
-83.7263935725
-83.4295518885
-84.2650740647
-84.0155142062
-84.250971562
-84.4107000679
-83.8254526807
-83.8196302804
-83.4893472106
-83.6338610252
-84.0684031966
-83.8475230477
-83.3859938281
-83.3851688685
-83.2845883337
-83.4755086481
-83.7942440258
-83.5810261892
-83.9540866304
-83.4205608709
-84.5699340706
-83.5219846596
-83.6403298526
-83.6188108698
-83.1215653922
-84.6322988288
-84.338732548
-84.1403306766
-83.8415212194
-84.7176462182
-83.1000350319
-83.861750898
-83.2165575617
-83.9069953365
-83.1185050814
-83.4886848079
-83.1754636386
-83.8018838247
-83.8271630461
-83.9147314944
-83.1786607009
-84.3825375137
-82.6672112922
-84.086800282
-83.4668846882
-83.688980593
-83.5509566094
-83.3805233286
-83.4295650254
-83.6984907785
-83.7083221693
-83.785912467
-84.0409097968
-83.8553133514
-83.700189446
-83.3899367565
-82.758827506
-83.1161852594
-84.1176843074
-83.9497099633
-83.0977780148
-83.7143021135
-83.8875457593
-83.6581658367
-82.5571068157
-83.7611795405
-83.1003139074
-84.2702261187
-83.8944536175
-83.4659238294
-83.710569359
-82.9388600092
-83.6357125449
-83.4007370277
-83.1238085412
-83.7859490894
-84.5271883217
-83.2588783779
-83.2348272931
-83.9573298712
-83.9658161684
-83.8943041116
-83.5693858425
-83.610855723
-84.2504606784
-83.1890007462
-83.412746302
-83.3287854868
-83.4778617555
-83.9389524785
-83.2628274883
-83.2700583636
-83.6717880066
-82.7104615296
-83.5534851719
-82.8565440282
-84.6383984189
-83.1179855967
-83.7036343214
-83.967365077
-83.7583291183
-83.8620899951
-83.6555007027
-83.7647815786
-83.6717809123
-84.1974889373
-84.3183445858
-84.0604253729
-82.4082641193
-83.8276330648
-83.5380018313
-83.2677036992
-83.8630021248
-83.9553851638
-83.9112740808
-83.0941546464
-84.1673281677
-83.9080547692
-84.018158053
-83.8924372595
-83.2609606136
-83.7636773063
-84.0989011303
-83.3517193474
-83.6614076549
-83.5566157515
-82.5890465272
-83.3872830639
-83.6756421806
-83.6936522936
-83.8680061517
-84.2696424547
-83.2172301679
-83.6053489403
-83.8017884168
-83.6022487304
-83.8781848206
-84.0425494023
-84.0135090985
-83.7917385848
-83.7001309123
-83.3054484576
-83.8393376746
-84.6133244912
-82.7117297981
-83.7091952185
-84.1233077685
-83.5684638103
-83.5555774402
-83.7218175291
-83.6124485297
-83.7525706386
-83.4729397548
-84.2096144428
-83.9999306101
-83.962441648
-83.9249846699
-84.2639272981
-83.1481972386
-83.8014021479
-84.234730085
-83.9354834376
-83.1973951607
-83.6401721654
-83.4956410256
-84.2906849877
-83.0517417881
-83.805784659
-83.9288786178
-84.0421988917
-83.4172322419
-84.4505638558
-83.9966742923
-83.6535605455
-83.4004611537
-83.9423869976
-83.5260801372
-83.7408076421
-83.5370959893
-83.6417806198
-83.5238565712
-83.5913076323
-83.7703701705
-83.9101920886
-82.7092278182
-83.5088701217
-83.4874318486
-83.4810217304
-84.0567741788
-83.9903012329
-83.5546646235
-83.8923393518
-83.5161711018
-83.7088230186
-84.0483901295
-83.5167215217
-83.6819365412
-83.8576440851
-83.4844582714
-84.3825799309
-83.4140768518
-83.4122887913
-83.9973394565
-82.972054958
-83.3576088519
-83.3829958568
-84.1351155414
-84.7677718333
-83.5128950603
-84.0387050961
-83.8789276606
-83.4965729272
-83.6069385162
-83.091384772
-83.7127087393
-82.9338569392
-83.5935773381
-83.4713945792
-84.0396321452
-83.9468353162
-83.8072368946
-83.7187307735
-82.5099838306
-83.4374000924
-83.9083897612
-83.010838753
-84.5715799129
-83.7144928165
-84.2844505338
-84.4044182404
-83.8622084214
-83.6830249986
-83.9339635341
-83.9677919715
-83.6911340177
-84.1205375032
-83.3051646906
-83.5896970457
-83.331329025
-83.2375325035
-83.5256179782
-83.3999552596
-83.9173961204
-83.6595816082
-83.9699971859
-82.9164042476
-83.4124386859
-84.4718124633
-83.4946445702
-83.9485829788
-83.8793022049
-83.5931250768
-83.6588540165
-83.5991841256
-83.392689717
-84.1172026091
-83.9294052826
-83.9983303796
-82.6062293488
-83.5848809668
-84.0838617842
-83.9452624794
-83.2338297719
-84.1575094417
-83.4754066811
-83.5793977289
-83.9861492537
-83.7179013363
-83.5701667465
-83.5155491997
-83.667665854
-83.1430707201
-84.4276381363
-83.0300214906
-83.1309899506
-84.2099943824
-83.5409287654
-83.7635096321
-83.4361346171
-83.6725561938
-84.3819828012
-83.7320280065
-83.4722477015
-83.4751314203
-83.9168894249
-84.119209168
-83.6665303345
-84.1564297807
-84.0828423129
-84.1877029178
-84.655323803
-83.48498102
-83.7879467438
-83.0325689171
-84.2251236668
-82.9404609135
-82.7268014644
-83.9159418286
-83.560947005
-83.768938522
-84.1669891682
-82.8759481518
-84.1674501013
-83.7875810823
-83.6891582913
-83.2923781445
-82.6045314748
-83.8803639897
-83.888803071
-83.9024803332
-83.8265317862
-82.7867982189
-83.9701539695
-83.7353538228
-83.6761935351
-83.2444739805
-83.8674677295
-83.9046575689
-83.8178127568
-82.996003094
-83.8164077183
-84.528621102
-83.2267040547
-82.7577063399
-83.7798862262
-82.8258005495
-84.2662009149
-84.1017544339
-83.6515044767
-83.8850215399
-83.8326758134
-83.7891173023
-83.9059583781
-83.2242731124
-83.5225290741
-83.3494616372
-83.513011031
-83.0500673184
-83.1502764108
-83.8233640583
-83.3129656563
-84.2069000165
-83.7193365873
-83.9262189253
-83.8724664111
-83.7887329982
-83.9181817998
-84.2238175115
-83.4247964789
-84.2875783129
-83.7345238499
-84.2246227066
-83.6653836255
-83.0215550521
-83.7415054076
-83.6725809949
-83.0540606227
-84.3195683429
-84.0125261157
-83.5999499879
-83.9995327695
-84.0292671054
-84.0451790842
-83.5181920956
-84.4598606853
-83.2542147066
-83.6612583974
-84.3857714986
-83.7068977069
-83.3066050874
-83.4300546525
-83.6337040568
-84.1583815864
-83.5585098381
-82.8918586764
-83.8659920969
-82.8279128728
-83.6768398644
-83.6528611592
-84.1688915473
-84.1323889407
-83.6767793366
-83.759300501
-83.621729418
-83.3112001069
-84.0203879766
-84.4713156791
-84.0207233132
-83.4930300471
-83.0881374352
-84.0828214289
-83.3921271981
-83.2077677916
-83.4087339938
-82.7562232618
-83.965989181
-83.5913389165
-84.3736468735
-84.2644509126
-84.4346412761
-83.5906596118
-84.1407043664
-83.5293417606
-83.3847994587
-83.1950457129
-83.8333602978
-83.7956706278
-83.8815911622
-84.2462441123
-83.2620898558
-82.7543883001
-83.0397512639
-83.8565697372
-83.3046155321
-82.9680809915
-83.2233274793
-83.6675704513
-83.7694720403
-83.9239156571
-84.4280152369
-83.8909594887
-83.0579171856
-83.7276208099
-84.2185867882
-83.3715080335
-83.9619222227
-83.393481257
-83.8122758146
-83.4577344839
-83.1461336938
-83.855684814
-83.9465463453
-83.8233808937
-83.7174308465
-83.7214458808
-83.8588062325
-83.8011198878
-83.8103801409
-83.8813036992
-83.4798407209
-83.4075223415
-84.0446534879
-84.0001080519
-83.7409139299
-84.0142835561
-82.9651191411
-83.5853613103
-84.0686683614
-83.4984763248
-83.8628802597
-83.9263115125
-83.768388171
-83.4958786661
-84.4094707567
-83.609070859
-83.7765174264
-83.9101047222
-83.9234553282
-83.779286989
-83.5679995112
-83.9367592924
-83.830363291
-83.5998049249
-83.2314884808
-83.4521105653
-83.9071146483
-83.6462592032
-83.6500114798
-83.4933070239
-82.7114279888
-83.5561655711
-83.539430311
-84.3062841213
-83.2583358018
-83.3661991241
-83.3849470566
-83.7772373791
-83.7719836768
-83.6547089814
-83.926891837
-84.2122314004
-83.9118925467
-83.3079711143
-83.6166403084
-83.8409002864
-82.8960405508
-84.2698170196
-84.1429087689
-83.5204560671
-83.6836280621
-83.9786187282
-83.7997637063
-83.9307037483
-83.8234029302
-83.1017090158
-82.9409823097
-83.5396856924
-83.9836224578
-82.0954762063
-83.9173416037
-82.9092241139
-84.489321389
-83.5614000281
-83.7750303037
-83.0155568416
-83.8439106675
-83.913905745
-83.6127555914
-83.377768426
-83.8403793188
-83.2692525154
-84.1257214597
-83.9224577435
-83.9821203208
-82.7109464191
-83.5520109555
-83.8075214177
-84.3344809221
-84.3576657208
-84.0915587824
-83.8623285504
-83.941583281
-83.8583668613
-83.3485451241
-83.5480936426
-82.0486719554
-84.2685701843
-83.8035022616
-82.9696471811
-84.1171282381
-83.1671003631
-83.7841487864
-83.3815785082
-83.3841069215
-83.8911459153
-83.7448476143
-83.9137579009
-84.2112562235
-83.1161833412
-84.1022293189
-83.7784456747
-83.0576835474
-83.6966342429
-84.0331853436
-83.7636275396
-83.7207800544
-83.4698957958
-83.413599052
-83.7298826879
-82.8932597642
-83.8786542546
-83.7130142384
-84.0514795125
-83.4942273686
-83.8056606313
-82.2281171555
-84.0963255511
-83.2613656243
-84.0663792327
-83.965012469
-83.3645334629
-82.5613817992
-84.4530997138
-83.7147222837
-83.3059080914
-83.4876753994
-83.9394287757
-83.790520867
-84.0613944233
-83.8632899433
-84.6067879373
-83.364759979
-83.0529032877
-83.7701767756
-83.5199322604
-83.630057702
-83.3706714932
-83.9066001859
-83.9517642441
-82.6120049784
-83.9174833208
-83.9761567808
-82.8650127972
-83.8018721921
-83.8101788715
-84.0186920681
-84.0715739866
-83.2830524602
-83.2045221499
-84.2507722197
-84.0820443084
-83.5418949946
-83.5063245004
-83.5935711808
-83.0598001898
-83.2672431312
-83.4527825294
-83.6458071542
-83.7179571477
-82.5589281152
-83.8807215385
-83.8372122108
-84.0908560262
-83.9734407543
-83.8309329681
-83.7101654991
-84.0747330718
-83.5338939849
-84.6894323364
-82.3682561093
-83.6440148276
-83.8534345408
-84.2501718806
-83.4657248894
-83.7898745043
-83.6346090627
-83.9069963341
-82.9328517504
-84.1472007947
-83.5677030836
-83.2901858015
-83.0495084343
-83.3704846138
-84.1496551127
-83.1972137364
-83.5252635675
-84.2421164194
-83.7237166644
-83.8834430882
-84.5005564982
-83.0447237937
-83.8911840286
-83.4852581707
-83.8692665449
-83.8963207022
-84.375759557
-83.4389650106
-83.9506486404
-83.5989196015
-83.4704334866
-83.7491917642
-84.0889770619
-83.6385046338
-83.8804749223
-83.4015027034
-83.7001477245
-83.4859648893
-82.5801971304
-83.6685884322
-83.5194586004
-83.3274865577
-82.84243008
-83.9844035095
-83.2827921816
-83.9773441642
-83.7615739283
-83.8341895834
-82.8367138912
-83.6778620646
-83.5148928797
-84.1240298916
-84.2747281359
-83.4736539574
-83.724087773
-84.2507941447
-84.0924914988
-84.4525835922
-83.8382006904
-83.4374330921
-84.3910846098
-83.7383432084
-83.7753433366
-84.0151789192
-84.2238626611
-83.6238432754
-84.283393726
-83.643027454
-83.2203208313
-83.5466215827
-83.9052115975
-84.0775199272
-83.5050588757
-84.1165007015
-83.0666135359
-84.4597734534
-84.0417952556
-83.7425311106
-83.5567847878
-83.6338038922
-83.7468365548
-84.1917430184
-83.952492662
-83.2382379225
-83.690534598
-83.4769684939
-82.8962027629
-83.8024511316
-83.6199700287
-83.5395648632
-83.4142181576
-84.0023001041
-83.9313759719
-83.285987105
-84.2112266236
-83.6866695907
-82.6307937346
-83.789439118
-83.0254271391
-83.6773059994
-83.859018663
-83.7401919476
-84.6418912479
-83.3393307184
-84.0569263367
-84.1784558501
-84.3731912185
-84.0919961064
-83.4299809685
-84.4215807624
-83.6568168772
-83.4573422355
-83.8166799382
-84.2063231209
-83.6414089602
-82.9710361113
-84.0522544673
-83.3852355079
-83.830922889
-83.6994445388
-82.9202354491
-83.2656232582
-83.1845447046
-83.501909558
-83.9832204146
-83.8286634624
-83.4671258797
-83.4474014374
-83.6395285349
-83.5677856361
-82.8928724349
-83.7063803849
-83.9439421961
-84.0026164309
-83.122052546
-83.1861967588
-83.1465869358
-82.2375225769
-83.8881221965
-84.3075530518
-84.1324885038
-83.733798479
-82.6230600443
-83.5499737683
-83.6931357435
-83.4310297325
-83.0088731017
-83.5425193327
-84.562936869
-83.8839120678
-83.6930862232
-83.4844788191
-83.9405064934
-83.6467342022
-83.9268103097
-83.8248983011
-83.7865213188
-84.011266821
-82.9192820436
-84.4127359883
-83.3204393567
-83.7981116925
-82.9939002876
-83.9044070247
-83.6844094213
-83.4593296461
-84.328608025
-83.9113924073
-83.9804921213
-83.7169824657
-84.3656356844
-83.2547130182
-83.7018336285
-83.560833794
-83.4983622902
-83.0541947374
-83.7744456852
-83.6268529978
-82.9405016402
-83.9482267257
-83.8301595461
-83.8932093963
-83.0841612302
-83.2727104208
-83.5941370938
-83.3697442322
-82.1006855215
-83.8877240314
-83.3566966592
-84.1587408684
-83.7816226377
-84.0165851109
-83.7005148634
-83.866236438
-82.6065325382
-83.7405046925
-83.5678470505
-82.8375990524
-84.0775517228
-82.360823922
-84.0605177436
-83.0276279106
-83.1366641125
-84.0140995155
-84.0088400088
-83.3129831125
-83.7484683483
-83.8172615918
-83.4572299881
-83.4875632
-83.1908172824
-83.8171864222
-83.2903602259
-83.316534632
-83.9787357581
-83.7462062155
-84.2172992591
-83.7955794656
-83.8953907033
-84.1323899721
-83.5438872212
-83.7801735754
-83.8450818288
-84.0128980506
-83.8407567372
-83.9527886924
-84.0086782947
-83.9561209246
-83.5695288603
-84.0833251976
-84.1113733689
-84.2046365288
-83.1054556426
-83.8092680123
-84.2634367405
-83.8921300963
-83.5607529734
-83.419830787
-84.0233966007
-83.7435847412
-84.1831973493
-83.7354528855
-83.1371199999
-84.2102915902
-83.7293297181
-83.9492470284
-83.6373260221
-83.7954378793
-84.2391057693
-83.2962899462
-83.4274104352
-83.8715956016
-83.6800254672
-83.6916263384
-84.5011742607
-82.3693751092
-83.5755512511
-83.6636308967
-82.7676511429
-83.8096673548
-84.4047513038
-83.9248661297
-83.5948427235
-83.2746151186
-83.9670265816
-83.7638860898
-83.5026614367
-83.447251337
-83.0053288793
-84.2230575502
-83.9663346025
-82.7933007306
-83.2536766341
-83.0460010983
-83.4529204673
-83.4902198186
-83.1580843261
-84.0674502304
-83.4783273826
-84.1833596202
-83.2474834461
-83.3656262356
-83.5027047493
-84.0551037046
-84.0033733013
-83.6494495768
-83.5983863192
-83.1524899417
-83.0880726285
-83.7852289354
-83.7118702686
-83.6009469018
-84.0033688392
-83.0514289059
-82.8004991456
-84.0118027184
-83.4860159941
-83.3857245415
-83.8370581661
-83.4861904754
-83.3224805581
-83.5582127335
-83.2774721307
-83.2357325958
-83.4373783329
-83.9434587683
-83.4497365916
-83.8366345889
-83.6585390106
-83.6601476808
-83.0605284848
-83.6834373554
-83.1520129457
-83.3735147682
-83.4400311952
-83.7667977716
-83.7690179386
-84.1503349696
-84.3316694246
-84.1445769204
-83.8231665372
-83.352134105
-83.7373101437
-83.7282672861
-84.1796908167
-83.8208630787
-83.4553865386
-83.8245096377
-83.5035295623
-84.268367412
-83.7737688506
-84.2386201955
-83.4031479605
-84.1317233136
-83.7625501865
-83.5519092358
-83.5088832723
-83.5351749284
-83.458667504
-83.8880927308
-83.4450967363
-84.0500153483
-83.5339872222
-84.516831433
-84.5616487181
-83.893530919
-84.0860042479
-84.3328862855
-83.348739324
-83.4599944072
-83.349991323
-84.2727934193
-84.0291036198
-83.7180536888
-82.253954197
-83.9982975911
-83.2061024712
-83.6122906078
-83.536487463
-84.2763690678
-84.0767513041
-83.1844396046
-83.9667402336
-83.8744299042
-84.1375482052
-83.7314977478
-83.1448019956
-83.6557602004
-84.1314047129
-83.9073968827
-83.5101293806
-83.2446946538
-84.2189730158
-84.4922736923
-83.6246953091
-84.2700745904
-83.5174829018
-83.6926342685
-83.5580995387
-83.2788187628
-83.1683571204
-83.305241643
-83.9091175893
-82.8571605472
-84.1943749507
-84.2851298461
-84.1013153565
-83.2745243783
-83.5370113462
-83.1905425645
-83.9514288848
-83.5060412091
-83.0340108694
-83.9627922397
-83.9391893057
-84.1030175942
-83.8998162351
-84.052703816
-83.6838671951
-83.4662012933
-83.5866724557
-83.3922630892
-83.579166354
-83.2988074338
-83.1380852575
-83.8306994663
-83.8334910928
-83.8907501805
-83.0884473547
-83.1981355645
-84.2574846534
-84.0313316108
-83.1047895209
-82.8358561126
-83.2664791379
-83.6667304914
-84.4450349515
-83.693413302
-82.8889487231
-83.9429287773
-83.5334768412
-83.4468241548
-83.5022376724
-83.9670431788
-83.7593265196
-83.5827411929
-83.9497855005
-83.587378373
-83.3220077586
-84.3966157986
-83.3629176478
-83.4663357596
-83.5873235566
-83.9407886391
-83.9004991908
-83.3994066547
-84.0244358744
-84.1045932196
-83.7566938946
-83.5970632451
-84.1399651318
-83.7405274925
-83.4533725667
-84.0063198736
-84.0390345921
-83.9228800346
-83.7381319973
-82.5767507374
-83.8206166938
-83.3796541989
-84.0182826231
-84.1287615509
-84.1425058496
-84.1840049001
-84.1534679664
-83.9544036513
-83.7581823111
-83.4871363681
-84.4905604596
-84.1291399948
-84.3652977264
-83.6132973477
-83.7417919838
-83.7676699412
-83.7550206273
-84.5002829917
-83.7611681209
-84.1962286737
-83.8351963081
-83.7430450276
-82.7599031343
-83.4707274687
-83.7694991187
-83.04833755
-83.8877120754
-83.3193554239
-83.9155059198
-83.4530097739
-83.9224345793
-82.5600807092
-83.9134229982
-83.9871813156
-83.9364466167
-83.971492417
-84.1487568322
-83.1297273953
-83.7230925406
-82.7420586408
-84.0927764319
-82.8878189934
-83.7914997077
-83.2277074296
-83.564047444
-84.3236686127
-84.123812099
-83.8605822914
-84.0075851434
-84.0117977826
-82.5282962787
-83.4151880698
-84.0020105821
-82.8789552917
-82.6669102799
-84.1831488276
-83.1909827144
-83.4180961869
-83.5196121214
-83.2907664844
-84.1436107559
-84.0392822196
-83.6831765081
-84.092328452
-83.5721315554
-83.9506263738
-84.1139828075
-83.3844827057
-84.0085100167
-83.868956573
-83.0966602548
-82.9550481354
-83.5762031012
-84.3174410003
-83.8870613438
-84.2378057495
-84.205781589
-83.8060950584
-84.2167228977
-83.9518171425
-84.1500911716
-84.2885793724
-83.6200255433
-83.9606252417
-84.0075903382
-83.803957638
-83.0309219998
-83.5122279721
-83.9371324822
-83.4437490341
-83.4925930341
-83.830456932
-84.2583292656
-82.8785226514
-84.1919603746
-84.0278417878
-83.24390389
-83.2460904172
-83.3454750345
-84.1764086297
-84.1574842474
-83.9303631953
-83.2046380206
-83.3039051926
-84.1187711956
-83.3704154565
-83.3005572834
-83.4121037076
-83.4239215954
-83.6444811261
-83.8676249906
-83.1744028979
-84.0829176811
-83.2149257224
-83.8115127705
-83.5249414201
-83.8754006749
-83.7068032131
-83.5143841034
-83.6627799526
-83.1732172468
-83.2907767571
-84.0632393233
-84.027566256
-83.3261766138
-83.5985271907
-83.5219437252
-83.5075944614
-84.0741271262
-83.6787198606
-83.862428512
-83.9163503907
-82.9841801514
-83.8119739457
-83.9216100105
-84.7748967645
-83.4801812701
-83.4139088148
-83.1750334102
-84.1588396764
-83.9756269089
-83.1157130934
-83.6411123412
-83.3039262844
-83.5312565934
-83.6849819145
-83.7953989979
-83.8014490056
-84.0545424803
-84.4335742156
-84.0052779852
-83.5688112473
-84.4733155599
-83.8279286857
-82.9741358946
-83.7649785117
-84.0119024143
-83.7457901796
-83.4408721581
-83.4402327481
-83.2881933972
-83.7536011886
-83.6932857413
-83.2830064756
-82.6664161482
-83.9266614937
-83.4100472544
-84.0008874963
-83.5604219441
-83.3669708527
-83.0413082377
-83.8426583214
-83.6173990173
-83.9986657362
-82.8327842626
-83.7986069198
-83.6036721692
-83.518644503
-83.3029325351
-83.3618554866
-83.9389059541
-83.6526147125
-83.508552167
-84.4722120385
-83.3570904078
-83.3152425931
-84.3166369476
-83.138883604
-83.0446485061
-82.5549785072
-84.0688816963
-84.0114410423
-84.0159748144
-83.4959578524
-83.4961887685
-84.0792355791
-83.7179472342
-83.9789533459
-83.5325146265
-83.7701218787
-83.9493999943
-84.6361003085
-83.6998156853
-83.7281879017
-83.3603503254
-83.6439752882
-84.0353010439
-82.6796840512
-83.6385645163
-83.6469155616
-83.444001509
-83.7753755166
-83.826934473
-83.3451983518
-83.5992455903
-83.9237215463
-83.3492878916
-83.673685693
-83.5256278478
-83.8346789355
-83.4250588042
-84.0536435195
-83.8091130496
-83.4162698541
-82.9829410323
-83.552772654
-83.6373780506
-83.2251650084
-83.612115732
-83.6592857109
-83.7145258564
-83.7276860827
-83.4208185559
-83.6943339308
-83.8767932795
-84.5012029512
-83.0610645158
-83.5598823185
-84.6496068219
-83.640435044
-83.8010339724
-83.4466907041
-83.8906834283
-83.8974423522
-83.3804343985
-84.241226681
-83.7051940697
-83.7663346645
-84.111248808
-83.6257640461
-83.3970973039
-83.8801911792
-83.9517197676
-84.0042304199
-83.8586943381
-83.5881219737
-84.0401361378
-84.0761426588
-84.0427595983
-83.2686284532
-83.5294084718
-83.8279753319
-82.4362161385
-83.6559062392
-84.1137626772
-84.2517291535
-84.0693039475
-83.0516439229
-82.5276026634
-83.6693550664
-83.6411710474
-83.5310645846
-83.6302943862
-83.5909615481
-83.4150220257
-83.4920547635
-83.1365889419
-83.7674281671
-83.4525364393
-83.6999618481
-84.218423756
-83.3390793253
-83.9656579101
-84.3888471879
-84.0043116807
-83.7096831204
-83.5046906946
-83.4481265459
-83.6207121896
-83.7679614033
-82.9572645305
-83.7789685616
-84.1016516252
-83.3170288283
-84.0050618779
-82.5722180069
-83.8476353306
-83.7064604988
-84.1271776116
-83.823407829
-83.4509434688
-83.1903978298
-83.2956927536
-84.0410452995
-83.088445523
-83.7227983804
-83.1765637088
-84.2847278404
-83.0605090497
-84.0819572044
-83.3596817002
-84.0319059889
-83.2879300878
-83.5426448443
-83.8669072236
-83.3696689481
-83.5477967858
-83.5686494009
-83.8598782605
-83.3333216456
-83.7364080309
-84.1503019121
-83.5580143066
-83.9082313531
-83.8744638247
-83.3300063609
-83.3743830124
-83.4451281181
-84.0438888838
-83.406929233
-83.2322710257
-83.335550471
-84.3774743988
-84.4481124997
-83.9061808551
-83.7282039395
-84.3674318082
-83.6811667876
-84.1158412346
-83.8137810276
-83.5287926251
-83.7658307133
-84.1351707972
-84.3011584986
-83.7201919823
-84.0144263591
-83.7096520763
-83.259029814
-83.9012273789
-83.611565293
-83.4004834502
-82.4608043311
-83.7344277916
-83.6902404077
-83.5579312828
-83.4532007152
-83.9289471686
-83.7208786287
-83.5220274229
-83.7030787039
-83.4684167651
-83.6557988018
-84.218610171
-83.7156608182
-83.9750425954
-83.5808797232
-83.1087388446
-82.9820277872
-84.0282676495
-82.7484542401
-83.9506508511
-84.3141021357
-84.1226155948
-83.2972548653
-83.8563338427
-83.6415429128
-84.0484845958
-83.571394196
-83.4087233765
-83.7369815245
-83.6998733898
-83.7348801167
-83.173871714
-83.7508787032
-83.9295788395
-84.4817079244
-84.1048775646
-83.8580689516
-83.6601257388
-83.9527422808
-83.4423186182
-83.7007855887
-83.0989154997
-83.4664990353
-83.4930254582
-84.165768691
-83.2062159528
-83.9512668883
-82.7745068698
-84.1389331446
-84.0033899262
-83.6588353232
-83.0844588504
-83.8233821137
-84.1226012865
-84.0001945028
-83.606499551
-84.082680693
-83.2279612443
-83.770852491
-83.5211535824
-84.5972852192
-83.3443759519
-83.1400547089
-83.4583839685
-83.9496397473
-83.8488414782
-83.1358378953
-83.3556047507
-83.4298811066
-83.8939035815
-83.5183916541
-83.3390911339
-83.9480447307
-83.2814471387
-83.6409540834
-84.0792278223
-83.4482466508
-84.0073490585
-83.1682010973
-83.4881009144
-82.8086034429
-83.8190864417
-84.6204043347
-83.5191771022
-83.6428968473
-83.9129235279
-83.9518323293
-83.9521706554
-83.9849447076
-83.6289836023
-83.6893185947
-83.4108560348
-83.5966185975
-83.9278955344
-84.0909993985
-82.5592323684
-83.6636286388
-83.7277788148
-83.3623303708
-83.7698650543
-83.7732812245
-83.961702072
-83.8497322474
-83.7420070592
-83.9578824022
-84.1150440437
-82.3949284686
-83.7539314695
-83.921471724
-84.133804668
-84.0864244848
-83.8954995905
-83.9935358276
-83.6909195013
-83.4352504632
-83.3251129014
-83.7942814593
-83.3617043227
-83.0699137699
-83.4634442453
-82.7920835224
-84.6276677945
-82.7456432741
-83.8074606741
-83.6015489751
-84.201039849
-84.0938918834
-83.6776274678
-83.6065788345
-83.5634352149
-83.806809192
-84.5459259661
-83.2286726076
-83.8066202555
-84.164674092
-83.8141320511
-82.6851669821
-84.2106867827
-83.4494929642
-83.9444569741
-83.4787940471
-83.7560112219
-84.006548093
-83.762301842
-84.0848519758
-84.106821624
-83.8333178941
-82.7428735632
-84.1943692307
-83.7049919665
-83.9793283798
-83.4544115401
-83.2833541337
-83.97639676
-84.4510646031
-83.6543385542
-83.7826173015
-83.4179263728
-83.4149694748
-83.5576342708
-82.9952186039
-83.2811905791
-83.2780270779
-83.8965757265
-83.9368775591
-84.0657352383
-83.8730921982
-83.0284035374
-84.1611530539
-83.7375855195
-83.8822692247
-83.6538185627
-84.2809594609
-84.0078333187
-83.5842644984
-84.3702907997
-82.8283386588
-83.5165782604
-83.4559157674
-84.6680006569
-83.8065105893
-83.4362253027
-83.6861615801
-83.2505385032
-83.4552940493
-83.8363583797
-84.0335736318
-84.2305773354
-83.7267260747
-83.9022401218
-83.7588293727
-82.9484742738
-83.881081884
-83.8747458542
-83.3611236865
-82.794574345
-84.0409480376
-83.5762704848
-83.7860120064
-83.5329151502
-83.2450597274
-83.5228919206
-83.8289861845
-84.1856013074
-83.9307217019
-83.8206685145
-84.0276418344
-83.7040831589
-83.2920026344
-83.6273395759
-84.3638898792
-83.4752956192
-83.7882488137
-82.8031456762
-83.6008343407
-83.1700771512
-83.5804315184
-83.6972214904
-84.0369099573
-83.4680051605
-83.4977126559
-83.6458440777
-83.3468804926
-83.6871269337
-83.3536231512
-83.9577122571
-83.8177139506
-84.4449083551
-83.2726458336
-83.8209220908
-83.0838708161
-83.1367902966
-84.1264936362
-83.6845194464
-83.5035471308
-83.622120411
-83.4225130848
-84.0448615559
-83.6277612709
-83.6711464833
-83.4466302556
-84.376619201
-83.8479880554
-83.2067942377
-83.920626959
-83.6566881219
-83.9078851217
-84.1214984691
-83.3339559147
-83.5617128718
-84.295018844
-82.7435652184
-83.765150806
-83.739414613
-83.5128113591
-84.1241258524
-83.8171331029
-84.0105584443
-83.1913858967
-83.6843573389
-83.3524583517
-82.7174449149
-83.9654632487
-83.5309364043
-83.7483035425
-83.2328714386
-83.8823061142
-82.5244296496
-82.7099160684
-83.3988303706
-83.1128078217
-83.8243578687
-82.6624814415
-83.0877549478
-84.2746406076
-82.7128115148
-83.6028293204
-83.5788144778
-83.538657578
-83.4042143538
-84.3238349746
-83.9888218352
-83.8303362969
-83.4936899075
-83.5762088166
-83.4784177162
-82.9986658258
-83.379905424
-83.9784962654
-83.2865134393
-83.224037798
-83.5760733681
-83.9268753821
-83.860272313
-83.4995049959
-84.0840767587
-83.3765080719
-83.911377526
-83.4763883514
-83.7554945501
-83.7294146873
-83.0581213589
-83.2854764933
-84.2038827543
-84.5589898594
-83.0520953606
-83.6740537338
-83.0412815829
-84.0713933406
-83.8892357786
-83.5839441988
-83.7778288985
-82.9592095639
-83.7095430306
-83.9339150012
-83.8956730972
-84.1082155136
-83.2209950245
-84.2653670837
-84.2621879394
-83.250400351
-83.4441023481
-83.2691269283
-83.5261997228
-82.9401450007
-82.8264395144
-83.6776080791
-83.8170870132
-84.3338066998
-83.5210384216
-83.8247337895
-84.1775270534
-83.4830667111
-83.6914418072
-84.3538023707
-83.6177462762
-84.7042199548
-83.5014848423
-82.638896504
-83.4831969949
-83.219485485
-83.2916611528
-83.9650178701
-83.6012993088
-83.4862092676
-83.991516445
-84.0864339171
-83.2755206792
-83.6570195911
-83.0740415592
-83.676266718
-84.0763992974
-83.6245880226
-83.8377426998
-83.1527129967
-83.0877295001
-83.7771097156
-83.8962571363
-83.6480595154
-83.2509929087
-83.6267067457
-83.8698266865
-83.1995451067
-83.3458299547
-84.1507007794
-83.9468893549
-83.039232619
-83.8726031647
-84.3122393956
-83.777917206
-83.879282376
-83.2857293221
-84.1027640907
-83.4704171908
-84.2697349531
-83.8182036951
-83.9050711718
-84.4643553735
-83.8683861874
-83.38957734
-83.3597820434
-84.1441069835
-83.6501621572
-83.3890890178
-82.2084476959
-83.9778133777
-83.3256769202
-83.073590757
-84.020037893
-83.0765460278
-83.6249593155
-84.2165637014
-83.8606694197
-83.165833748
-83.5726883134
-83.7466033921
-83.6440373123
-83.9268703772
-83.9124849926
-83.8598835453
-84.6304186261
-83.3574523197
-83.2978372328
-84.0692308634
-83.7815591789
-83.4136078738
-84.5840210671
-83.5950163984
-83.1471137227
-84.0113408808
-83.4096610977
-83.6095296542
-83.9486180636
-83.486437375
-83.117266455
-83.2934452714
-84.3607348718
-83.6441910709
-83.3254258055
-83.3688799095
-83.6094388752
-83.0155433494
-83.9771954139
-83.5297444508
-84.2777222604
-83.3807759154
-84.0492194659
-83.3671414844
-83.745232285
-83.60544581
-83.39680772
-83.37061675
-83.4035684326
-83.6767797316
-83.5681983548
-83.663302901
-84.0823107606
-83.2332355096
-84.1115950034
-83.1719891746
-83.9229076761
-82.6866368714
-82.9354838799
-83.8350046236
-82.5595612696
-84.5620501069
-83.9811023945
-83.2196245907
-83.2385642535
-84.4174907272
-82.5066639662
-83.2720388982
-83.8999030387
-84.057835591
-84.0117610987
-83.6879982053
-83.9431807493
-84.1795880955
-83.8515934731
-83.3611617874
-84.0337765357
-83.4516792217
-84.2758980783
-83.793392208
-83.8751049489
-83.6306864168
-84.0668713548
-84.178052104
-83.3030621403
-83.5965632477
-84.1664669181
-83.1833743121
-84.2370611053
-84.1560329154
-84.0333371062
-83.7649301471
-83.4870281832
-83.2034093727
-83.2600514973
-83.410528901
-84.181714525
-83.5068266613
-83.4203002089
-84.0250624016
-84.0714963121
-83.7923415057
-82.9934691091
-84.0040220002
-83.4799247329
-83.8622614614
-83.5951922499
-83.3520519113
-83.8310845098
-83.9302995042
-84.0429164303
-83.8495400762
-83.6752459049
-83.0739316982
-83.9081240833
-83.6198229968
-83.8913592345
-83.6281710987
-82.9800179813
-83.0484908135
-83.6711124681
-83.7486563498
-84.0259313449
-83.8248026626
-83.8221102368
-83.7746272088
-83.5928513131
-84.4979404247
-83.3313625827
-83.5365885682
-82.9388835076
-83.4835963932
-83.743395996
-82.9008548438
-83.7586163107
-83.0991422629
-83.8003794376
-83.614531803
-84.0992376293
-84.8825746983
-83.2465563028
-83.8409832019
-83.6198819052
-83.6829896775
-84.453024194
-83.5889324685
-83.9746018643
-84.2077896149
-83.4410790848
-84.2123540874
-83.9103678086
-83.4518762903
-83.9390504288
-82.9907975092
-84.1094554294
-83.4914348044
-83.8708560051
-84.1757322217
-83.9944664249
-84.0911301566
-83.1028693492
-83.51768494
-83.2322331744
-84.0777708872
-83.9933884053
-83.256744902
-83.3655968989
-84.0241192101
-84.0531458252
-83.9782460507
-83.4840325407
-83.256116787
-82.89061315
-83.7041699971
-83.7559144779
-83.0803702591
-84.3638904377
-83.2402121076
-83.9836462827
-83.9641376682
-82.9856194068
-83.8096789692
-83.4888377762
-83.8446193788
-83.6038183276
-84.0990537495
-83.0524666206
-84.2692429827
-83.3704592449
-83.6313808068
-84.0848479699
-83.94935356
-83.4479441928
-83.6595992299
-83.8300632144
-83.96656257
-83.4834375161
-83.4372743837
-84.0196507481
-83.7117806412
-84.0555795583
-84.0639195699
-83.6485122022
-84.0831701923
-83.9404114751
-84.4892259776
-83.6814162029
-83.8122858163
-84.1866541761
-83.212807438
-83.7847603939
-82.8640191998
-84.0664027606
-84.0068093524
-84.0931200179
-83.4527697628
-83.2128919566
-83.7764023424
-83.705312618
-83.4638673535
-83.9016744867
-83.5742121922
-83.7113453327
-83.6109086544
-84.0005270881
-83.4601641973
-83.5258698265
-83.3515021918
-84.435956188
-83.6719066533
-84.1489975847
-83.7002558638
-83.9399127868
-83.6018765236
-83.5771762991
-84.1784286768
-84.1666598829
-82.9898075745
-83.3081004094
-83.8211305703
-83.4152327348
-84.278218911
-83.8714387656
-84.1100205628
-83.8088658082
-84.1035146516
-83.7858860971
-83.4816031538
-83.242869111
-84.0637490065
-84.0315003123
-83.2650771951
-83.4584824298
-83.302543119
-83.6661156948
-83.7231452647
-83.7803020595
-83.580949979
-83.4271434163
-83.7081823901
-83.6638097423
-83.6696396583
-83.7746183104
-83.5283316566
-84.6367885069
-82.5947710944
-83.5505940127
-83.9752170456
-84.1740998745
-84.1083691617
-83.4276836649
-83.3510164871
-83.7295041266
-83.7331309873
-82.9208146623
-83.8523139993
-83.4104881207
-83.5861879736
-83.7833075898
-83.5031556005
-83.3611454089
-84.1078957332
-83.9371243836
-83.4216303599
-83.616204196
-83.6532566888
-83.6821610768
-83.7388174413
-82.8944473987
-82.8867352284
-83.0599535454
-83.8633285917
-83.4222843275
-82.5138378931
-83.8385341092
-82.9168619795
-84.0606461808
-83.0737062102
-83.1935020126
-83.956436348
-83.7947911742
-83.9137736704
-84.1641285521
-83.5417959643
-84.0546710572
-84.0570377798
-83.7018779201
-83.7182549363
-83.6024639842
-83.5845550894
-82.7422443225
-83.4572204259
-84.073887367
-84.224759101
-83.6487445563
-83.9337279498
-83.8875786197
-84.0787251634
-83.6242860367
-83.9007605215
-83.698520236
-83.9188167802
-83.5323186149
-83.5309119868
-84.0811983737
-82.327057904
-84.1999964775
-82.8396615872
-83.8527842336
-83.7146515018
-83.7191372516
-83.9728260339
-83.3240792346
-83.8076695754
-82.831501872
-83.5914687547
-83.854046816
-84.3045159667
-83.4796399993
-83.6783040764
-83.4780397983
-83.7062112354
-83.1706863305
-82.8451921058
-84.2814239964
-83.7182072496
-83.6057937856
-83.3258116073
-82.9893428145
-83.5941624564
-84.0204632398
-83.7012383168
-83.8737595729
-84.033095677
-84.3553751812
-83.8462692625
-84.0797278482
-83.46686717
-82.9764622134
-83.333221785
-83.9164302241
-83.4848070652
-83.6328906022
-83.7564579759
-83.3541592348
-83.9192610967
-83.8623762224
-83.0948803075
-83.2885658573
-83.7859761892
-83.6923848123
-83.9927984199
-84.3021478961
-84.2100425882
-83.7430344397
-84.664598281
-83.4739001122
-82.6385976469
-84.1439231211
-83.3277133328
-83.4671067942
-83.7482748544
-83.9468874974
-83.9834111365
-83.6192691772
-84.0065480728
-83.7719063387
-84.5003742149
-83.0340790587
-83.7614896693
-83.5069936197
-83.4762448487
-84.0208545898
-83.8724135339
-83.3951714061
-84.2529683667
-84.0138832793
-83.3102028724
-83.7449794925
-82.4328707486
-83.6372496907
-82.9394882091
-83.5457584621
-83.2292955085
-83.9674184171
-82.4936470448
-83.615340324
-83.2327548013
-83.8801743758
-83.3242468152
-83.8988001652
-84.0906778949
-83.4481986233
-83.6661577882
-83.6466172828
-83.5127526862
-83.5487815568
-83.9417634426
-83.6343908835
-83.3329415231
-83.9397336548
-83.3373641803
-82.8537225831
-83.8084287969
-83.7358207043
-83.2334465012
-83.5487532092
-83.8657930835
-84.2452951554
-83.9098124773
-84.2165038815
-83.9323888825
-83.3468437908
-83.5050357442
-83.4288485791
-83.2926416174
-83.4662653616
-83.4254356101
-84.0639287914
-83.5037095365
-83.5242538046
-83.3620551594
-83.6331186221
-83.351786444
-83.681384699
-83.9688507493
-83.3630856904
-84.135324553
-84.0654209427
-83.5119958225
-83.8484506403
-82.2382401548
-83.2066635843
-83.0364778871
-82.8916531902
-83.1667225791
-84.2940786964
-83.9768614332
-84.1493041679
-82.2720288818
-83.5485742786
-84.0407439978
-83.5442828847
-83.3879308435
-83.8337888472
-83.6710161773
-83.6101064677
-83.9869263375
-83.0790888461
-83.9538521613
-83.7939168362
-83.0231590236
-83.6138169724
-84.6514641293
-83.5515802126
-83.748340862
-83.5352202465
-83.9511828563
-83.7664188949
-83.9730196236
-83.799336448
-84.2570804399
-83.2770224598
-83.5216260497
-83.3748502618
-83.5012221528
-83.3327642339
-83.6786904325
-83.5766376237
-83.868375094
-83.7027820727
-83.4787434705
-84.0907996395
-83.3947480952
-84.3447807112
-83.7206612559
-83.1962137391
-83.2040465567
-83.543894058
-84.0836902473
-84.0842240612
-83.5107906238
-83.6318280093
-82.5728100535
-84.0929238277
-83.7179436688
-83.93182628
-83.1157963427
-83.9987639819
-83.5839991477
-83.6576512128
-82.662283574
-83.6708055509
-84.0813046613
-83.6146703755
-83.8554012961
-84.255301818
-84.7046067369
-83.2195864507
-83.4150312936
-83.614897343
-84.030132257
-82.7668924154
-84.5047716856
-83.2637045805
-83.3441253602
-84.1875871916
-83.8848050301
-82.1824123643
-83.3793083483
-83.2750231808
-84.1246101212
-83.2805143204
-82.9948087464
-82.3289535163
-83.8065102313
-84.2172250042
-83.0608060069
-84.0847103244
-83.4229056979
-84.2210451068
-83.4934294567
-83.3560148179
-83.6976849701
-83.3114378191
-83.9132041184
-84.1807961852
-82.6923403153
-83.3262573169
-83.5519945667
-83.3956385477
-84.0033724051
-83.6276784885
-83.4615623281
-84.0096965359
-83.2168396242
-83.7469138348
-83.9098210881
-83.7616840025
-84.045132913
-83.4059906851
-83.7077326417
-83.4412449266
-83.3436708783
-82.9287099572
-83.7080241613
-83.9132034234
-84.0885537633
-83.3060822456
-83.7898331848
-83.9783418465
-83.7727626864
-83.4203616964
-83.365106449
-83.6373585837
-83.9550347411
-83.6810177188
-84.251772997
-83.9887281807
-83.540067413
-83.4242392982
-84.6274933618
-83.8852895244
-83.187732744
-83.9295975062
-83.5946196718
-83.6721879524
-84.0885722127
-83.9751379418
-83.9961926599
-83.9765454432
-83.6464968187
-84.3079102621
-84.0708795179
-82.2311232482
-83.1431955894
-83.3196775805
-83.0869667361
-83.5598235762
-83.433182
-83.8113645654
-83.5037197178
-84.0827516377
-83.8020092524
-84.2881001889
-83.7094031105
-84.1402719862
-83.3313214853
-83.6943344467
-83.9799470008
-83.5164230108
-83.2051782621
-84.1853028462
-83.1129677144
-83.7460086034
-83.1492987917
-83.6756752353
-84.5370082855
-83.6183668485
-83.9237434591
-82.0114519978
-84.2100425423
-84.4683505151
-83.596852209
-83.7993940751
-84.2702300738
-83.3086333545
-84.0732453151
-83.858253228
-83.5726255255
-83.9157472555
-83.8312546992
-83.754837206
-82.7185501756
-83.7900890666
-84.1002424776
-83.2838463113
-83.6011214882
-84.4559786625
-83.4912927745
-83.5368742616
-83.5698513792
-83.6328667218
-84.068977654
-83.3853811837
-84.0275312919
-84.4944524114
-83.5395076955
-83.8842813575
-83.7321967826
-83.6986854476
-83.0606473177
-83.3709820693
-84.2378921204
-83.0919195785
-82.8919760911
-84.2156157885
-84.0208679092
-83.0174748233
-84.1475063348
-83.6210674345
-83.4478960454
-83.6859648951
-82.0870513408
-83.2152042825
-84.0882442223
-83.2771213546
-84.1464336674
-83.6233156536
-84.138875678
-83.5872359397
-83.2531192665
-82.9097400696
-83.9295459884
-83.8544296407
-83.8117775439
-83.6657172956
-83.5222050318
-83.883854019
-83.5483659614
-83.4837702063
-84.3029746699
-83.7687996704
-83.3314597123
-83.6557839263
-83.3413133475
-83.9036910172
-83.6670786438
-83.6932801222
-83.8837615652
-83.3956914
-83.3606666456
-83.4046604643
-83.6741426733
-83.6899301606
-83.565202068
-84.0321961743
-84.1058013795
-82.5663664206
-84.0666864982
-83.2449991842
-84.4386529071
-82.4662733687
-83.6511777733
-83.9840649502
-83.8368539072
-84.130326625
-83.0306006243
-83.7217643235
-83.6755284537
-84.0284826784
-84.2361237386
-83.4113868761
-84.1181502891
-83.0773394065
-83.8246065656
-83.7281314238
-83.7017938024
-83.663273742
-83.7870001347
-83.6592106508
-83.9476370386
-83.268915417
-83.8176146575
-83.6595647064
-83.6244098774
-83.5865530033
-83.5759815484
-83.7640283623
-84.0586512274
-83.2959526904
-83.1397737224
-83.4609012658
-83.2838173897
-83.6779998843
-83.5317538543
-83.5992143801
-84.282577305
-83.599128238
-84.4092780595
-83.2447353098
-83.0648753388
-83.8147654721
-83.790228362
-83.8090505217
-83.7028833859
-83.3818589785
-83.7121881262
-83.7860191887
-83.9706551853
-83.9596956029
-83.7524268718
-83.0837794467
-83.1384748616
-83.5619563606
-83.4369033227
-83.8499501847
-84.0617293152
-83.8468815969
-84.1355378211
-83.5617220194
-83.1559510788
-84.2195734581
-83.2713474945
-83.7483772351
-83.5074278935
-83.7588411996
-83.7963076038
-84.1896628931
-83.9974950471
-83.5789879526
-83.5714535064
-83.6499706092
-83.2881150985
-83.6422020605
-83.4742097445
-82.4492242071
-83.2215100097
-83.3119645169
-83.7764200133
-83.3366718853
-83.8026519596
-83.7634720624
-82.850817926
-82.6623781248
-83.4073747203
-83.8565896952
-84.0504902613
-83.3429022937
-82.7920362467
-83.6942452718
-83.2666965552
-82.7268463061
-83.6302585042
-83.4690553997
-84.3406993909
-83.6543319975
-83.4021275793
-83.8302645766
-83.6091051412
-83.8079005618
-83.1240687447
-84.042463614
-83.3297550291
-83.850207106
-84.1880099773
-83.0866075378
-83.8995725197
-83.6359281081
-82.8792140997
-83.4120645655
-83.355377973
-83.6510501994
-83.1178349854
-83.5204671241
-83.8871185252
-83.6651085025
-84.0489039568
-83.1952690136
-82.8039197155
-83.3720785
-84.1218208527
-84.0103075119
-83.8888284791
-83.7438125691
-83.6432734099
-84.6507441835
-83.6209500526
-84.2431272369
-83.5486396541
-83.856941034
-84.1386190769
-83.8678907543
-83.2543024841
-84.232128225
-83.7589737579
-83.6959869415
-83.5024352955
-83.1673877888
-83.4743338878
-83.1314067544
-83.6641428169
-84.1931694561
-83.956148776
-84.0840753388
-83.1681010349
-83.0862604794
-83.9019906469
-83.7840547044
-84.33932189
-83.6540177415
-83.0568227152
-82.9048812826
-83.6680157537
-83.115536155
-84.2007520773
-83.807351361
-84.0219513033
-83.9068357082
-84.1141812892
-83.5317850713
-83.4270463767
-84.0813293266
-84.0327958011
-83.8923497521
-82.9805467521
-83.1541260809
-84.0364521971
-84.2303713468
-83.8548256278
-84.1001795387
-83.2651589514
-83.6306342238
-83.6913224131
-84.1183243991
-83.9203048452
-83.6257924082
-83.9230522534
-83.7201702895
-83.1587021579
-83.1902160543
-84.0077855156
-84.0222023771
-83.8393963317
-83.8592758331
-83.8210970998
-83.038105823
-82.9497006552
-83.415692445
-82.8319739468
-83.8855945505
-83.5707591717
-83.9667927073
-83.3535845776
-83.7925412687
-83.7260664643
-83.6247484734
-83.6812691846
-83.6525553137
-83.4947942162
-83.9883674553
-83.9503728511
-83.907551664
-83.8452355379
-83.7994824325
-83.4030755128
-83.6118593181
-83.4568522325
-83.5511424758
-84.0087818977
-84.0682472738
-82.9036137547
-83.8919639159
-83.7871316231
-83.0802118241
-83.0057040429
-83.5932704599
-84.3099478876
-84.4587676282
-84.0987062431
-84.0747778497
-83.7933384268
-84.3121029869
-84.2931168773
-84.4281172974
-83.5801337489
-84.4063477738
-83.2696609183
-83.8389740662
-83.3948711356
-83.9049163141
-83.2785607856
-83.5611272888
-83.7102391437
-84.3232583341
-84.0672310396
-83.1947651783
-83.7236958997
-83.5484083994
-83.5561662735
-83.55978066
-83.6542410166
-84.1885563844
-84.3366377679
-84.196903177
-83.9380803814
-83.4340887045
-84.2703189014
-83.9695464865
-83.9032291814
-83.5368528133
-82.841408384
-83.7698445019
-84.2150962587
-83.8403312648
-83.4191964011
-83.7236977899
-83.0996506451
-82.7831234009
-83.5027596247
-83.409774775
-84.1736113809
-83.8094680829
-83.8691120892
-83.5393594509
-83.8413013897
-84.0500970523
-84.0723958439
-82.9565748445
-83.9748008038
-83.6464869608
-83.8168689158
-83.6746372295
-84.1298290959
-84.0372947149
-83.961560185
-83.257767595
-83.9245704477
-83.5892394406
-83.7284399755
-83.677498979
-83.5759266443
-83.4264515798
-83.8803024866
-83.8266764687
-83.869163401
-83.8330635474
-83.5577929982
-83.9637247641
-83.5426659231
-84.1435751403
-83.7976267975
-83.2543872263
-83.5717456357
-83.0523417069
-84.086718267
-84.0929678147
-83.5939361609
-84.3445339927
-83.5215582213
-83.7417877706
-83.2869835208
-82.7755418756
-83.6146226515
-83.4484553894
-83.6697656845
-83.4451222391
-83.2459340889
-83.8422341612
-84.1526281267
-83.7864207414
-84.0685400357
-83.6043830914
-83.9550440686
-83.59906802
-83.4206304835
-83.5628519653
-83.8689924379
-83.3731944163
-83.4249347438
-83.5628303315
-82.850930733
-83.2713461977
-83.0513332938
-83.5162133337
-84.1858145096
-83.907195209
-83.5196070846
-83.6068159066
-83.6951642228
-83.9187633811
-83.4695345798
-83.6152304432
-83.3303602449
-83.9268419902
-83.9282955976
-83.9654188133
-83.732396095
-83.9895412707
-82.7857898618
-83.5002776309
-82.734572556
-83.889930241
-84.2749611368
-83.6967482307
-83.2208168721
-83.6520136096
-84.0329003204
-83.2506918623
-83.6457310542
-83.7658149233
-83.4126512454
-83.2296325103
-84.3364343873
-83.2413598523
-83.848827857
-84.2001637771
-83.1708619032
-83.6155885596
-83.4560037394
-83.748973298
-83.5149393401
-83.5764534007
-83.9140647301
-83.3140827782
-83.9287978496
-84.4271628636
-84.2540239857
-83.7505372432
-83.3115165056
-83.3887340792
-83.7153602093
-84.3722537729
-83.7751102538
-82.8999828788
-83.9499086739
-83.618896496
-83.7636885069
-83.6444905507
-83.5900118888
-83.2011253794
-83.2358145419
-84.0954176257
-83.252956637
-83.9465198686
-83.7435260652
-83.883137935
-83.4982465782
-83.7692735723
-84.0774572773
-82.5097620952
-83.8576032533
-83.4950146043
-83.342706177
-83.0155510256
-83.720850343
-83.7847520925
-83.8950640397
-83.9027469298
-83.9124706269
-83.7511281212
-83.5484948695
-83.6948461071
-83.5443100009
-83.5854366455
-83.9287122205
-83.5076894837
-83.4140362395
-83.7148111951
-84.0901083066
-83.375474068
-83.8875104976
-83.9761679782
-83.7636706814
-82.8703693909
-83.5145337892
-83.8711287659
-83.6309711555
-84.0246118751
-84.2752700649
-83.9842621646
-84.2615991462
-83.3989034604
-84.1089495065
-83.6907007877
-83.9304292148
-83.037037878
-83.7233347428
-83.1110670604
-84.4399445989
-83.901754727
-83.8297424831
-82.1116574412
-84.132834555
-83.4590692919
-83.6573502236
-83.6730114573
-83.7835199445
-83.625189322
-83.1058932453
-84.2491720142
-82.6989447353
-84.0325976775
-84.1066648549
-83.5262465141
-83.4352358681
-83.4054968777
-83.6653042226
-83.5467698756
-83.6998824236
-82.937134892
-84.1082547021
-83.5177965909
-84.0693603253
-84.6166457263
-84.4060279173
-82.5462135252
-83.1725072716
-83.7973682667
-82.8811402163
-83.054893455
-83.6639176573
-84.0566323666
-83.7825377796
-83.4116254921
-84.3296517572
-83.8281298844
-83.5325276293
-83.7790006725
-84.0249352321
-83.6311872641
-83.4369223959
-83.3226105533
-83.4202992234
-83.7078741714
-83.9186480076
-82.5561406682
-83.8850033325
-83.484746371
-83.5061115432
-83.8505529476
-83.9958375018
-84.2831909191
-84.3558058224
-83.9944885584
-83.6917388441
-82.2301839654
-83.8514168935
-83.8136789855
-83.8385249486
-83.5091068432
-83.6102983397
-83.7366347716
-83.5371665915
-82.8827775832
-83.8357906481
-83.9362367813
-82.5992238365
-83.9429927759
-82.8871141179
-82.9966190049
-83.4633403116
-83.6964027738
-83.6548980841
-84.3822381387
-83.4858892963
-83.3252460872
-83.3148877095
-84.0288341962
-83.8619546898
-83.4558740029
-83.2831546232
-84.0466627392
-84.1050008597
-83.4053474577
-83.2903203264
-83.2367823633
-83.4483940933
-83.6437155104
-84.5790385564
-82.8844633785
-83.7579181426
-84.5908142548
-83.9238845308
-83.3126182611
-84.0829436039
-84.3316188728
-84.5844719376
-84.0105628675
-83.514695323
-82.5614315329
-83.8858885734
-83.520329524
-83.6973666243
-83.185882157
-83.7249771585
-83.2587136027
-84.276611437
-84.2477827891
-83.8670485418
-83.8790666671
-83.7168545312
-83.1307263259
-83.6882105977
-83.8271622469
-83.7142938047
-83.8262278433
-82.9900496126
-83.324684547
-83.8694415099
-83.4660252499
-83.5172548232
-83.2988211371
-83.27063481
-83.1948967434
-83.5687483443
-83.3290650059
-83.9541301582
-83.4153138844
-82.8143349687
-83.7546496636
-83.4299395975
-83.2042096078
-84.4316390221
-83.3911599326
-83.6620114325
-83.5329884733
-83.8231891817
-84.1221977068
-83.7153622828
-83.596867191
-84.1754014412
-83.2335840323
-83.6799741883
-83.617312889
-83.6935479076
-83.5903733302
-82.5120610848
-83.5583726695
-84.2286636013
-84.7614485081
-84.0883530514
-83.8123254942
-83.6393974534
-83.8162995521
-83.6245453497
-83.6116821645
-82.58691888
-83.8410881716
-82.9039307411
-82.9569147488
-83.7879278028
-83.8354883309
-83.7879032174
-84.0471719571
-83.5871991396
-84.1262394525
-83.832730341
-83.4432258502
-83.8741130331
-82.6760414902
-84.0102413938
-83.8700941037
-83.5199243985
-84.2591523898
-83.5252574884
-84.1194049614
-84.2151667575
-83.6061899809
-83.2709574367
-83.9947927832
-83.0371775874
-82.6901207585
-84.551670638
-83.1054347517
-83.6173994612
-83.0721504603
-83.2558343463
-83.5621356379
-83.5899814409
-84.4799237493
-83.9486488548
-83.8844650179
-82.8313845788
-83.9708557998
-83.9617799367
-83.5477441608
-83.5516094039
-84.0842657248
-83.7641581784
-82.3606515081
-83.9394949047
-83.5165410604
-83.2646099509
-83.7619828307
-83.630874784
-83.3574937124
-83.9077142003
-83.6218031469
-84.503694613
-83.8538987211
-84.276648324
-83.726374881
-83.8313613239
-83.9384206513
-84.025193999
-83.8012772562
-84.2137893461
-83.5189572767
-82.4098431073
-83.4678358201
-84.4189249893
-84.0617864504
-84.3492269016
-83.8769822275
-83.8761152937
-84.281959398
-83.4010787134
-83.0886830782
-83.6284374848
-84.0191633986
-83.8291331668
-83.1286078407
-83.6129481192
-83.698147636
-83.655110781
-83.5907265631
-83.5695958331
-84.2360605811
-83.7120812957
-83.3333789686
-83.3639419291
-83.0364119151
-83.5523329995
-84.1190710581
-83.6906390417
-83.7992340949
-83.4191812054
-83.3083905229
-83.7203015318
-84.1908285269
-83.4417231822
-83.7332359587
-82.5826691444
-83.7266435098
-84.1232350081
-83.6196778913
-83.6292183406
-83.951674819
-83.848304906
-83.6777037418
-84.180254289
-84.0108798915
-83.9130933198
-82.8366293239
-83.9976613069
-83.0235180367
-83.9535471558
-83.7266130891
-83.4199054247
-83.519552604
-83.6611888021
-82.88638407
-83.9084474016
-82.6854517914
-83.9603785697
-84.0447774815
-83.5119972049
-84.207748786
-84.2596722649
-84.2263672369
-83.5210958672
-84.1069030768
-83.3740946275
-82.7337212547
-83.5903871802
-83.859980245
-83.8485686972
-83.8186541829
-83.7033520721
-83.7388762953
-84.1703823421
-83.5359082634
-84.0204265838
-82.3641367103
-83.4955221192
-83.8702600414
-83.5595461127
-83.5941977066
-83.016309918
-83.508759872
-83.3896400335
-83.8307955369
-83.4372184543
-83.9307745704
-83.7126015171
-83.4371720802
-83.3430731932
-83.2872517987
-84.5054337902
-83.6022888988
-84.2829047787
-83.4001632058
-83.1555259136
-83.555793072
-82.9370609055
-83.9317071168
-83.5883203428
-83.7124726989
-83.5788493908
-83.1829538989
-83.4903878729
-83.7426466878
-83.8940919536
-83.8397396984
-83.7688307987
-83.1450733299
-83.6131657686
-83.9785776597
-83.2518582415
-83.7347445901
-83.5453707163
-83.2867154988
-83.8339934183
-84.4671786686
-84.2918059825
-83.4861812663
-83.8311951857
-84.195795973
-83.9608828529
-83.4005748368
-83.4651969795
-83.711411767
-83.9423689966
-82.8550960206
-84.1989311547
-83.7210298161
-83.7108380013
-83.7800295191
-83.9195313047
-83.9747833978
-83.543573387
-83.6718663079
-83.6884983845
-83.7527377444
-83.5352316589
-82.9855379931
-83.8516526628
-83.0276107808
-83.4859749588
-84.5518718166
-83.8625211845
-83.7194058319
-83.9476804482
-84.114030691
-82.5490973977
-84.0977037771
-83.9410054818
-82.9081241806
-83.8720567664
-83.3030837084
-83.8016950365
-83.515589529
-83.1605652139
-83.4372258594
-83.8016450443
-84.2232892561
-83.3367456056
-83.4398259446
-84.2878961523
-84.0551657014
-83.4553396201
-83.8021481129
-82.8507237318
-84.1505786637
-82.4975194502
-83.9053984765
-84.2108296997
-83.5606080198
-84.0910646102
-82.9959496783
-84.0777282417
-83.0897388632
-83.7725924966
-83.7589541283
-83.2811041072
-83.832018133
-83.8758557282
-83.4372365828
-83.158092713
-83.5313781702
-83.7147487827
-83.6190461163
-83.4114176282
-84.0580543021
-82.9654604176
-84.4200108485
-83.2296680526
-83.4308503236
-83.7686805062
-83.7650149993
-83.6427819637
-83.8413360739
-83.8357280719
-83.810046648
-83.734808757
-83.9354683336
-81.7123109659
-83.78519975
-83.6211550921
-83.464353069
-84.1158377847
-83.0442279256
-84.0583160388
-83.8628677061
-84.1834724994
-83.9926070398
-84.1615762178
-84.3817521322
-83.6090132665
-83.1351847427
-83.5131979593
-83.3474619547
-82.9320636817
-83.2428448516
-84.1318541358
-83.9970648044
-83.109996556
-84.0523570492
-83.3237433233
-83.7460107921
-83.6921400448
-83.1087286006
-84.1944002032
-83.9468095792
-83.3816770589
-83.5411790096
-83.7255232381
-83.7225369088
-82.0850980083
-83.9867154334
-83.5192868986
-83.7535004066
-84.1381298017
-84.0177610603
-82.9507031357
-84.5230083969
-83.934220191
-82.8387473645
-83.5899448665
-83.792185784
-83.8779045443
-84.2114684417
-84.3546098492
-83.4425346131
-83.5125688955
-84.3567759107
-83.7845643096
-83.3590500447
-84.2626609865
-83.2937620911
-83.3699554507
-83.8924949689
-82.1362839475
-84.0871344576
-83.9167790347
-83.6871877414
-83.7950267805
-83.5539138532
-83.1634999536
-83.9468125777
-83.9753963631
-83.951458643
-83.6485110247
-83.7008537227
-83.8326132201
-83.2236565604
-84.2100185644
-83.5269577996
-83.4641928746
-83.8207015248
-83.2806458938
-83.1445847353
-84.0152037143
-83.7783256801
-82.9645620495
-83.6891562715
-83.3909235215
-83.4722792966
-84.004144325
-82.2664575733
-83.6145194344
-83.571871038
-84.0150929798
-83.6219366139
-84.1000227212
-83.783219399
-83.2841319894
-82.9289347029
-84.1851112421
-83.9108429894
-83.728761631
-83.436828589
-83.8033567306
-83.299976987
-83.8648765117
-83.6116628846
-83.6649273648
-84.0589828947
-83.8385196731
-83.5228120749
-83.6702740073
-82.7816320782
-83.8455667104
-83.0425249281
-84.4486038935
-83.7917486364
-83.9049039298
-83.4260850821
-84.4367159955
-83.981373294
-83.023702437
-83.8100308615
-82.7398762291
-84.0521071536
-84.0450935013
-83.0480936123
-83.2399036134
-83.5445197357
-83.2686543497
-83.8820402668
-84.5413795318
-84.0728340716
-83.384080998
-83.6870530555
-83.9248495125
-83.6209532911
-83.8869224052
-84.1594829915
-83.9530622025
-83.8238395458
-83.7810854904
-84.0566978399
-84.3901276984
-83.3914739007
-83.6045316192
-83.7124588564
-83.6585899962
-83.7836300675
-84.2215695374
-83.302603945
-84.1994413892
-84.0371660303
-83.9228875619
-82.8565228452
-83.823121727
-83.6947262528
-83.7881333557
-84.1693615784
-83.2841517109
-83.9889542687
-83.8113424624
-84.0593266914
-84.1867291927
-82.6165078812
-83.3220966283
-84.264684146
-83.9717665703
-83.0743294024
-83.411110607
-83.6661543068
-83.7334099429
-82.2885636483
-83.7169998961
-82.8788127119
-83.3759367553
-83.3478480805
-83.3650734635
-83.9699348728
-84.0599390232
-82.9453856386
-83.9036629389
-83.6206470313
-83.7756343276
-84.0103783474
-83.5829970882
-84.3960996142
-83.5876384662
-83.6044316326
-83.1064797894
-83.5569091074
-84.1659114831
-84.1404998913
-84.574816597
-84.2414253464
-82.9738973011
-83.9535547889
-84.0181601223
-83.9209997321
-83.4035810934
-83.8353400505
-84.3260429573
-83.7469088126
-83.8124646192
-83.3418276742
-83.4035330866
-83.2796798191
-82.9102105577
-83.3852279334
-83.6745075159
-83.7288564295
-84.2625282492
-83.8877442136
-82.7885819305
-83.6411722754
-83.2291359441
-83.7467894531
-83.5689473446
-83.7187041604
-84.5052954072
-84.2421609274
-83.8907916941
-83.3085258997
-83.297149569
-83.7770901603
-83.6035312496
-83.8743891841
-83.318786689
-83.4684114241
-83.7037613215
-83.5745598757
-83.9431550345
-84.1646592255
-84.3546802437
-83.625055013
-84.0364141246
-83.7160054038
-83.1614500525
-84.0605320343
-83.1496394894
-83.3961528355
-83.2993727356
-83.4191899585
-83.445015356
-83.9445995914
-83.7807014133
-83.1936483784
-84.2661256404
-83.9921226454
-83.6635268292
-83.8384341001
-83.9083784182
-83.5708421278
-83.7452242061
-82.4268296532
-83.9620310523
-83.9751344999
-82.6701076356
-83.6388532391
-83.8008427725
-84.0073478851
-83.3091893894
-83.4257510614
-83.6782173526
-84.0974402204
-83.2254719352
-83.772428939
-83.603582869
-84.2154434382
-84.0445686245
-84.0752585458
-83.4814907406
-83.4396038107
-83.6870024327
-84.2732683112
-84.0649593168
-83.0440723809
-83.099791598
-83.8853678642
-83.2404740939
-83.8952883104
-84.1229207418
-83.9061532757
-83.6155010059
-83.8252104024
-83.545559468
-83.8351986653
-83.1881682896
-83.6939293968
-84.0875133603
-83.1763690873
-83.5832093467
-83.7847220941
-83.1273175083
-83.3994003515
-84.2993935404
-82.192334031
-83.3136365672
-82.9517068397
-83.4965026196
-83.3793250091
-83.0776160207
-83.9187096272
-83.6756429298
-84.1376205537
-84.1574680311
-83.1726013036
-83.1419676925
-83.2799440327
-84.1381210481
-83.3484681345
-83.3464787678
