-85.3924318589
-85.4387344587
-85.3532417266
-85.4200113665
-85.5569020423
-85.3466195867
-85.4458789563
-85.4224384291
-85.3122568601
-85.3465121065
-85.4578267817
-85.4122789623
-85.352924135
-85.3981658541
-85.4433354373
-85.32515837
-85.3475977385
-85.4498415481
-85.333750117
-85.414467309
-85.3212275828
-85.3059733451
-85.3861873842
-85.396162747
-85.3145596629
-85.4177477449
-85.4975080293
-85.4759006353
-85.3076300846
-85.3611677852
-85.375502396
-85.3906948758
-85.3060921987
-85.3563771293
-85.349944708
-85.3028778582
-85.4150397118
-85.4644279853
-85.3216826806
-85.4976331847
-85.3680625872
-85.4483522974
-85.2939186805
-85.2902206219
-85.2086832316
-85.44933059
-85.4152904678
-85.3612931538
-85.3113309468
-85.1987125412
-85.285661988
-85.4313082637
-85.4693514956
-85.4689432408
-85.4461355733
-85.5185103175
-85.2830102917
-85.4367421565
-85.2183387646
-85.2436282242
-85.2913356974
-85.3223453828
-85.4303727687
-85.4262204058
-85.4446465669
-85.3402777762
-85.3088432507
-85.2521824333
-85.4183309803
-85.3613729964
-85.2370988344
-85.3171241075
-85.3896915623
-85.3751138096
-85.3200974595
-85.3009307548
-85.237449781
-85.5681976591
-85.3434397648
-85.228703979
-85.5267619288
-85.4595859487
-85.3294594808
-85.2495827595
-85.4326299223
-85.4058812541
-85.3590467181
-85.2335596271
-85.3370346527
-85.1800682192
-85.4510051024
-85.4791015253
-85.3435415037
-85.3302790815
-85.1554993434
-85.4638130915
-85.4236024061
-85.4251447203
-85.3207339949
-85.4872195008
-85.2998285709
-85.2181712279
-85.4054027135
-85.4988736834
-85.3196404556
-85.4337868232
-85.3366713456
-85.3728461125
-85.2864156234
-85.3587072963
-85.3167520493
-85.220877695
-85.2833177823
-85.3115662403
-85.3319286889
-85.5073154753
-85.271450132
-85.3081674849
-85.3645356056
-85.278349771
-85.2097039516
-85.2480228174
-85.2919206268
-85.2693022323
-85.2777516391
-85.3197033304
-85.3311673782
-85.3237628215
-85.2383982495
-85.2953253492
-85.2576349336
-85.2553293122
-85.1939312776
-85.246703926
-85.3857828699
-85.3929777571
-85.2957885639
-85.4137648091
-85.4309755435
-85.1400011559
-85.427806971
-85.3042502058
-85.2764561716
-85.3974191661
-85.3596777571
-85.4003866564
-85.2556071169
-85.483578142
-85.272802332
-85.2108476154
-85.2159076678
-85.2506261812
-85.2018606576
-85.298361517
-85.3741812603
-85.1997770511
-85.3092541569
-85.3410201938
-85.3707209951
-85.1940912099
-85.1246825266
-85.3032414304
-85.3812969455
-85.2980593466
-85.3725249267
-85.2342310486
-85.3466541645
-85.2603247488
-85.3162241178
-85.2929879533
-85.4081752044
-85.4221589756
-85.2923921188
-85.4080277601
-85.3926944595
-85.2980597105
-85.4073920359
-85.1763366272
-85.1811049286
-85.1327553754
-85.3561798654
-85.3104783502
-85.1377081409
-85.1889035362
-85.3429721818
-85.3379472279
-85.3335273752
-85.2439458016
-85.3897899514
-85.3678583458
-85.3701132314
-85.376692144
-85.2624235488
-85.3103504864
-85.2292813348
-85.3592945459
-85.291359462
-85.2487988687
-85.2973464355
-85.3281729796
-85.1893049213
-85.2020356929
-85.2704488869
-85.2626703007
-85.2130515297
-85.376177213
-85.3704614769
-85.240518762
-85.132453739
-85.3743661502
-85.267789395
-85.2736282644
-85.3368582208
-85.3358304409
-85.250070527
-85.1814766658
-85.3717400998
-85.1832229773
-85.1848855438
-85.177645291
-85.2812558175
-85.2713407653
-85.2949851005
-85.3076558929
-85.2412375301
-85.2467411727
-85.2109996815
-85.2647897754
-85.3722242428
-85.4182082677
-85.204266287
-85.4289945397
-85.3836090399
-85.2943697877
-85.338787602
-85.3059964049
-85.1122378549
-85.3979699633
-85.2310416381
-85.3211979982
-85.2579211458
-85.2693641047
-85.2869521872
-85.2626688206
-85.2934102685
-85.2676319286
-85.1928452959
-85.2784624701
-85.3382500031
-85.1392675528
-85.3796855278
-85.398540639
-85.2192689132
-85.2625754766
-85.3082112127
-85.3618854929
-85.3232593294
-85.1961641452
-85.1402814379
-85.3485189562
-85.2499404998
-85.1126345912
-85.1955113612
-85.25839122
-85.2321542809
-85.3164998959
-85.2492484427
-85.2954064743
-85.3239502734
-85.3751494373
-85.2766320351
-85.3180404673
-85.1879904405
-85.4007040108
-85.2942563332
-85.2613412542
-85.3456327026
-85.0701866916
-85.1320748069
-85.2479948596
-85.3237569512
-85.2957428621
-85.2188334334
-85.4041909923
-85.2225472272
-85.3462563876
-85.2159380782
-85.1559244809
-85.3503813389
-85.2676814773
-85.2470829302
-85.2867327953
-85.2835048742
-85.2210320583
-85.2023820049
-85.1965112003
-85.1383110403
-85.2745261516
-85.2325071796
-85.1657094095
-85.2252783105
-85.2402571663
-85.341816058
-85.1600352978
-85.2089530986
-85.3115013473
-85.1350256091
-85.1317129166
-85.1642525291
-85.1259098298
-85.4182724892
-85.2140667544
-85.1307847625
-85.2915133104
-85.0782226086
-85.1907468533
-85.1865318354
-85.3469242102
-85.1425916155
-85.1917831524
-85.2534471215
-85.2499371894
-85.118010293
-85.214212436
-85.2755758518
-85.2896536512
-85.3228857429
-85.2437323582
-85.2182833485
-85.3159139959
-85.2294366539
-85.2292302266
-85.1635046604
-85.2389085963
-85.2364924722
-85.2132870845
-85.2899972567
-85.230154789
-85.3277307497
-85.3178610292
-85.2866304928
-85.2038017983
-85.2054704989
-85.0768441915
-85.3124559634
-85.241592278
-85.264882262
-85.2451004567
-85.288081649
-85.2366065607
-85.2773271869
-85.1584227341
-85.1268916056
-85.3066575634
-85.212920964
-85.1865364644
-85.2763795949
-85.1768203812
-85.168247644
-85.2649112941
-85.1706892593
-85.2269284349
-85.2147786511
-85.4153938834
-85.1106873705
-85.1068656614
-85.0793259817
-85.2769134862
-85.2509326976
-85.310012975
-85.1960605294
-85.3501636781
-85.232207785
-85.2066622756
-85.1953239301
-85.388528292
-85.401056319
-85.324310477
-85.2168829671
-85.2130889575
-85.3182269668
-85.1222767358
-85.1708421558
-85.1220591562
-85.2918818398
-85.0463524669
-85.3671942327
-85.164816797
-85.3132293307
-85.2677276975
-85.2931547904
-85.3838831163
-85.2120239451
-85.1978818967
-85.2317970887
-85.1664464129
-85.2150047517
-85.3359180468
-85.1638679529
-85.3229481803
-85.1317239781
-85.2678696927
-85.2425935228
-85.1707344898
-85.2898967334
-85.3162579567
-85.2442489918
-85.3185216807
-85.215427233
-85.1491218667
-85.2868352422
-85.2076015726
-85.1836266226
-85.2619342031
-85.1082097739
-85.2820373915
-85.2410440479
-85.1593879096
-85.2998794533
-85.2402640607
-85.191010118
-85.3261731206
-85.1079670115
-85.2139883127
-85.3811536678
-85.3278379742
-85.2706223967
-85.2918514278
-85.2377922831
-85.2104380453
-85.0821334679
-85.2891138096
-85.2538982627
-85.1580533546
-85.2572732863
-85.2472739032
-85.2686488495
-85.2882482074
-85.2547560846
-85.2452089962
-85.3559441436
-85.2359305485
-85.1941009152
-85.2157874519
-85.2533343756
-85.1821922157
-85.1578480945
-85.1811489567
-85.1676998595
-85.1187307089
-85.2740584676
-85.2405065435
-85.192692458
-85.2830499941
-85.205301187
-85.1159643844
-85.1561418931
-85.2383761924
-85.2482613863
-85.1572365448
-85.2669117696
-85.2496742912
-85.138074336
-85.2185910222
-85.1545771131
-85.2712413
-85.2328982131
-85.3415013842
-85.2364553247
-85.2689860175
-85.0846998657
-85.1970949966
-85.2522722468
-85.2291467992
-85.2840061653
-85.2500069714
-85.1416880635
-85.1550965902
-85.2059800764
-85.2883389918
-85.20982771
-85.1912873169
-85.2296564272
-85.1650527448
-85.1351649154
-85.1825108258
-85.2874583354
-85.3166128582
-85.2092822997
-85.271677688
-85.2514146261
-85.3121328322
-85.2507002719
-85.1268449396
-85.2812925051
-85.1983375812
-85.1800005536
-85.3216394624
-85.1871276338
-85.1121013093
-85.1825799572
-85.1993675196
-85.1271061314
-85.2007465472
-85.2193183521
-85.1352520977
-85.2069757643
-85.2036534444
-85.25202204
-85.351376079
-85.2711150196
-85.3061798715
-85.3116260596
-85.1231235934
-85.2185843903
-85.1255318448
-85.2313333551
-85.148792819
-85.2909360651
-85.1244341516
-85.2787392491
-85.090398084
-85.1124009094
-85.2759182222
-85.2018105366
-85.2468763604
-85.2436085883
-85.2346729917
-85.2657506405
-85.1575529039
-85.1351228246
-85.2414883156
-85.2244616789
-85.1998205982
-85.2356615636
-85.1189901716
-85.1845896902
-85.1068990988
-85.1736331691
-85.2673384623
-85.1017280199
-85.1516287435
-85.174933362
-85.2276242157
-85.1779737944
-85.2346841859
-85.308340653
-85.2544322122
-85.3126745482
-85.1577249882
-85.1890386452
-85.2098540546
-85.1398166892
-85.2386201456
-85.0895527099
-85.1568527526
-85.1493623513
-85.064159452
-85.1054654016
-85.1825209901
-85.1107316206
-85.3153206811
-85.1501886807
-85.2931375292
-85.1623499161
-85.244832312
-85.1707366203
-85.2058547845
-85.237856794
-85.1270176921
-85.1237119291
-85.2023515556
-85.2654780072
-85.1494603813
-85.2374484199
-85.0782711418
-85.3365567102
-85.1554936561
-85.0574470378
-85.2044309944
-85.2622283184
-85.2235145033
-85.1262528989
-85.353093979
-85.1893652127
-85.2742690481
-84.9844137349
-85.2660160612
-85.2670874635
-85.2440247561
-85.1988123693
-85.3617829435
-85.2179712403
-85.270837658
-85.2834302638
-85.1350580214
-85.2745305905
-85.3615021327
-85.2058986514
-85.1419426409
-85.2988672519
-85.2883281678
-85.1652859669
-85.0572013321
-85.1347351115
-85.1872184702
-85.2981162528
-85.0954721233
-85.2046924937
-85.031538529
-85.1612664083
-85.2057349701
-85.2362572927
-85.184381414
-84.9806966982
-85.1617916762
-85.2212832639
-85.2208711173
-85.1334514902
-85.1583079906
-85.2577381276
-85.1460018245
-85.1884264687
-85.2972760612
-85.1463919532
-85.1721937451
-85.2342607256
-85.1309826461
-85.131536594
-85.2315687466
-85.1856755736
-85.1115280361
-85.1622359711
-85.2669931721
-85.0168575767
-85.2366511915
-85.2211720881
-85.2889916965
-85.0956811409
-85.2449502617
-85.1522719302
-85.1702361359
-84.9994595435
-85.224278081
-85.1124940175
-85.1848420382
-85.1190598851
-85.2278505584
-85.261075741
-85.3127572678
-85.1575016353
-85.1550009699
-85.1106627002
-85.1518317585
-85.099050132
-85.0811570083
-85.2473078687
-85.1577854615
-85.2072161415
-85.014833922
-85.124792663
-85.2486956964
-85.1620655528
-85.1857141922
-85.1787062838
-85.1015070051
-85.0587889569
-85.0833346966
-85.1994857166
-85.1730094647
-85.120548924
-85.2629710217
-85.2178429731
-85.1806361343
-85.1067841885
-85.1054301181
-85.1475097961
-85.2916522591
-85.251856343
-85.1878689221
-85.0610478006
-85.013469067
-85.1128633611
-85.2136312925
-85.095390555
-85.1334443931
-85.0884794038
-85.1663461124
-85.2414913815
-85.1338918364
-85.1819897949
-85.1370326125
-85.1531419404
-85.1167973931
-85.2372637088
-85.1782404128
-85.0718483249
-85.2069193035
-85.1545042537
-85.238286186
-85.2474380791
-85.10635369
-85.1378521502
-85.2333084195
-85.2202536689
-85.2180044524
-85.2543335113
-85.2499009669
-85.2222521877
-85.3492143052
-85.1893342206
-85.2658424528
-85.2095076501
-85.3058826981
-85.269711854
-85.2171768958
-85.2840451292
-85.1379218029
-85.1141794104
-85.0934626325
-85.2328093129
-85.1621749671
-85.188020599
-85.2261235471
-85.1259784421
-85.1160490055
-85.0780986683
-85.2472594351
-85.1752449651
-85.3072781908
-85.1478087165
-85.1338843409
-85.2621137519
-85.2311366046
-85.1475806237
-85.1971414795
-85.0792215058
-85.0169456418
-85.1432154497
-85.1941972471
-85.1984370704
-85.2542543231
-85.2852118401
-85.1914831493
-85.1143507137
-85.1145850945
-85.096779666
-85.1727993753
-85.1475488699
-85.2414129238
-85.0693359326
-85.2108079837
-85.2283263847
-85.2620553868
-85.2512601435
-85.2134715355
-85.1763445727
-85.079919357
-85.2976631237
-85.3469682762
-85.0956574719
-85.0958034911
-85.2645306856
-84.9379490104
-85.2134911546
-85.354433688
-85.2166766886
-85.2229500559
-85.1651835332
-85.1009594346
-85.1557298387
-85.1880171379
-84.977395381
-85.1903223154
-85.1671481226
-85.1990847387
-85.1289709735
-85.2922869384
-85.2305251108
-85.1010447157
-85.2665702331
-85.1939663037
-85.3237990601
-85.0358647862
-85.1483955691
-85.2391351983
-85.1173538067
-85.2217152726
-85.2195200162
-85.1520998434
-85.1550048496
-85.1626012563
-85.2746352637
-85.1334316948
-85.1914814109
-85.1756270493
-85.1199864606
-85.2345545321
-85.16185401
-85.2266863293
-85.1655667224
-85.099104894
-85.1923610326
-85.2606613325
-85.0630105644
-85.0111650043
-85.0667380604
-85.2828576746
-85.1692016092
-85.194137703
-85.1794052213
-85.1711510017
-85.27800521
-85.098086627
-85.0713159362
-85.195547279
-85.0735130623
-85.0586376335
-85.0869793988
-85.1734664985
-85.1802407244
-85.1445610404
-85.2104448855
-85.2196596912
-85.1515270244
-85.2727570356
-85.0533365754
-85.1402742805
-85.2504866426
-85.2297608181
-85.1619199291
-85.1964395308
-85.3650252173
-85.1717243154
-85.258586484
-85.1964000828
-85.1935830684
-85.1817611712
-85.1417094108
-85.2882847269
-85.1839388049
-85.1934435432
-85.0651014523
-85.1885707779
-85.1108215459
-85.1571271436
-85.1613466305
-85.1439484476
-85.1685939871
-85.151869651
-85.2061715187
-85.0369157154
-85.1686850479
-85.2536440031
-85.2886594599
-85.0787930535
-85.2692107946
-85.0981893707
-85.1085787643
-85.1609763177
-85.1932187022
-85.1312752447
-84.9978565096
-85.2213276776
-85.2358780617
-85.1108202584
-85.0786752839
-85.1530865979
-85.1643521402
-85.2195805354
-85.0428295361
-85.3575216022
-85.1263002844
-85.0969548721
-85.0463181315
-85.1765811583
-85.1417089419
-85.1170716486
-85.1227750961
-85.169367056
-85.1647083503
-85.1274620756
-85.1380969249
-85.0939562308
-85.1483075801
-85.2531341534
-85.2321784467
-85.2231055415
-85.1861940775
-85.2112252374
-85.2240130087
-85.3010546218
-85.1777216579
-85.167863607
-85.1454294888
-85.0190509405
-85.177078773
-85.3165415982
-85.1668071659
-85.0553176179
-85.2565376346
-85.1661711998
-85.1520971285
-85.2187593513
-85.0841450572
-85.0700348306
-85.2083001829
-85.1364146866
-85.1367209701
-85.1529288524
-85.2494307936
-85.1535894263
-85.2976415418
-85.0872981433
-85.1265195552
-85.1259361297
-85.2161545963
-85.1484207954
-85.1641928486
-85.1477280234
-85.2269010031
-85.1561045256
-85.162868928
-85.1649859088
-85.2495697851
-85.2802670596
-85.2574712908
-85.2545870363
-85.2706126983
-85.1151467763
-85.2293307779
-85.1215633292
-85.2185651897
-85.2228193943
-85.2029008456
-85.1302321424
-85.2108198312
-85.2851740578
-85.2484155933
-85.093420496
-85.094712066
-85.267430269
-85.0872056362
-85.1998753425
-85.1830268802
-85.226281074
-85.0504554939
-85.1768214849
-85.1246223367
-85.2133430814
-85.2662799395
-85.0596986502
-84.9254290571
-85.1714686386
-85.2592685967
-85.1501426069
-85.2133155185
-84.9826368837
-85.2539286767
-85.0372873453
-85.1290891132
-85.1565583063
-85.2006989021
-85.0916181756
-85.1908342771
-84.9922696765
-85.0840321929
-85.2128768143
-85.0511508383
-85.1215511854
-85.0929397683
-85.2143004113
-85.0696196768
-85.2580285664
-85.273805814
-85.1074179177
-85.0376927113
-85.1327840735
-85.1217120453
-85.1778448738
-85.1575297058
-85.1289231745
-85.203144714
-85.0910525962
-85.1051006066
-85.1295103917
-85.0959734369
-85.1154511722
-85.2180335408
-85.1015833715
-85.1836016643
-85.331812244
-85.2757061502
-85.1156996267
-85.2695402354
-85.2083718963
-85.1378898522
-85.2607738102
-85.1837133674
-85.3719131768
-85.0696562097
-85.2500177117
-85.1577754549
-85.1868157916
-85.1348629434
-85.0627222467
-85.1632152978
-85.2198522657
-85.088058415
-85.1850431503
-85.239216322
-85.0605791823
-85.2285640263
-85.0994835176
-85.199706714
-85.1267319946
-85.1498943921
-85.2514327638
-85.0235422497
-85.1003810126
-85.2662951246
-85.3014067603
-85.2114372662
-85.1607160557
-85.2696259723
-85.1170406953
-85.167544648
-85.1990000526
-85.1172678144
-85.1717973947
-85.2254090907
-85.2047221611
-85.1849432588
-85.2291438853
-85.21903618
-85.1979152371
-85.257773658
-85.1850511519
-85.1724211974
-85.141775354
-85.0815273381
-85.2261395355
-85.1820027411
-85.107443729
-85.1005494923
-85.1383204441
-85.2346466069
-85.1296508672
-85.2525169994
-85.0495396726
-85.0551310815
-85.2422332914
-85.1587739157
-85.2912490573
-85.1152140333
-85.1272298493
-84.9700900398
-85.123444132
-85.0957473659
-85.1718150376
-85.1470528873
-85.2257339087
-85.0397798132
-85.2168640243
-85.1770821211
-85.1296186866
-85.113964009
-85.255585303
-85.0489009528
-85.2145692816
-85.1487317531
-85.1669380095
-85.166558563
-85.2569593377
-85.1895188504
-85.11175585
-85.0759361461
-85.1560233341
-85.242009127
-85.1471214058
-85.149455749
-85.0660100065
-85.0005363774
-85.100417927
-85.1593433982
-85.0369540735
-85.1272287816
-85.1641962947
-85.1652270371
-85.0806896676
-85.2363153351
-85.228885499
-85.2939124838
-85.1355210486
-85.1925786652
-85.1481686904
-85.0851514688
-85.0176572753
-85.2394352415
-85.1921016844
-85.1559563811
-85.1088249647
-85.0771715233
-85.0926704617
-85.1838831651
-85.1709004839
-85.2398387213
-85.179095679
-85.1507550004
-85.1059595516
-85.1536626997
-85.1894738272
-85.0705778735
-85.2071701867
-85.1369470989
-85.1387463258
-85.0873518177
-85.3607197413
-85.2138080813
-85.0540328519
-85.2378178256
-85.2356376803
-85.1367266655
-85.1420855417
-85.1470231006
-84.9630999508
-85.0310546164
-85.2434515643
-85.1281207582
-85.0368095284
-85.0884966205
-85.2002847728
-85.2294741706
-85.1579893274
-85.1162849594
-85.2980984265
-85.2763143013
-85.1447656575
-85.1035792851
-85.1869855525
-85.2086955503
-85.1266628049
-85.2390294898
-85.1345897304
-85.2779844561
-85.1184413763
-85.0921162313
-85.1716642967
-85.0933247772
-85.1349538718
-85.28939664
-85.2167786794
-85.1713820984
-85.1909560082
-85.0686868191
-85.2172426268
-84.9650385319
-85.2676944425
-85.1512300611
-85.0855545138
-85.1929089592
-85.248311583
-85.2341223227
-85.1223030283
-85.1640811671
-85.2234967881
-85.1390807222
-85.1102518245
-85.0964845472
-85.0933370838
-85.0579287339
-85.0713630784
-85.1089979562
-85.2577255274
-85.1612008861
-85.1549606076
-85.0521726961
-85.2195436996
-85.0753974212
-85.1076214776
-85.1008314454
-85.1308697975
-85.0936481668
-85.3196050111
-85.1610639187
-85.1172437043
-85.1711291737
-85.141330686
-84.9922109932
-85.0979350217
-85.1989184047
-85.1898717212
-85.2427383795
-85.153999251
-85.1554939868
-85.1700526726
-85.2309990486
-85.2040909282
-85.1310609254
-85.0432532843
-85.1842588822
-85.4131337132
-85.0845673556
-85.1608953726
-85.2330714359
-85.0981756019
-85.1866402748
-85.2009593781
-84.9719398556
-85.1678149441
-85.0471952169
-85.2412429939
-85.1635599504
-85.2892109796
-85.1179813773
-85.2536366989
-85.1560040738
-85.2334317973
-85.0732815086
-85.1007256107
-85.2283999955
-85.3083051448
-85.1141618075
-85.1611133111
-85.1553961834
-85.2061287635
-85.1977200362
-85.1889417925
-85.0729488284
-85.2132644496
-85.0312956088
-85.2093466178
-85.3304664277
-85.2475035935
-85.1548693386
-85.0506460717
-85.2733673975
-85.0386654003
-85.1515307987
-85.1776190005
-85.1908001766
-85.12321337
-85.1435089689
-85.1739125689
-85.2204580261
-85.1923134551
-85.1485262733
-85.1270713543
-84.9785308969
-85.2799040177
-85.2386339048
-85.1265693751
-85.0577554083
-85.1193066084
-85.1890142591
-85.2313707295
-85.0997233398
-85.1058165197
-85.0121049343
-85.1169616686
-85.1964197249
-85.1484316677
-85.2165971099
-85.0442805712
-85.1838565309
-85.1672454214
-85.1875555917
-85.1177862493
-85.173701541
-85.2121538445
-85.1563489791
-85.1768850322
-85.2364318982
-85.0914820705
-85.0634302218
-85.2070443698
-85.2286809698
-85.1179981228
-85.1391653001
-85.2009598468
-85.107465562
-85.1731648321
-85.0693974865
-85.0246764436
-85.2076816843
-85.2080950093
-85.0817805021
-85.2338090471
-85.2419362768
-85.1487800218
-85.1545669223
-85.1460574726
-85.0982641473
-85.1024935937
-85.0299741227
-85.1025634698
-85.215591304
-85.1162401274
-85.0578852398
-85.0492146128
-85.1040757443
-85.2279895436
-85.0758271351
-85.1207316475
-85.2031145659
-85.1931193095
-85.069645358
-85.2259256637
-85.1979330294
-85.1529507549
-85.1269418577
-85.1073394938
-85.2117256858
-85.1079744563
-85.1925606476
-85.13144748
-84.9561068434
-84.939552797
-85.1405893909
-85.2055878212
-85.162127839
-85.1925100896
-85.0686753268
-85.0372254626
-85.0500554009
-85.197712429
-85.2028556356
-85.1877823474
-85.1998371326
-85.0980544016
-85.2217096648
-85.2299056421
-85.1974228127
-85.0888796484
-84.9586108544
-85.1465122615
-85.2404955852
-85.0111830615
-85.2512875639
-85.1649460882
-85.182887127
-85.1150821982
-85.1264144019
-85.1090936823
-85.1231927437
-85.2699364635
-85.0764863372
-84.942399134
-85.2293782798
-85.2106505686
-85.0840291153
-85.1470244657
-85.161132318
-85.0766155928
-85.2291670975
-85.1624014137
-85.238003487
-85.2258019707
-85.28578979
-85.1004119849
-85.135641196
-85.1788429199
-85.1466031011
-85.1239363176
-85.0840733301
-85.1759249171
-85.3248285556
-85.1385447221
-85.1726063218
-85.0317219847
-85.2660673594
-85.1069956109
-85.1470539996
-85.0417118229
-85.0635137857
-85.1522378949
-85.1403748465
-85.2216666985
-85.0597209631
-85.2066319741
-85.2557924966
-85.1115842917
-85.2238706318
-85.2007596399
-85.2724503133
-85.1822610523
-85.059596816
-85.1167263956
-85.0336417267
-84.9562479889
-85.2832842511
-85.1230812115
-85.2098047927
-85.0618306852
-85.1986287541
-85.0857835749
-85.0376662988
-85.218497672
-85.1274011694
-85.0954959603
-85.2336058994
-85.1619974112
-85.0719233466
-85.1533458847
-85.1518575725
-85.1392727622
-84.9914993471
-85.1317536004
-85.139770759
-84.9376867967
-84.9670848917
-85.2171129255
-85.1966191845
-85.0544622138
-85.1052249663
-85.1287345474
-85.0018317234
-85.1332962125
-85.121779227
-85.2098852202
-85.2059003598
-85.3190100122
-84.9737755131
-85.2484277848
-85.1461995199
-85.087251626
-84.9666411566
-85.1057986242
-85.1942246692
-85.1943623799
-85.1339890993
-84.9075619831
-85.2279932322
-85.1263527713
-85.3523302429
-85.008376716
-85.1358214804
-85.2111068043
-85.0600702699
-85.2738585293
-85.0737329732
-85.1108547449
-85.1080597337
-85.0267811071
-85.2386851982
-85.2655989748
-85.1027059629
-85.3111212018
-85.0994170386
-85.0535007306
-85.1103590385
-85.1896705752
-85.1887923407
-85.2992776124
-85.0886811102
-85.1962581905
-85.1636752114
-85.1285574879
-85.037327043
-85.0932304957
-85.1762592147
-85.1112797414
-85.1991411084
-85.2130235483
-85.2218769259
-85.1555225298
-85.0001511788
-85.1041853937
-85.1809792454
-85.2308388514
-85.2441498727
-85.2129434092
-85.1828897543
-85.1028820093
-85.0174317169
-85.0513250238
-85.1441139813
-85.1428407773
-85.3213827647
-85.0557730934
-85.2701346404
-85.186389029
-85.1665784727
-85.087310246
-85.1359334226
-84.9626493584
-85.1844830352
-85.1620769563
-85.1217675897
-85.236376369
-85.1623286136
-85.0151404757
-85.2355478962
-85.1298179516
-85.1296211588
-85.2487543408
-85.1453057267
-85.0212447494
-85.2041602274
-85.1819440075
-85.1220019037
-85.1279393487
-85.1751607387
-85.1900439333
-85.1646010615
-85.0082797124
-85.1393630344
-85.2348793362
-85.1379769782
-85.2303620489
-85.0648433748
-85.1411986143
-85.1448531914
-85.1298735509
-85.1706887147
-85.196644114
-85.3167381563
-85.2422781151
-85.147852887
-85.1077130277
-85.1319493738
-85.2765766122
-85.2118522516
-85.1748509466
-85.1075457987
-84.8837648296
-85.2393482522
-85.1283809535
-85.2286463962
-85.0444518434
-85.0379350646
-85.1621566018
-85.1836153785
-85.1091406331
-85.2131158612
-85.0905390058
-85.273332977
-85.0573033685
-85.0401792106
-85.0241171093
-85.2407892419
-85.1067538695
-85.1889564473
-85.2212927424
-84.9743136559
-85.1073880186
-85.2513877671
-85.1038516625
-85.0682052909
-85.1849569184
-85.1396780366
-85.0732565061
-85.2584303019
-85.1534719573
-85.0710717679
-84.9797444056
-85.2047708631
-85.1330897941
-85.0299840611
-85.2577161989
-85.0648482804
-85.0825811794
-85.0208404804
-85.2335708922
-85.1663455171
-85.2376785093
-85.185315395
-85.2234238265
-85.1947215278
-85.2929941079
-85.1318792124
-85.2080797242
-85.0572345313
-85.1718084831
-85.141677296
-85.241139687
-85.1575002269
-84.9985086777
-85.0926012588
-85.2835196003
-85.1962712065
-85.0962640131
-85.214095402
-85.1595746331
-85.0226502987
-85.0843181646
-85.0874722488
-85.0885038635
-85.1232456605
-85.0540878514
-85.1665757026
-85.1294093804
-85.1095787993
-85.1867758866
-85.1299910261
-85.1017150705
-85.1697178514
-85.2430842628
-85.1729568581
-85.1726967489
-85.1779086256
-85.1213361107
-85.0691890312
-85.1939598414
-85.0947973492
-85.0205594431
-85.2002092278
-82.113848803
-85.1212779054
-85.3077603615
-85.2328748915
-84.9722703285
-85.2453059315
-85.3148588332
-85.1493511808
-85.1220375976
-85.2264811314
-85.1543197618
-85.2074359967
-85.1969070325
-85.1216896462
-85.2977199715
-85.1055355555
-85.2283970515
-84.9868984422
-85.2050009116
-85.2434223973
-85.1255188723
-85.2321528397
-85.2220601735
-85.1318434411
-85.0824251083
-85.0949787527
-85.2097484549
-85.1577595582
-85.1109786034
-85.2521770014
-85.1596208036
-85.0619572972
-85.0955383437
-84.9773023008
-85.274613565
-85.128825633
-85.1557450269
-85.1433191045
-85.2313874441
-85.132131018
-85.1316307198
-85.3017993777
-85.103992171
-85.0145960065
-85.2508822782
-85.1546187243
-85.1291927195
-85.1589457589
-85.2312805929
-85.0902030789
-85.1821868674
-85.0841793284
-85.2540717283
-85.1657377591
-85.159795805
-85.2392504434
-84.9908528803
-85.1596754443
-85.0864642932
-85.1931436116
-85.1173654952
-85.142722535
-85.1125242989
-85.2402810629
-85.2870224002
-85.2711082295
-85.3103835862
-85.2965980756
-85.1407643183
-85.2072132335
-85.1925372701
-85.1564374131
-85.2241662918
-85.3016225637
-85.2125273653
-85.0908032059
-85.2407136628
-85.0835862399
-85.18720312
-85.2385563128
-85.1961822654
-85.2284254453
-85.2583770419
-85.1827344396
-85.1191215908
-85.1755714919
-85.1432189304
-85.1767494609
-85.2774238241
-85.2028975345
-85.2213007959
-85.1494905308
-85.2445557543
-85.2123491756
-85.0550558326
-85.0501140501
-85.1485755904
-85.0199215408
-85.1705681647
-85.1166436947
-85.1893195998
-85.15652878
-85.0479995963
-84.9402988727
-85.0987707588
-85.1487636394
-85.0750541413
-85.3389286613
-85.0249011762
-84.9904723284
-85.0903680638
-85.1306875111
-85.1261201453
-85.1189890255
-85.2389499352
-85.073206559
-85.1403452545
-85.2232758196
-85.1608552331
-85.1955832097
-85.232648261
-85.3343687113
-85.1356342279
-85.1996343792
-85.1130668657
-85.2770015264
-85.2577447447
-85.3299663688
-85.1537059853
-85.1581405826
-85.1729551626
-85.1091958852
-85.1736478335
-85.180386757
-85.223304398
-85.2564491985
-85.1710311524
-85.1840644801
-85.0359168874
-84.9867618063
-85.0965192307
-84.9822028117
-85.1840130645
-85.1006147255
-85.2560156026
-85.0570615553
-85.1369527629
-85.2230898841
-85.2894020487
-85.1005968331
-85.1369889655
-85.2226540218
-85.0772783563
-85.1420364701
-84.9900121423
-85.0050284062
-85.1947690302
-85.0859665115
-85.2254118637
-85.1020000584
-85.2542191657
-85.1640672934
-85.125031595
-85.0966492001
-85.216822931
-85.2037018822
-85.2081167096
-85.1827086726
-85.2467619669
-85.0369143765
-85.1105254655
-85.0667902557
-85.3266122769
-85.1506517137
-85.2903514722
-85.1888452712
-85.1440761994
-85.1237499067
-85.2409011263
-85.1739929961
-85.1831502635
-85.174064552
-85.0043539643
-85.0781521902
-85.1488509607
-85.2736055996
-85.1811159413
-85.2191095534
-85.1442709947
-85.0623150123
-84.9914251855
-85.0662735193
-85.2263378813
-85.1590818286
-85.201715588
-85.1355097222
-85.2196132169
-85.1087339237
-85.2275637204
-85.1557739563
-85.1873347953
-85.16660044
-85.104630433
-85.0365028997
-85.2303538862
-85.1587406047
-85.2515348834
-85.0815941778
-85.2031052102
-85.2387951044
-85.0853245798
-85.1383940149
-85.1973219797
-85.1524346229
-85.1339178529
-85.0498219749
-85.1648934271
-85.1319822991
-85.2107821323
-85.0229945829
-85.2296046872
-85.1088463241
-85.100034168
-85.0784659791
-85.0805063578
-85.1882097363
-85.2266326298
-85.0504118074
-85.2416420867
-85.0971492926
-85.2516985284
-85.14002048
-85.230171387
-85.0517585069
-85.261517724
-85.033694271
-85.2279185416
-84.9904296915
-85.0710071681
-85.0260729511
-85.1985493681
-85.1489979671
-85.1347568487
-85.2269355842
-85.1797983959
-85.1786213208
-85.1779501435
-85.1049514125
-85.1485326149
-85.1218402568
-85.2312140578
-84.8402089328
-85.2239915003
-85.0214825283
-85.0218053193
-85.1060670949
-84.9956937758
-85.2591122151
-85.156422496
-85.2823176548
-85.2372694205
-85.1599255965
-85.1264722236
-85.0524556289
-85.1367982134
-85.1186496158
-85.243971874
-85.2371747358
-84.9993863772
-85.1787606009
-85.0587983364
-85.1470034647
-85.0972536643
-85.074418302
-85.1857750442
-84.9830474332
-85.195078517
-84.9849650973
-85.0535172414
-85.1576012774
-85.1514187978
-85.1866847444
-85.1774444306
-85.2262927356
-85.1953062141
-85.0591309335
-85.1636499466
-85.3829098256
-85.1618999489
-85.3213327731
-85.1935285589
-85.1942969171
-85.2143000163
-85.1560279525
-85.0354150238
-85.1030582724
-85.1570388362
-85.1734660903
-85.215173761
-85.2094928628
-84.9836578192
-85.0753848848
-85.2417875469
-85.1296005244
-85.2861161694
-85.2140141931
-85.2200352183
-85.2786085009
-85.2089987011
-85.1551042192
-85.3042688748
-85.1099036852
-85.0954236453
-85.0659438252
-85.0674047474
-85.086315486
-85.1781304541
-85.1855229664
-85.1031317368
-85.2584968935
-85.1541092931
-85.2866332484
-84.9700475393
-85.2733355877
-85.095994754
-85.2027511269
-85.1434876049
-85.0683379683
-85.0637244095
-85.0774560343
-85.1485063055
-85.1664921012
-85.1796665263
-85.0789158565
-85.1366611742
-85.0725007329
-85.1717166441
-85.0558055201
-85.2338182484
-85.0693758436
-85.1602158457
-85.2213775099
-85.3099165816
-85.2311310883
-85.140156288
-85.1762583251
-85.1717071034
-84.9099059217
-85.1182895149
-85.0491811817
-85.2554304535
-85.3216006373
-85.1605811363
-85.2614375554
-85.1768892333
-85.1239262347
-85.1762331228
-85.1365657791
-85.108092236
-85.0297042674
-85.243619987
-85.1160045912
-85.1704700769
-84.9830876799
-85.257001902
-85.1730415897
-85.3035283571
-85.2711755205
-49.7891115399
-83.4381393605
-85.1615018178
-85.2134647277
-85.157683913
-85.1808722047
-85.1606025034
-85.1577653998
-85.282317955
-85.0705008403
-85.2357958916
-85.1130473847
-85.0995043876
-85.2363644708
-85.0530463576
-85.1731280652
-85.1103588941
-85.1100670533
-85.1270924495
-85.0978745967
-85.0738401598
-85.2517440708
-85.0920173289
-85.0877491943
-85.2055265719
-85.2320635602
-85.1258931024
-85.0956484463
-85.1080503796
-85.2234284336
-85.2330736326
-85.1928204712
-85.0659449879
-85.187105545
-85.2244974208
-85.0036397432
-85.0100213839
-85.1622426792
-85.1410427285
-85.1345127638
-84.9984253033
-85.0948131174
-85.1217771491
-85.1506511425
-85.1717442781
-84.9734526338
-85.097036271
-85.1570208704
-85.2627969423
-85.2969292795
-85.1529725052
-85.2200125834
-85.221263401
-85.1476359274
-85.1168917276
-85.2253288696
-85.109717923
-85.0959421265
-85.0850249531
-85.2294543375
-85.134215147
-85.1979628757
-85.0430229159
-85.1901928412
-85.1994175792
-85.2888393679
-85.2816756493
-85.1862939796
-85.1991616618
-85.1012861131
-85.288685485
-85.1099109601
-85.0777738608
-85.0926409004
-85.2563661999
-85.1306085855
-85.2371137511
-85.1698449577
-85.0667940611
-85.2193074001
-85.2136826125
-85.1212540632
-85.227599865
-85.0986576969
-85.1758775599
-85.0929426683
-85.2115105915
-85.281417754
-85.093840561
-85.0956332713
-85.1263162558
-85.108981676
-85.1991217185
-85.1418809171
-85.1292957842
-85.2540417935
-85.2139615797
-85.3265172651
-85.2298762478
-85.2894817163
-85.1889706449
-85.1803032597
-85.1318864556
-85.0973082711
-85.2937165426
-85.1969395915
-85.1297851194
-85.0965758874
-85.3550674001
-85.1273164927
-85.0525610781
-85.1128199292
-85.1484113225
-85.1490614493
-85.2020854375
-85.2477428932
-85.0621241996
-85.1391577216
-85.2783839923
-85.3225861987
-85.0344961682
-85.2268003957
-85.028656928
-85.2493405424
-85.146530324
-85.2702552169
-85.1139098098
-85.3223236013
-85.1598107446
-85.1899696477
-85.0010383942
-85.1847318965
-85.2055977583
-85.2006741354
-85.1433963034
-85.1704012321
-85.0909353922
-85.1471876775
-85.1769405899
-85.2014320131
-85.1842774081
-85.1472754988
-85.140234378
-85.1376794208
-85.2673139126
-85.0538018224
-85.2467673284
-85.2209402238
-85.238378768
-85.080615971
-85.0740221831
-85.1523868698
-85.2357947197
-85.2273332557
-85.116722718
-85.0662059905
-85.1508608606
-85.2162566514
-85.0518085424
-85.1253424472
-85.2489133177
-85.1823024051
-85.2746762121
-85.2405559713
-85.2056878941
-85.1494215788
-85.1915591093
-85.1946799502
-85.1393369423
-85.1689721167
-85.1885722817
-85.1359779025
-85.214666576
-85.1900968104
-85.2195521946
-85.2116726687
-85.1062259719
-85.1010278623
-85.1307726001
-85.1786177619
-85.2293128551
-85.1853256306
-85.1903459959
-85.1448407224
-85.2013637708
-85.1712969814
-85.1692699808
-85.1903804
-85.1645082244
-85.1415132268
-85.3094374923
-85.0035037603
-85.2275227157
-85.2339451428
-85.1713619957
-85.1820054219
-85.0063984722
-85.1019468152
-85.1617131243
-85.192490817
-85.3860836803
-85.1979086634
-85.2699616898
-85.1466862217
-85.1109164923
-85.2890320059
-85.3800820847
-85.0788158636
-85.0082949706
-85.2270546275
-85.1166650153
-85.1500667431
-85.1418934899
-85.2008784916
-85.1838900996
-85.0076675591
-84.8742843975
-85.2394593618
-85.1238124506
-85.1945969433
-85.0582186666
-85.1473307239
-85.1713286253
-85.1438703923
-85.1263508735
-85.211289962
-85.0486392151
-85.135528017
-85.2771143012
-85.1350187704
-85.0308374515
-85.1516116871
-85.0673275099
-85.1923855746
-85.1648228865
-85.2468904508
-85.1638598491
-85.2960744485
-85.211749233
-85.1446571833
-85.2630869379
-85.1147833708
-85.1985313307
-85.177268018
-85.194157165
-85.1776815212
-85.1371117659
-85.1269504581
-85.1662461597
-85.1778078419
-85.0920367148
-85.1244681782
-85.1499350305
-85.0824881205
-85.1715493975
-85.1676513388
-85.057883309
-85.2490552192
-85.1956717285
-85.0288709838
-85.1171645145
-85.0424485799
-85.1828528652
-85.2251495638
-85.2800912924
-85.1489958693
-85.0838730466
-85.1938001595
-85.1466067232
-85.2380210247
-85.2042036594
-85.1963627049
-85.1423040721
-85.1319679631
-85.1854918457
-85.2320540516
-85.1592546229
-85.1449540909
-85.2032856112
-85.233081707
-85.0837438008
-85.2174257806
-85.1143116139
-85.0611949706
-85.1765651812
-85.1855479118
-85.0519867721
-85.2630483551
-85.0872687216
-85.2704655874
-85.1545529425
-85.1254310985
-85.0164951896
-85.0653483239
-85.141676617
-85.185754982
-85.2609424281
-85.3655177931
-85.0330660359
-85.0714791008
-85.1584115911
-85.156257973
-85.1323673623
-85.1593033263
-85.0828494672
-85.1404584376
-85.0113365236
-85.1798405565
-85.1646759153
-85.1711493606
-85.039426023
-85.1588726135
-85.1514222779
-85.1994926958
-85.1018648348
-85.2792552729
-85.1831292417
-85.2783424932
-85.0346150872
-85.1882531784
-85.2572044301
-85.246268307
-85.145735336
-85.1626616769
-85.197503326
-85.0463398041
-85.2166600948
-85.1445739386
-85.2981185869
-85.1366370563
-85.091985407
-85.2631056556
-85.3179067836
-85.1234246097
-85.0520936046
-85.232918241
-85.1402354844
-85.1185868245
-85.1692984743
-85.2176313207
-85.239919681
-85.2452083915
-85.2649167375
-85.0048705817
-85.2219149077
-85.1453743424
-85.1945388033
-85.167126303
-85.1566726624
-85.2517368453
-85.2368244795
-85.116214339
-85.2692808909
-85.0821181864
-85.1629574951
-85.2421665372
-85.1170168643
-85.3253803371
-85.1908009034
-85.2686446701
-85.2114182808
-50.876739865
-83.0267323595
-85.1268337228
-85.2056604498
-85.0994663417
-85.2758145832
-85.1511284235
-85.1630758972
-85.2634665644
-85.1517134814
-85.2717876979
-85.2645308103
-85.087926163
-85.3151548676
-84.9926142272
-85.1533071211
-85.2481070061
-85.1360409851
-85.1628295666
-85.1492172765
-85.2508329385
-85.2328459621
-85.1769709795
-85.193416432
-85.1468662719
-85.1016148163
-85.1680929806
-85.0841691549
-85.1405202417
-85.1525671546
-85.2489991399
-85.1386816199
-85.1801431936
-85.1567780457
-85.2414589681
-85.1354941981
-85.1553893416
-85.1314260594
-85.1784720919
-85.2855794994
-85.2233888729
-85.1773137634
-85.2434892395
-85.2615283787
-85.1601653782
-85.1225999429
-85.2064029618
-85.1515781363
-85.16758567
-85.1815667035
-85.240395402
-85.2671953059
-84.8699640374
-85.2206159994
-85.1231889353
-85.1488057649
-85.1063958096
-85.0885517795
-85.1602585115
-85.1757658405
-85.1116618092
-85.090927428
-85.2902911212
-85.1527336476
-85.100250213
-85.1154517618
-85.2365698362
-85.1873430912
-85.2504942188
-85.0138707626
-85.2514008489
-85.205192065
-85.2384424913
-85.1746336475
-85.0567490346
-85.1698291925
-85.2351093197
-85.1288632279
-85.0964166293
-85.0758845446
-85.241801651
-85.1285542438
-85.1229550029
-85.1298208759
-85.1826535364
-85.1586426585
-85.2230685934
-85.1761403077
-85.2897089983
-85.1363646865
-85.1139936616
-85.2334230531
-85.228076626
-85.0018652329
-85.1808052508
-85.1969008451
-85.0815148506
-85.251598296
-85.0234721624
-85.3249846442
-85.0931231493
-85.2799726097
-85.2104809437
-85.0631647948
-85.2245960167
-85.266102037
-85.2082700672
-85.1479349546
-85.1249298066
-85.2015831525
-85.2816285255
-85.2403655487
-85.1305563192
-85.219849195
-85.1468028105
-84.9862416438
-85.1777961708
-85.2523852633
-85.2081239036
-85.3352085978
-85.1972602707
-85.0778793288
-85.1236579424
-85.2026712243
-85.107658552
-85.2047344152
-85.1222612837
-85.2222086868
-85.1398045692
-85.1200617052
-85.1261152833
-85.1265589566
-85.2006349915
-85.1477991961
-85.2996724416
-85.0992380777
-85.1537715789
-85.1115967789
-85.1631829934
-85.2201407346
-85.090661655
-85.158304899
-85.1967252569
-85.2834517721
-85.0323085004
-85.2618020345
-85.1993987125
-85.1026351649
-85.0029906627
-85.2698691725
-85.2577156019
-85.1950958785
-85.1243305836
-85.1763436818
-84.9781209476
-85.1447164189
-84.9865416643
-85.2256811111
-85.2976687493
-85.1582081904
-85.1935324655
-84.9510933486
-85.1585501352
-85.2235486674
-85.0718681387
-85.1170229821
-84.935748111
-85.0217298075
-85.1932906663
-85.0677869926
-85.2348743882
-84.9774492961
-85.1224696274
-85.1613315478
-85.1523055945
-85.047447975
-85.1993170304
-85.1115314136
-85.1014612184
-85.1088380546
-85.1787196149
-85.1106304313
-85.1433882856
-85.1947264901
-85.1491127636
-85.0505636279
-85.0180604694
-85.2122016802
-85.0465333413
-85.1036827879
-85.110335338
-85.1966998401
-85.1929487189
-85.1730537759
-84.9549124666
-85.2115381262
-85.0545668523
-84.9887090991
-85.1721756808
-85.0347005915
-85.0318854661
-85.267448493
-85.2379699913
-85.089002718
-85.1160661714
-85.208582231
-85.138804177
-85.1653539295
-85.22434088
-85.1500861933
-85.1377073027
-85.2724462722
-85.1789200466
-85.2048735839
-85.002461372
-85.1943920242
-85.1075650408
-85.1484502544
-84.9116473947
-85.2105841107
-85.200052195
-85.2881651577
-85.1435633444
-85.0392724468
-85.2651221158
-85.1022605729
-85.0565700837
-85.1645998906
-85.2411438054
-85.033941405
-85.083755565
-85.2430065629
-85.1779696487
-85.1572648074
-85.1709835812
-85.1254330728
-84.989124295
-85.1856027299
-85.183322493
-84.890792621
-85.1804003091
-85.1120956325
-85.0450649229
-85.1316627676
-85.0346226386
-85.0755061449
-85.131025697
-85.2735207174
-85.1455480443
-85.1894121907
-85.0721505345
-85.1390582437
-85.107748994
-85.175685193
-85.2472178155
-85.0143924446
-85.1824551837
-85.251775715
-85.1814624608
-84.9205283705
-85.2230755467
-85.1941942367
-85.1747838497
-85.1257312002
-85.0700451465
-85.307394598
-85.1425700521
-85.1142344361
-84.9516008121
-85.0894448896
-85.0816360219
-85.0102242911
-85.1949125022
-85.1685533295
-85.1479791179
-85.1921729392
-85.1580863505
-85.1509413449
-85.1277538284
-85.2201904042
-85.203380497
-85.1810167388
-84.9617602702
-85.2429177505
-85.2608850279
-85.1714191569
-85.1566096337
-85.0678020255
-85.2658341024
-85.0613038146
-85.1532532723
-85.1215763127
-85.0800115491
-85.005604147
-84.9597891551
-85.166530937
-85.3676485272
-85.0278535657
-85.2811438898
-85.2306463638
-85.3253840472
-85.1172539246
-85.118721694
-85.0750694865
-85.1356206614
-85.113916677
-85.1725658231
-85.1812577217
-85.1644833757
-85.1338676273
-85.0412672564
-85.1170707951
-85.1801437174
-85.3239473388
-85.1197018355
-85.1103024715
-85.1775899239
-85.1016916073
-85.0757664972
-85.0803919116
-85.1263625634
-85.2046517711
-85.1567951619
-85.1829139328
-85.0623092582
-85.2216879407
-85.2405743827
-85.2462537322
-85.2279838784
-85.1908917984
-85.1648936176
-85.0628777977
-85.0431122513
-85.0724904264
-85.1981769536
-85.2001104815
-85.2290650629
-85.1330231661
-85.2813166621
-84.9305541752
-85.1535162324
-85.2018096508
-85.1344489307
-85.1380459934
-85.1216150448
-85.1653201817
-85.2017967881
-85.0264879527
-85.2513913309
-84.9764661692
-85.1461361389
-85.2722534843
-85.0477219349
-85.256307503
-85.1173018764
-85.224703956
-85.1000889305
-85.0993848539
-85.2578845736
-85.2151418048
-85.1676750853
-51.873482583
-84.1273210074
-85.244334636
-85.0244414096
-85.2376539922
-85.1472774383
-85.0717327958
-85.1869451441
-85.2110898221
-85.2324093732
-85.3268349299
-85.2397993601
-85.2458093547
-85.1391800256
-85.226522836
-85.2331130408
-85.1984492524
-85.3700073661
-85.3734470044
-85.2127141912
-85.2937921827
-85.210335778
-85.2395516041
-85.1100350457
-85.2525831948
-85.2369693585
-85.2180745852
-85.2170404949
-85.204618042
-85.0754083749
-85.1824492529
-85.190804261
-85.281755218
-85.0989919026
-85.2221611872
-85.3107872343
-85.1571837551
-85.1553032612
-85.2564677545
-85.1581404053
-85.2684717004
-85.138814625
-85.1171100839
-85.2390454985
-85.2902078117
-85.2786864548
-85.2819371581
-85.2019455563
-85.1905536664
-85.272957111
-85.3012119766
-85.0726383476
-84.9876585522
-85.0972599535
-85.2728106111
-85.3185284865
-85.2271220064
-85.1200779675
-85.1359472688
-85.1134588005
-85.2325443533
-85.1639978225
-85.2260433512
-85.1625461834
-85.0561940125
-85.2945475586
-85.0093345565
-85.2318787299
-85.1968127985
-85.2683662209
-85.2708849698
-85.2196306302
-85.269116649
-85.2255037359
-85.1757409
-85.1808980157
-85.2067385249
-85.1211821554
-85.0891700573
-85.1768209498
-85.188503091
-85.1781368826
-85.1826101832
-85.212286782
-85.0527396854
-85.2552623145
-84.9978910227
-85.1427581135
-85.1998147197
-85.1920603614
-85.3222626887
-84.9106174505
-85.2210496785
-85.2043240884
-85.1606997978
-85.2467693018
-85.21299121
-85.1403389123
-84.9948625825
-85.1621321137
-85.2165773451
-85.1730326108
-85.1510423728
-85.0938351099
-85.1453115934
-85.1846340798
-85.3198004268
-85.1599212725
-85.2338348005
-85.2667790811
-85.2057355689
-85.1421838936
-85.2815279529
-85.200962001
-85.1875920228
-85.2131948749
-85.0789090496
-85.1995768159
-85.1973053703
-85.0377983651
-85.3483896705
-85.1463889926
-85.2758169713
-85.1585171474
-85.164717445
-85.19820582
-85.2654100992
-85.2166113808
-85.2883699179
-85.0580761458
-85.1671292495
-85.2352777366
-85.2251845141
-85.3009645071
-85.1206803806
-85.2962506031
-85.3745409235
-85.3759635891
-85.2583517194
-85.1691479505
-85.1970547533
-85.2687480825
-85.133734461
-85.1478005226
-85.2697265317
-85.2173953975
-85.1352597015
-85.2033651702
-85.1486969855
-85.2374094773
-85.1649306257
-85.2704739695
-85.2740395943
-85.1859894681
-85.149488899
-85.3091183143
-85.2359752699
-85.1596047522
-85.0916605739
-85.2830674334
-85.2090594392
-85.0266124566
-85.3377843805
-85.1611252775
-85.275905284
-85.0660248994
-85.2307963655
-85.1350166598
-85.1617093954
-85.1502984745
-85.0858143112
-85.1575578298
-85.2269503431
-85.3506926496
-85.192181453
-85.0961643148
-85.0715691665
-85.18430473
-85.1993910305
-85.0755921214
-85.1707484837
-85.234790902
-85.2509343116
-85.255291093
