-83.9150470294
-83.9985390802
-84.0052710325
-83.7801435911
-83.7948425388
-83.5446860884
-83.7278166441
-84.0968102613
-83.6386765952
-83.9126730693
-83.6681877897
-83.6973620499
-83.891750677
-83.7832997184
-83.8416778915
-83.5799077777
-83.623228051
-83.7378374911
-83.9335106027
-83.7484611045
-83.9384262641
-83.3693176212
-83.7734226045
-83.815064449
-83.7308756316
-83.6947660199
-83.8797957825
-83.9480950265
-83.5600715046
-83.760652395
-82.8678840881
-83.3813131197
-83.8800216548
-83.7205872191
-84.034618042
-83.9102816349
-83.6058793118
-83.7139338153
-84.1094228652
-83.5677931435
-83.9332372048
-84.0137884447
-83.509035167
-83.6446966931
-83.8725691359
-83.9422803462
-83.3599432123
-83.8331462276
-83.7366307398
-83.5882750917
-83.8524244296
-83.7819772867
-83.7048585631
-83.8793486717
-83.5585802225
-83.6491880026
-83.9473081772
-83.6252891225
-83.5699059358
-83.9347198596
-83.9933502142
-83.6279352842
-83.8071567308
-83.6564995562
-83.8185712502
-83.5209514751
-83.4500943814
-83.8089513892
-83.8748914146
-83.9506521965
-83.8677412106
-83.8753604797
-83.7690142471
-83.8592990115
-84.0145313858
-83.7704702559
-83.6188914221
-83.6753875298
-83.8011351913
-84.0346499547
-83.6984901868
-83.9391686671
-83.8915709946
-83.9298190989
-83.7566008978
-83.8628788268
-83.8015981427
-83.715475747
-83.8235599608
-83.6485770154
-83.5343071341
-83.5970715195
-83.7745198681
-84.0975658714
-83.9802412276
-83.6370022811
-83.9172978321
-84.1206345022
-83.4608597335
-83.8568061879
-83.6875725628
-83.614876034
-83.6122639815
-83.5826100682
-83.386407166
-83.7784256338
-83.750115186
-84.0311096424
-83.8190642041
-83.7991546472
-83.6205123578
-83.6172346708
-83.829295428
-64.497836175
-63.0699275541
-62.6966551943
-83.4200702302
-83.7725985924
-83.6556202025
-83.8497526522
