linux; GNU C++ version 5.3.1 20151219; Boost_105800; UHD_003.009.002-0-unknown

-- Detected Device: B210
-- Operating over USB 2.
-- Initialize CODEC control...
-- Initialize Radio control...
-- Performing register loopback test... pass
-- Performing register loopback test... pass
-- Performing CODEC loopback test... pass
-- Performing CODEC loopback test... pass
-- Asking for clock rate 16.000000 MHz... 
-- Actually got clock rate 16.000000 MHz.
-- Performing timer loopback test... pass
-- Performing timer loopback test... pass
-- Setting master clock rate selection to 'automatic'.
-- Asking for clock rate 32.000000 MHz... 
-- Actually got clock rate 32.000000 MHz.
-- Performing timer loopback test... pass
-- Performing timer loopback test... pass
1024
Using Volk machine: generic_orc
gain = 38.0
-101.440312844
-101.836233734
-102.150530795
-103.000620686
-103.201585029
-102.486129165
-102.044099108
-103.134119863
-102.04871254
-103.930789874
-102.601859838
-101.043282201
-102.894493839
-103.977007225
-101.521270884
-101.622093379
-102.563569876
-102.198211534
-102.842364551
-104.387425941
-104.725332103
-103.704197488
-103.232374294
-103.620563678
-103.777831226
-103.777892313
-101.401822788
-101.810549892
-103.256690519
-103.895451867
-102.68491154
-103.085358909
-103.183622282
-103.432516502
-104.051511005
-103.519726473
-102.716917591
-104.138846952
-104.358673658
-104.384152984
-104.374736077
-103.172506037
-102.925297211
-103.895191136
-104.005143489
-104.735400174
-103.241840207
-102.310999298
-102.234005959
-102.911727701
-101.973751665
-102.800435834
-103.420441229
-101.485151181
-103.553761797
-103.883875499
-101.615231039
-102.454274442
-104.052495844
-103.677489319
-102.882765997
-102.614683643
-103.193438889
-102.704472282
-103.319236905
-103.796256806
-102.724290453
-102.633548907
-103.848234967
-102.576247496
-101.926581932
-103.696309842
-103.675448147
-103.731560748
-102.736423681
-103.168004055
-102.975589153
-103.521737328
-103.981180775
-104.059661123
-104.475645588
-104.407473946
-104.694989588
-104.349807287
-103.201364117
-103.359590039
-103.298032716
-102.979787049
-103.952391301
-102.547672879
-102.504814289
-103.79881894
-104.455894245
-102.718311569
-102.611120093
-102.754767165
-102.922762626
-103.408549399
-102.534727077
-102.979275934
-103.430927709
-102.645143878
-102.266504078
-101.783487832
-101.441305295
-103.108240082
-103.416381951
-103.625264402
-103.374763985
-103.348007917
-103.621063018
-103.512930653
-103.080654062
-104.067677415
-103.874887202
-103.960958289
-102.655091525
-101.85750212
-101.923035519
-102.769249763
-103.894587216
-103.312161397
-103.537874182
-103.538071856
-104.131385087
-101.550850811
-101.110692005
-102.82374499
-103.429439723
-103.024602902
-102.725294393
-101.445401667
-102.332574563
-103.897706501
-103.696476003
-102.100544888
-102.714220706
-103.053171953
-102.622209052
-103.097189474
-103.724484362
-103.956115745
-103.637979896
-103.635420753
-103.697935832
-104.524522817
-103.574710668
-102.533522161
-102.598954909
-103.718960773
-103.443443472
-103.088091872
-103.453619296
-104.55030726
-102.7116606
-101.754004003
-103.986991793
-103.160731803
-102.885384493
-102.897515963
-102.618141275
-103.612140292
-101.775738514
-101.981271376
-103.962610919
-101.593914686
-102.250134302
-104.029117295
-103.885525335
-103.702462421
-102.436578595
-102.590315732
-102.881472832
-100.751719549
-102.260588501
-103.00413851
-102.980000737
-102.831694927
-102.889063674
-103.646964704
-102.873112299
-104.282307245
-104.21456543
-103.24377408
-103.412464776
-102.49140878
-101.745669856
-102.931094337
-102.43559216
-101.744502424
-104.015758192
-104.047258118
-102.300311296
-103.497738306
-103.831261632
-102.856672688
-101.191072286
-103.132209172
-102.615507903
-102.626544446
-101.637800083
-103.293289506
-103.159632138
-102.767101586
-103.034914275
-100.780164288
-103.376472967
-103.971965769
-102.975933049
-102.042608915
-103.809687299
-103.367658234
-103.12112212
-102.815101393
-104.467553408
-103.332956617
-102.195595263
-102.868280029
-104.427627627
-102.83525665
-103.408978186
-104.326195417
-103.179543744
-103.365404363
-102.362054376
-102.273000721
-104.108605689
-102.549857574
-101.329759776
-101.956107903
-104.126989958
-104.045225268
-103.523095128
-104.102444466
-103.458212722
-102.327883545
-102.748648322
-103.911390761
-103.54814627
-101.34909445
-101.414334119
-103.285161234
-101.751962956
-101.972505866
-103.749650534
-102.96972736
-102.941050528
-102.114171656
-103.708604061
-102.499169181
-101.959207607
-102.716000923
-103.221945485
-103.739039579
-103.141151277
-102.144909244
-103.384255752
-104.769023234
-102.255815194
-102.727724573
-103.417514585
-103.954243306
-102.508937155
-102.969716403
-104.308035562
-103.284232218
-101.949979978
-102.098138148
-102.583685631
-103.121206726
-102.897059693
-102.821713107
-102.114814394
-103.059710971
-104.282205601
-103.966520568
-103.033425699
-103.552223614
-104.225175162
-103.218243499
-103.266182155
-101.921915838
-103.20811673
-103.217932242
-103.243272277
-102.323404493
-102.674589191
-104.454011149
-104.05401049
-102.107972836
-102.529149896
-100.748711949
-101.549298016
-102.087891777
-103.226617681
-102.636129755
-102.43780427
-103.26882576
-102.477697625
-102.996465926
-103.920836502
-102.640307862
-103.347685171
-103.84015388
-103.347797873
-103.484429821
-104.329521301
-102.664932725
-101.983833731
-102.952026551
-103.631980279
-103.218867737
-103.109016796
-102.861405336
-102.642016228
-104.358095248
-103.00271943
-103.025603257
-102.29985408
-103.632456501
-103.177813626
-102.804624129
-103.337207426
-102.002523678
-103.266243156
-102.608086258
-103.301504656
-102.753373948
-102.319884682
-104.129229078
-101.888814791
-102.704988579
-100.939957631
-101.134884042
-103.350399034
-103.410937012
-103.951498758
-103.844060069
-102.426445569
-101.653018646
-103.218376428
-103.508498031
-102.964305545
-102.937473414
-103.439709722
-103.448095694
-104.425830723
-103.277677197
-103.584169774
-103.259612134
-102.14996077
-104.254143963
-104.288626542
-103.317690368
-103.878566581
-104.428653386
-103.116256966
-103.764737075
-103.520372845
-102.860087684
-104.474072157
-102.56962683
-102.342149013
-104.431566426
-102.615670927
-102.487211748
-101.148847558
-103.468603743
-103.709297724
-102.619434879
-102.618081513
-104.40808382
-101.826249517
-102.346932774
-101.588005292
-103.334692125
-102.707328735
-101.113737746
-104.225474033
-104.430029913
-104.878788348
-104.33613827
-104.143064197
-103.296512273
-104.009057431
-104.066193456
-103.966031472
-104.079290098
-103.00442945
-103.020338047
-102.207352683
-101.61820079
-103.074935552
-103.170759702
-103.697175505
-103.770285353
-101.620318957
-102.377656281
-103.089268174
-103.644279595
-102.989324142
-103.168092856
-103.666875837
-102.40267551
-101.540491596
-102.038861412
-102.490831465
-104.094093692
-102.759641729
-102.93379244
-103.304739952
-103.553368964
-101.93859034
-102.176022648
-102.962591871
-102.601470696
-103.406320943
-103.283979129
-103.791228222
-103.573995355
-103.4067322
-103.256105963
-102.989273513
-103.729974334
-102.947222509
-104.25338157
-103.541699754
-103.228309541
-102.457505649
-103.405586454
-103.769445264
-103.041244433
-103.575335404
-103.435540399
-103.225782458
-104.179192267
-103.297168456
-102.831150611
-101.993904749
-103.031699145
-103.909673544
-103.444396705
-102.496529746
-101.587739296
-103.104340835
-104.637523776
-102.529557788
-101.596920097
-103.989276652
-102.142227847
-101.889864935
-103.474641918
-102.648385129
-103.694604187
-103.533777486
-103.890211208
-103.463907063
-103.077032663
-102.692107172
-103.496456972
-102.234496733
-102.238525183
-104.246965439
-103.21309952
-103.346134275
-103.611411167
-103.272082103
-103.465246899
-102.281015666
-103.117054547
-103.145525416
-105.145906983
-103.874631173
-103.83152237
-103.723939843
-102.840077211
-103.639522826
-103.87964537
-102.793163516
-103.656851468
-104.547244628
-103.675899325
-104.042132494
-102.677699711
-102.966321119
-103.246743407
-101.104260148
-102.46499829
-102.393674675
-104.164428455
-103.320381134
-103.602491208
-102.951021491
-102.041124794
-103.1076128
-103.708524273
-104.353955964
-103.930038049
-103.087771147
-103.211160721
-104.261239541
-103.130453949
-102.32017688
-102.917234236
-104.341223854
-103.596139324
-102.728470773
-103.355561556
-103.250021963
-102.32947682
-103.663091217
-103.680018445
-102.84829731
-101.628265898
-101.932252856
-104.496161137
-102.39611488
-104.147281845
-103.466811091
-103.024705939
-102.963172606
-104.786327174
-102.623526993
-102.812960617
-104.162137748
-103.811293226
-102.504716688
-104.375424448
-103.091348073
-101.854440237
-102.292311048
-100.962004146
-101.560112729
-102.38671263
-104.119590846
-103.281526076
-104.056451106
-103.756596593
-103.559521572
-103.04051761
-104.018593087
-103.986302969
-102.744302014
-103.743122914
-103.729248276
-102.170637572
-102.381972644
-101.572422865
-103.598710515
-102.324908961
-100.141056019
-101.200223199
-103.089024908
-103.324548988
-102.330170871
-103.4328383
-103.059798224
-103.583697735
-104.248449446
-103.896510446
-103.54927409
-103.62083098
-104.042053149
-103.938470625
-102.743946556
-103.707660797
-102.739955894
-103.634880719
-104.87491135
-103.595205708
-103.470819776
-102.183699004
-103.485941354
-104.022056041
-102.838405777
-102.601091365
-103.072465681
-103.910202594
-104.423874853
-102.847883622
-102.780633874
-101.63051455
-102.567092894
-103.610633908
-102.425764686
-101.595123992
-101.959333626
-102.717340552
-102.130315667
-103.825499997
-103.515522255
-103.843536719
-103.749075131
-104.420053622
-103.098098993
-104.175322846
-103.02671232
-102.543828394
-102.184999575
-103.741928662
-102.747881693
-104.863585765
-104.448572251
-103.757801266
-103.819695739
-103.38857847
-103.89110479
-103.767504873
-101.859080899
-103.361776822
-104.25631575
-102.747386148
-102.83396754
-103.218351565
-103.526450383
-103.496739717
-104.811821895
-103.580509843
-102.788928298
-102.461459903
-103.086205822
-103.016571639
-104.134110666
-103.653682733
-104.017821924
-103.262485149
-103.354181592
-103.360356179
-103.043522111
-102.50093897
-102.031075456
-103.490851828
-103.200966571
-103.713963996
-103.132658326
-103.216031043
-103.482979412
-104.50036657
-103.711438054
-103.160558429
-103.610044705
-102.830649112
-102.828529752
-102.758602087
-102.67894062
-102.935842045
-102.160736768
-103.5535609
-103.982447417
-103.263808808
-102.130861184
-103.705853138
-103.012464511
-101.627960189
-102.960122893
-103.377930188
-102.760187596
-102.766207721
-102.740574127
-103.835563711
-85.6667554068
-86.1335407064
-86.1834189017
-85.1856410958
-84.5112707365
-84.2718243896
-84.4654939113
-85.559045424
-86.5377537196
-85.763741431
-84.4883366478
-84.112380484
-84.1619958045
-84.3755979642
-85.0943854029
-86.3751132178
-85.9407125875
-84.3931889875
-83.6000792784
-83.543654241
-84.1470474239
-85.1884362734
-86.162502755
-85.7520344717
-84.3633126153
-83.4996808711
-83.7256583121
-84.6840016992
-85.3660996275
-85.3372568886
-84.8531509792
-83.8859960143
-82.902208529
-82.1260236982
-81.5494898301
-81.0062260521
-81.0085601
-81.6804040523
-82.3033908331
-82.2833746149
-81.6856463481
-80.9423440221
-80.6612820623
-81.0012133152
-81.5616896967
-81.9628094937
-81.8995806111
-81.3349674541
-80.9639662126
-81.0153791716
-81.0206380069
-81.0479969751
-81.5255254533
-81.8881500166
-81.3954793296
-80.5049808521
-79.8929293303
-80.0303341276
-80.9466493948
-81.828357923
-81.7642606493
-81.0610485529
-80.404504573
-80.0464042387
-80.0005287693
-80.203386094
-102.344025077
-101.826402051
-103.634435971
-101.602782227
-102.305124385
-102.306913033
-103.277657706
-103.02343606
-101.801658774
-98.5164784574
-99.1861752559
-101.918881951
-104.551837809
-103.834403747
-100.864938924
-99.810715799
-101.596449551
-101.433165441
-98.9050433339
-98.8685177488
-99.8498841872
-102.900324215
-101.839495643
-101.805757711
-103.246855522
-103.326269924
-102.834621455
-102.390163493
-98.4168265525
-102.029667881
-97.4205908497
-96.8969244476
-97.9183140584
-92.4638822211
-94.3484797728
-91.8842570535
-90.0379872722
-90.5045728157
-92.6926262888
-93.855836386
-92.0868298422
-91.085294968
-90.5348458027
-92.1323205332
-94.2044938702
-91.2131118291
-89.7355038015
-89.2627373493
-92.4265865093
-95.3787227476
-91.525853257
-88.9039064844
-88.724927443
-92.6131071077
-93.8668276186
-91.5287181921
-89.2389619673
-89.6325884185
-93.053795442
-94.1664864643
-91.479122556
-88.6917147796
-88.1249783755
-90.2406221565
-94.6056818191
-91.7202809526
-82.0064015792
-81.9220340701
-81.9516850202
-82.0175292179
-81.6106674614
-81.1878831472
-81.3527373391
-81.6954778751
-81.4823413806
-81.1169854435
-81.2651714984
-81.5319296827
-81.2880411587
-81.0488795246
-81.2756644768
-81.4773392657
-81.3046588145
-81.1434530831
-81.2071189944
-81.2683268054
-81.2794195567
-81.5229199958
-81.6884506562
-81.2969732356
-80.9752602975
-81.2937657269
-81.5737100786
-81.3113103192
-81.1464576913
-81.3569358564
-81.460597482
-81.3429884228
-81.3912943868
-90.9088336658
-91.9380392175
-91.9293872491
-91.7038065809
-92.6730684773
-89.8597674345
-90.1204667745
-92.9080776107
-96.1555413841
-90.7333217753
-89.6146859094
-90.5099357173
-93.7628383936
-90.707423802
-89.3936291242
-91.5731569008
-91.8393103132
-89.3114483895
-91.4227970367
-92.421451728
-90.2636838714
-88.9623254463
-91.1120707127
-93.0201825393
-90.4356928526
-89.8950437173
-91.4596502472
-89.7046282616
-88.5546126657
-95.0929610144
-92.901379611
-89.3975745934
-88.88340732
-87.7694721081
-87.8723459477
-88.3455950782
-88.40262662
-86.883455882
-86.0057309494
-86.9905710479
-87.9710121545
-87.5733947083
-87.6857573495
-87.9547129698
-88.1543831996
-89.0722206316
-87.7763321277
-86.6990235677
-87.3443273458
-89.134187712
-88.5677050938
-87.1025964703
-87.0441505309
-87.4314266305
-88.8224536043
-88.0071773838
-87.1770656578
-88.2191464234
-86.9288511702
-86.0964499942
-85.6153104474
-85.1777000353
-85.3606058413
-87.3487365011
-89.3471647451
-85.777970102
-91.1792857779
-89.5485826796
-89.6286032881
-89.7878630455
-90.5367647697
-89.5028091288
-88.6773096346
-90.6351130271
-92.3245489849
-89.7584824244
-88.1885103545
-89.0182653825
-89.9988537831
-89.0613460074
-89.2332048301
-90.0648393918
-89.2655805988
-89.0949368089
-90.593324145
-90.810101937
-91.2480221255
-90.1041244574
-89.1413605865
-90.4402377201
-89.0129471852
-88.1653692491
-89.2009849265
-91.5221215794
-89.9626018514
-90.2735374219
-91.1472715228
-90.7507918837
-90.3559521034
-84.9437087578
-84.7062425137
-84.1955516834
-83.6854011934
-83.5445977939
-83.5633443471
-83.6169692523
-83.8264727471
-83.9221033458
-84.0475200028
-84.2763264508
-84.0435600677
-83.5319990967
-83.2003232312
-83.5753309417
-84.2833590095
-84.149721645
-83.9697241581
-84.2813342207
-84.2736112908
-84.0823861924
-84.1258241104
-84.1767934315
-84.4577488955
-84.4184101063
-83.9475749043
-83.8819245013
-84.0363650458
-84.2468494458
-84.7441364717
-85.0993864679
-84.9800669171
-84.8516674141
-87.4625948449
-87.2712886109
-87.5636841094
-87.9183819144
-87.3311674218
-87.3484762075
-87.8592710527
-87.2118452845
-86.8127106551
-87.315230099
-87.6649945928
-87.4306789154
-87.090445527
-86.668122597
-86.1055186485
-86.1380413283
-86.6629489596
-86.8832383126
-86.7905208054
-87.0730294688
-87.3087112631
-86.7717569191
-86.0197118889
-85.7284062205
-85.9642058829
-86.7658859921
-87.5489762117
-87.541217664
-87.0666753633
-86.7088108383
-86.8323772196
-87.1824155325
-87.1474795075
-94.2498106236
-92.4247123881
-95.041154185
-93.5102896116
-93.122073628
-92.7567665889
-93.2051549157
-94.0463840526
-93.5122542446
-95.0447783726
-92.8562545421
-92.7822397415
-94.551842045
-96.3466106312
-93.6558558758
-92.4137706167
-93.4168044337
-94.1800027193
-94.5355425977
-93.1444787404
-92.158477516
-94.5909390033
-95.0230921363
-93.6369726304
-91.8693355459
-93.5461637644
-94.8121208337
-92.346794991
-91.8978554151
-92.9082277358
-94.9642735737
-94.9631054642
-92.3005834493
-91.1049926049
-92.2555569867
-92.0674591683
-92.4534320199
-90.6952164378
-90.1872112137
-91.4101184554
-91.0514793635
-90.6984440158
-90.495131113
-90.5738023077
-91.3851159138
-90.627530459
-90.4897816401
-91.6551436909
-90.6478002852
-90.0580147079
-90.8215996143
-92.1267999905
-92.1227962724
-91.2391424437
-92.2298774611
-93.0300528243
-91.6311329728
-90.3266576797
-90.2427008887
-91.1221455339
-91.5212502513
-91.6026878036
-92.176013313
-91.4335964682
-90.5972466064
-91.1328379871
-83.068093525
-83.3276603546
-83.4619011187
-83.600749262
-83.7890131187
-83.9656127368
-83.9169755798
-83.5746017663
-83.2036821791
-83.0712069102
-83.0245120289
-82.9113201831
-83.095106918
-83.3989148871
-83.2151952565
-82.9833853693
-83.175471973
-83.4633940556
-83.6554358827
-83.8853127109
-84.2572696424
-84.5162907199
-84.435982267
-84.1821522375
-83.8545672153
-83.4403587917
-83.240886262
-83.6199543941
-84.1338400529
-84.0650240737
-83.7974144878
-83.8564923976
-83.9198760655
-84.4011115534
-84.1089758679
-84.0212984766
-84.0370791958
-84.0971080885
-84.1477432199
-84.0754718838
-83.7639864339
-83.5854331422
-83.8115471889
-84.1624324271
-84.2321853638
-84.0623100132
-83.7788848105
-83.5910848251
-83.7092936268
-84.0170487142
-84.1371931825
-83.9358889838
-83.7810104972
-83.8743406609
-83.9560757657
-84.1233192525
-84.4323789204
-84.2856405349
-83.8066556121
-83.7359049753
-83.8314243339
-83.7703278883
-83.8664148603
-84.278238147
-84.5982848063
-84.6102473318
-89.989825189
-90.4065105842
-90.8466194945
-90.3148324762
-90.7019818213
-90.8561985236
-90.6750763129
-90.7551690599
-90.5553295192
-90.3068304825
-90.3795199917
-91.1939093785
-90.7645862575
-91.4437741985
-90.5930488446
-89.8565725283
-90.0086453069
-89.9617312669
-90.0678749463
-90.33742162
-90.9009166025
-92.2722280329
-90.7960528476
-89.6038929549
-90.3678814267
-91.1235604625
-90.8654778335
-90.7107390711
-90.1426078478
-89.6530027071
-89.9585205848
-90.4395428476
-90.274853871
-90.2386288125
-89.9541634859
-90.6318619845
-90.8294017258
-91.1321227188
-90.6742867368
-90.5993721122
-89.6312813088
-88.7320641234
-89.8771227826
-91.5875328875
-91.0972861195
-90.2489200392
-90.5696865088
-91.0527406628
-90.986344872
-90.7304261826
-90.4133915668
-89.8476383959
-89.4653368584
-89.5242324987
-90.19310133
-90.4685566839
-90.094268211
-90.66376784
-90.4080917896
-89.8288927297
-90.3035538895
-90.7765397241
-90.9947737609
-90.7214763619
-90.1400260826
-90.9757271972
-90.8560661364
-89.9353314139
-90.6062350252
-90.7712336107
-89.5110204693
-90.1307951123
-91.0796626509
-91.4647695849
-91.3069170438
-91.0954040864
-91.2507795964
-91.2199824885
-90.8517632858
-90.8914045961
-91.2759102652
-91.9773557948
-90.8853512845
-91.121305045
-90.7991502457
-89.670028946
-89.9033990327
-91.0718475745
-91.3895409427
-91.341519116
-90.6086106724
-90.6132534906
-90.9354549598
-91.421182311
-91.5858036664
-90.2370573818
-90.0078571201
-90.5334981709
-91.9724406737
-85.1530181793
-85.6079377842
-86.3376809659
-86.2300900728
-85.9446237601
-85.6760560499
-85.3301206277
-85.1578183289
-84.9672772198
-84.9385627335
-85.0607142135
-85.2614538139
-85.3767356256
-85.2644827585
-85.6557045337
-86.4139237819
-86.2671059245
-85.7337330936
-86.0391167524
-86.4464768406
-86.2686267663
-86.2885801215
-86.1517225658
-85.7243634014
-85.8088009729
-86.0098822985
-85.2785496861
-84.5756864078
-84.9176362049
-85.4943137085
-85.4820157522
-85.3502989893
-85.5437418778
-83.0121711224
-82.9098291626
-82.739850204
-82.628068283
-82.750596449
-82.6897710331
-82.4550834811
-82.4503991415
-82.6894163946
-82.9320890974
-82.7574722899
-81.9558729908
-81.3499947615
-81.7766573129
-82.6973199758
-82.6643384369
-82.351186745
-82.3470560658
-82.3886434283
-82.322008955
-82.1869124314
-82.0413366361
-81.9446804861
-82.0479771401
-81.8784436625
-81.6535151891
-82.3082322952
-83.1476571477
-82.8514667185
-81.9582884752
-81.6531221965
-82.1307730498
-82.0186109756
-81.5029999167
-81.2025657843
-81.1666358038
-81.3376356122
-81.6386370858
-82.0395676347
-82.2726419079
-82.0335814123
-81.3893922319
-80.779501507
-80.4789177603
-80.4868555128
-80.7571278458
-81.1907659583
-81.5340392706
-81.4589765667
-80.8897183372
-80.1984030815
-79.7806789122
-79.9609512472
-80.6740467624
-81.4076419862
-81.7882840888
-81.8182489544
-81.5810213143
-81.1247978716
-80.5382865326
-80.1389146151
-80.3028785927
-80.7873118644
-81.0139991752
-80.9207824492
-80.7824480573
-83.4233225275
-82.5522568396
-82.4947978515
-83.3220798995
-84.3431558342
-85.1751820814
-85.1747919142
-83.8100974204
-82.6704875774
-82.3269095876
-82.8444331663
-83.6491066516
-84.0206430613
-83.8942129751
-82.9671308397
-82.0897294325
-81.7801108776
-82.2498978523
-83.1845065493
-83.8665537762
-83.6066473514
-82.6471679859
-82.1612604438
-82.4732638701
-83.4640006237
-84.2451213556
-84.1162309906
-83.3596560924
-82.6345249337
-82.114330614
-82.1246328239
-82.732579118
-83.5560543137
-88.6550057759
-87.3888322507
-85.6633640631
-84.8329673243
-84.8019704945
-85.1740609444
-86.6265032479
-87.9433244314
-86.7301688421
-85.5886799507
-84.7900814713
-84.3906576828
-84.7946024146
-86.0291005397
-87.5293190928
-87.0024892291
-85.062248243
-84.1608348551
-83.5405492361
-83.976999014
-85.8249310011
-87.0992067787
-86.6610792205
-85.0252113485
-84.3332942448
-84.1834884685
-84.3342509501
-85.1965274847
-85.6532906318
-85.6926634116
-85.2778443362
-83.910208503
-83.3962175148
-103.320737834
-100.763001193
-98.7621505038
-102.3292988
-99.2257424025
-100.409043289
-100.731999326
-101.760626738
-100.316589196
-100.053131229
-102.909360014
-102.018709356
-101.185424912
-100.98285496
-103.126823261
-101.14346078
-102.152609858
-100.482227005
-100.841141209
-101.790904966
-101.079086533
-100.154944631
-101.328713964
-100.61786186
-99.2796456367
-102.662765805
-101.148507935
-99.5392364792
-103.491422254
-101.696117143
-100.295016591
-100.919734187
-102.502423294
-84.5391510028
-84.8333076489
-85.3160633878
-85.5956403473
-85.3150101532
-84.8727146097
-84.7731685876
-85.0456466406
-84.8483377289
-83.8705768756
-83.2869317344
-83.564150665
-84.3268786863
-84.5856883033
-84.1935169541
-84.1650451698
-84.7936100926
-85.4499614189
-85.0152739967
-84.2570793827
-84.1646278062
-84.2824481443
-84.5997230615
-84.8174132018
-84.813549365
-85.3604460199
-86.2569809939
-86.5266985896
-86.0604198952
-85.2537866067
-84.031122151
-83.4437482467
-83.971005676
-82.2599901068
-81.9671577174
-82.1671709015
-82.2544438057
-82.0569325941
-81.9340335024
-81.8833137853
-81.7579928018
-81.3623235929
-81.192116804
-81.9867557721
-82.9171290533
-82.5044674496
-81.5312284408
-80.9747241557
-81.0746823307
-81.706467238
-82.0748713755
-81.9719510199
-82.039532055
-81.9651684276
-81.4236008355
-81.3160140882
-81.7757997537
-82.7464650493
-83.7349108101
-83.3315608836
-82.3183428833
-81.8410479391
-81.1525285272
-80.5977317312
-80.9933933683
-81.240893313
-100.135840636
-99.5386962809
-100.387056745
-102.268580018
-104.019897002
-102.942404488
-102.132495048
-98.7720111868
-101.774479765
-101.749514871
-101.793513558
-102.417010849
-102.062309481
-102.503957901
-99.9790037447
-102.092916263
-103.818214963
-101.791845292
-102.109142562
-101.255643648
-103.053093449
-101.327453917
-102.892010987
-102.115551859
-102.105982255
-100.971203668
-102.308590039
-103.199329554
-99.5568391617
-97.8001147719
-96.5823895851
-98.1538218024
-101.728558193
-82.6268983732
-82.5443554268
-83.14766007
-84.0627423967
-84.2650345449
-83.6702615608
-84.1778549261
-85.1334582674
-84.5636216279
-83.2375700279
-82.791154227
-83.0349298845
-82.5877408006
-82.5115068102
-82.4397139533
-82.2729425914
-82.4959840861
-82.9121485293
-83.6692728928
-82.859352672
-81.5216726872
-81.8530459931
-82.6335731987
-82.4437715125
-82.7766772023
-82.8786510988
-82.1511455321
-82.6227497527
-83.3478127226
-82.454504424
-81.9333605082
-81.8898077687
-82.0888974156
-103.652656799
-102.628474865
-103.329776085
-103.931920004
-103.62062041
-103.860006332
-103.914624486
-103.740624822
-102.27206754
-103.368616252
-104.33315268
-103.872422782
-102.326103517
-102.834317698
-103.757899982
-102.963553033
-103.398406639
-103.523077704
-104.34106158
-104.112392881
-104.217996333
-104.884921973
-104.559243603
-103.4535871
-102.052594776
-104.294743524
-103.271367619
-102.152536719
-102.790533331
-103.011849014
-101.071703433
-99.8748994003
-98.4319892079
-89.0283820731
-88.7247397244
-88.1156546902
-89.387465815
-88.6335053027
-87.6751850629
-87.5614227695
-88.6487959833
-91.6074087305
-90.7401345365
-88.481494254
-87.7824292227
-87.8077711335
-89.2832755346
-88.3867060383
-88.2032765093
-86.1500662553
-86.5527022369
-88.7939679415
-87.9050102838
-87.0522199215
-88.4389260385
-89.1651484764
-89.2595361207
-88.6484341151
-87.9932525486
-87.9314120543
-87.8597865231
-88.2445592281
-88.9792207469
-88.6996072052
-88.4482416952
-87.7453495114
-91.6427416411
-91.8300735257
-95.116025627
-92.6397968181
-93.028122763
-94.4425599673
-95.618334656
-92.7786097734
-93.2056067868
-96.327665618
-91.9930277457
-92.7934330845
-92.8159850124
-94.7309468154
-96.3652097892
-94.4816590078
-97.0856742778
-93.5911285744
-93.9604716285
-94.7946645566
-92.5587632517
-91.498609387
-95.2331134188
-92.0640175716
-93.5202467611
-95.7656889562
-92.3558028018
-97.2834458575
-93.4723744484
-92.2858453293
-91.9242772465
-95.6583183802
-94.472882589
-87.823249583
-87.7501188713
-89.4288451414
-89.1229082992
-88.8164183421
-88.5738723819
-88.5872279543
-89.4796633535
-89.5228312102
-88.9319592366
-88.0451735966
-86.7926036622
-86.4703941682
-86.9990662916
-87.4647122295
-87.8405773168
-89.6172224959
-88.9534096811
-87.3421077219
-87.0437937066
-87.5098300475
-88.7511689863
-87.0620276878
-86.8573191428
-88.310157121
-88.9277752037
-89.5197040669
-88.2855785218
-86.7880793578
-86.9358255127
-88.3929594309
-88.6751536488
-88.8096064907
-87.8209227805
-88.2048593219
-87.3691701015
-87.7183864481
-87.7945104072
-87.0566332428
-86.4434503825
-86.6280008813
-87.1042881559
-86.9342273803
-87.2925136383
-87.8640686192
-86.5073237653
-86.1574678629
-87.0475149259
-86.9516818924
-86.7054046856
-86.779187434
-86.978767182
-87.6333416868
-86.8797261499
-86.5578797739
-87.02416191
-87.2771669568
-87.6230469975
-87.1024989181
-87.4911671329
-87.9953411861
-87.2020661067
-87.4259420874
-87.8446047317
-87.8388304248
-87.6900131441
-83.7243775683
-84.8921630799
-85.5978264531
-85.2810266479
-85.20961251
-85.4203979356
-85.8940736068
-85.35040367
-84.9277568002
-84.7544349882
-84.4209607215
-84.8815483843
-85.673418347
-85.3161906323
-84.9403207117
-85.4631267255
-85.6790135113
-85.4433763491
-85.8746057904
-86.1286499719
-85.4531492702
-85.0545077387
-85.2039443727
-85.1893563748
-84.9723970315
-84.3302154576
-84.1072351179
-85.1039793082
-85.3120454128
-84.1233885002
-84.0992057185
-85.0398159621
-85.3828302428
-86.7698964688
-86.6977654862
-86.645350093
-86.4271933333
-86.4253397866
-86.5573886539
-86.2390089967
-85.8769451834
-86.185321135
-87.0519727029
-87.2130501697
-86.7403345287
-86.6100424289
-86.9927404801
-86.9995238449
-86.4998893753
-86.461969025
-86.8895650993
-86.8879552515
-86.5806290885
-86.470362766
-86.6558985119
-86.8735672476
-86.400066054
-86.2885758194
-86.869176183
-87.0987406761
-86.8742160748
-86.8630616765
-86.703838468
-86.4965646106
-86.7318727474
-87.3424471461
-84.9322864897
-86.8620821312
-88.1842071334
-86.066347239
-84.2933378931
-84.7177310245
-86.3224464633
-86.6928912037
-85.7263945458
-85.1856647903
-85.8860357807
-87.3695728968
-87.0584650614
-85.0825141605
-84.1332360521
-85.0014056156
-86.465033511
-86.1165141639
-85.047655736
-84.6025639433
-85.0029009162
-85.9091543402
-85.7925429602
-84.4339521572
-84.0044636516
-85.1236760452
-86.5078621971
-85.5431475682
-83.7511527845
-83.4984446891
-85.1901239987
-86.2370070076
-85.350511473
-81.2722213751
-81.312604798
-81.5600561039
-81.9052032508
-82.3375844518
-82.7018870679
-82.7219079651
-82.3660144151
-82.0049140347
-81.7697337901
-81.5819422707
-81.4110808354
-81.4244207849
-81.7215300445
-82.1654867534
-82.8139884804
-83.2583015436
-83.2198329865
-82.7681544063
-82.0744125868
-81.4651237935
-81.2186075537
-81.3580700998
-81.6365226615
-81.9564885563
-82.1950548902
-82.2660682541
-82.273171275
-81.9843394172
-81.3679635332
-80.9965925166
-81.0042938629
-81.0102920641
-83.7556302131
-84.4247932364
-85.6318560822
-84.7392605882
-83.5171121916
-83.5799954004
-84.2267623623
-83.6883812784
-83.1303505945
-83.4726886412
-83.6646188206
-83.6159303311
-83.6661308941
-83.6596714601
-83.7907947206
-84.0514198106
-83.5708840928
-83.0289711531
-83.2102122072
-82.9112225316
-82.2394543908
-82.7446757042
-83.5460128215
-83.6983961944
-83.6970291849
-83.2055377736
-82.8614505876
-82.837734383
-82.3280314769
-82.174629696
-82.6758619322
-82.6881430906
-82.8411229405
-85.1368054182
-85.5963024095
-84.4431405603
-84.2855830278
-84.728041528
-85.3295720904
-86.2913476961
-85.719357806
-84.3131018209
-84.2365279486
-85.6186677775
-85.2390544971
-83.8171743052
-83.5941498439
-83.7628824047
-84.5968516899
-85.849756675
-85.4568850664
-84.2754222011
-83.5844502084
-83.3728309104
-83.3285045917
-83.8720543767
-85.1774338844
-85.3925492635
-83.9404653766
-84.0436077872
-85.1649521231
-85.5092837662
-85.2439165811
-85.0422808388
-84.4417124564
-83.5293404266
-83.633155278
-84.1288717227
-84.1295729866
-83.2596172882
-82.1945607699
-81.6251585121
-81.7870650151
-82.5158478731
-83.4229782486
-84.3781008299
-84.3677541059
-83.4489427685
-82.8837492932
-82.4557626459
-82.1170176386
-82.2964077728
-82.8044863908
-83.3821339615
-83.9920062217
-83.9150333674
-82.7124101333
-81.5181236659
-81.1095389935
-81.420263406
-82.0946085922
-82.8017426644
-83.3774755434
-83.374727668
-82.6489909152
-81.7782270515
-81.1526118566
-81.0835857211
-81.7428950555
-83.519188996
-83.8949953625
-83.8517615549
-83.4818651963
-82.8894238227
-82.3654080626
-82.4058370104
-82.89405306
-83.3778901857
-83.8492746616
-83.8674489545
-83.3902878619
-82.880086704
-82.4176496134
-82.173618793
-82.3218429229
-83.0719682722
-84.0837979794
-84.4999552657
-84.1227600846
-83.3126390813
-82.3532612078
-81.9040133054
-82.0768590415
-82.4740549162
-83.1837706647
-83.9007744195
-83.8518828194
-83.2320981103
-82.4811561155
-82.0283095781
-81.9080751997
-82.3699719064
-86.6001468075
-87.2214204098
-86.6161042996
-85.8700905713
-85.5374760044
-85.0458259863
-84.8619289024
-85.6309988852
-86.3613807699
-86.3793547714
-86.5961620767
-86.2232498238
-85.0494843164
-84.5666129054
-84.4102147528
-84.5335576832
-84.9781874678
-85.7604201937
-86.3818124643
-86.1170087384
-85.08401516
-83.9727277433
-83.5976582838
-84.0638217393
-84.7083561742
-85.3775416316
-86.1417667147
-86.1966703505
-86.1499937489
-85.5204025235
-84.6098360658
-84.0988554369
-83.9483659612
-89.0529061194
-87.6267098315
-86.7599002298
-86.9068416678
-86.7588185481
-86.4522434706
-88.3832907158
-89.6963606905
-89.2062067332
-89.0577769621
-87.809286976
-86.7774210538
-86.7805608721
-88.129833273
-89.3846785684
-89.1772121466
-88.4472730556
-88.4989922364
-87.4277005261
-86.7651729686
-87.0591595776
-87.5696797608
-88.1393867671
-88.8837122815
-89.4645452559
-88.5022029253
-87.8268863491
-87.4658869632
-86.8077823222
-86.5109230247
-86.9938273739
-88.8039525574
-89.5274454345
-87.3216924253
-88.0128732319
-89.3280411597
-91.3273217123
-90.9162357192
-89.444149751
-88.3130271522
-87.3519280126
-87.4553708064
-88.2463131377
-89.0599519962
-90.27125175
-90.9447366118
-89.8534992399
-89.3457546337
-88.9291448054
-87.284154985
-86.6466608213
-87.7299326035
-89.3069656899
-90.3280759367
-91.014252559
-88.9590564214
-88.1813873622
-87.5836383158
-87.0986756123
-87.135293485
-87.8995934013
-89.4107588732
-90.2901992096
-88.8948960814
-89.5473949041
-89.0810950519
-93.1379017256
-92.4671958751
-92.690092731
-93.852846305
-92.3862959846
-91.8194256209
-92.3111508526
-93.6858546914
-92.5589569115
-92.0380361122
-92.8126610284
-92.6999430474
-91.8671931482
-92.4595443991
-91.6085552578
-91.7054816082
-93.0321056933
-93.227413999
-91.6531361785
-92.4427309469
-92.6729491869
-91.767795439
-92.2834343171
-92.3706000152
-93.3987780989
-92.5381204187
-92.3222734632
-92.5325812857
-92.8827321211
-92.8901660694
-92.3788739058
-93.0232995842
-93.523810641
-85.411870331
-85.4280864873
-85.3701571536
-85.034270587
-85.2079433602
-85.5693846428
-85.5259442624
-85.3390159076
-85.1949877667
-85.0871156081
-85.0131797527
-84.8957381982
-84.9566611847
-85.1499994284
-85.2077213025
-85.0469060951
-84.8409806425
-84.9748712981
-84.9613228697
-84.5623010878
-84.3197920371
-84.3041395086
-84.2608745616
-84.4683164863
-84.877089619
-84.7675658721
-84.4608474475
-85.0926430045
-86.151188593
-86.2707337894
-85.954358373
-85.7525325803
-85.464250665
-84.6873296913
-84.3348849384
-84.2683238487
-84.3269586512
-84.5514284864
-84.8908900163
-84.9374644766
-84.713459682
-84.5621389033
-84.5354044667
-84.5259946155
-84.5521979562
-84.5597785182
-84.5327782999
-84.4896570609
-84.3018441626
-84.0257731536
-83.9500308637
-84.012019583
-84.0384586471
-84.1658348935
-84.5300024885
-84.8750177597
-84.9491472079
-84.6289922966
-83.876806401
-83.449358026
-83.833062105
-84.2110065965
-84.1682017583
-84.3251597979
-84.647830903
-84.8397530014
-83.820263776
-84.3159218254
-84.4796651623
-84.4089093395
-84.1914542443
-84.2987391518
-84.5429217844
-84.3606441039
-84.348087196
-84.7763545574
-84.4915444279
-83.6104092466
-83.2238362244
-83.5862805183
-84.4437175034
-85.1677606006
-84.8465304692
-84.1029178933
-83.8954287607
-83.9513216525
-83.9385962756
-83.9385852567
-84.186275637
-84.3050135187
-84.2661637385
-84.5418561283
-84.4356520393
-83.8321383086
-83.5703245304
-84.0266383844
-84.7973112598
-84.7371101665
-84.2457282189
-83.1725252191
-83.1011236947
-83.0014302302
-82.9226388899
-82.8221106449
-82.7073294898
-82.7310772811
-82.9613991247
-83.0979590807
-82.9793639201
-83.0645465849
-83.3225118862
-83.3581217035
-83.4397461398
-83.6670859116
-83.6310885932
-83.7119188651
-84.0586784553
-83.9946092079
-83.7090294799
-83.7206643074
-83.723756882
-83.8251141114
-84.3046974598
-84.3918169629
-83.6801568637
-83.1389933755
-83.3097889059
-84.0721660534
-84.8147717652
-84.5306565246
-83.6066232234
-83.1819832538
-83.5454706371
-83.3620904884
-83.25731885
-83.1781134023
-83.2840268645
-83.5022525869
-83.7356129157
-84.0125178019
-84.0973777048
-83.9574438074
-84.2395911983
-84.7378566573
-84.4223965735
-83.8645148185
-83.7545945564
-83.7453939682
-83.7368180871
-83.8978941015
-84.1952525238
-84.5669072265
-84.4164460599
-83.863060553
-83.8024757419
-83.9146353659
-83.6441427546
-83.1961056114
-82.9195430296
-82.9235419511
-83.0887207937
-83.0859434221
-83.1628485228
-83.7101265546
-83.8057636466
-86.7972613396
-86.9774687671
-87.6916833504
-87.4144777068
-86.9994128724
-87.221643599
-87.2387242211
-87.3343298972
-87.5518185714
-87.2418042619
-87.0977951444
-87.2789045338
-87.1560359714
-87.4621218873
-87.8136158079
-88.201572304
-89.1137518737
-89.0810840043
-88.2742165809
-88.0368922474
-88.0979372524
-88.0179451563
-88.1060783434
-87.7418672302
-87.1294801992
-87.0873522735
-87.3120654323
-87.3078698613
-87.6081632605
-87.7738122887
-87.5201260113
-87.1873150846
-87.3935637096
-89.1964403712
-88.9457871237
-88.7722910858
-89.4819925811
-89.5710909739
-89.6847908398
-90.2308597156
-90.1266464621
-90.0733749432
-90.0234833985
-90.2918356817
-90.5072020147
-89.5592617223
-89.3197844016
-89.9483816294
-90.4208917102
-90.1323410629
-89.4694182912
-89.3334020422
-89.406753341
-89.5659447367
-89.1571154454
-89.6273442421
-90.3448950483
-89.2499623083
-89.1262228553
-89.5818728705
-88.7886487415
-88.8879937771
-89.1756031416
-89.4547045206
-89.852012031
-89.4838121497
-85.5438951794
-85.8709298568
-86.2436041331
-86.0914277433
-85.7032850938
-85.3604998721
-85.2184221501
-85.5414064193
-85.6725103499
-85.3824070006
-85.1840558583
-85.3893128852
-85.7280337579
-85.9071958971
-86.084797762
-86.4363981734
-86.9225371273
-87.1946172857
-86.8897029447
-86.1739424204
-85.6151321307
-85.0377617836
-84.6768861148
-84.9642262407
-85.438210195
-85.8958940835
-85.9736920374
-85.7803215295
-85.5018974534
-85.0611711225
-85.0422763184
-85.0818572086
-84.893470214
-85.6598800734
-85.5834694329
-85.6065267437
-85.4559533909
-85.08534123
-85.3331011898
-85.8498325046
-85.6979987933
-85.1052911773
-85.3461477661
-86.5944731924
-86.976084555
-86.0782319893
-85.4086971674
-85.9463979594
-87.1848894724
-87.2355875087
-86.0058744503
-85.643775249
-85.9850166699
-86.7731722604
-87.7678458091
-87.3042039271
-86.9506265382
-86.3909122705
-85.9272061333
-85.8421827269
-86.0580893257
-85.7940134582
-85.1159301405
-85.1202397144
-84.9615260235
-85.4707908656
-86.4949916073
-86.4207705814
-86.1042352789
-86.4236135113
-87.5633009833
-87.1417129909
-86.5424573209
-86.7304036431
-85.593604909
-84.6374267607
-84.9255503041
-86.1618249704
-87.2457828111
-86.3965971631
-86.1749749703
-87.5139370617
-87.6339952256
-86.0679690583
-85.6712726136
-86.6073878103
-86.9816952083
-86.409241826
-86.1625503961
-85.7746773363
-85.2792486717
-85.6424581784
-86.7343905299
-86.8133227816
-85.3515754339
-84.7255121107
-86.0086599525
-86.912818485
-85.2151949807
-87.9480269935
-88.0802079633
-88.4964966342
-88.0344500826
-87.9663134564
-87.3017754514
-86.6760959387
-88.4959956117
-87.1022477832
-85.6467750034
-87.2041834104
-89.9406166154
-87.0585092359
-86.4959283014
-87.8099379189
-87.3013511916
-87.7848365794
-89.3570780147
-86.6289392583
-86.385993693
-87.9513442476
-87.4236205854
-88.7337091426
-88.9952973706
-87.4984078115
-85.4367513926
-85.3998422236
-86.9686815238
-88.5844683703
-87.5998727045
-87.1615595974
-88.0257857438
-87.6499943143
-89.799128452
-89.8723815969
-89.4798831232
-87.4126936822
-86.8460534331
-87.8267082546
-87.1942285389
-87.1270399619
-87.7774433326
-89.0418266593
-89.6984794071
-88.1627991336
-87.6831050433
-89.4283238744
-89.4747765755
-87.1457017385
-86.8896194464
-88.6816248198
-87.2679779038
-88.291874503
-88.6454155234
-87.6668531484
-87.072997
-86.3646079783
-87.2473069572
-90.3706171727
-88.8205896601
-88.4985810932
-88.5465149707
-88.4286249803
-88.0928349744
-87.8058210964
-88.3236267716
-89.9904284959
-91.249782714
-89.5657274307
-89.7351955506
-90.207515346
-90.1628880133
-90.1914355888
-90.6569075819
-89.3656183642
-87.7345389083
-89.6130206486
-89.9464625452
-90.9206195175
-92.2905848407
-88.5643486371
-86.9466319455
-88.1084656269
-90.48488249
-88.8032186506
-88.8711651772
-90.2144344986
-90.0490500657
-88.7710908292
-87.4057168008
-89.5049865954
-91.6708268633
-89.3691794739
-88.7671308117
-89.8809245772
-91.8751636888
-89.1098466561
-88.2160383386
-88.1198344103
-87.7716262205
-86.7226557234
-85.8251084769
-85.9213860963
-84.8979327192
-84.3958096885
-85.604243646
-86.3326966712
-85.1292801768
-84.4497500363
-85.0451926543
-85.2282259146
-85.1096003676
-85.6095284665
-85.1542793451
-84.5722510157
-85.2100256188
-85.2244513213
-84.0432270721
-83.3473633502
-83.875948293
-85.7700635604
-85.6261310861
-84.3206197076
-84.3122736713
-84.9152852616
-86.2767057417
-86.1659702203
-83.7387343338
-83.0097144232
-84.6801156776
-86.3304781479
-85.2699058893
-84.4308171921
-85.2941036245
-86.0299046514
-85.3931901775
-84.679036019
-84.6072246909
-85.2137648488
-85.1975798111
-84.9493153433
-85.0384033882
-84.7768508488
-84.3360972081
-84.5235013498
-84.5178955136
-85.1217554559
-85.6423988603
-84.5885249608
-83.7894094511
-84.5281118192
-85.5866488692
-84.9485135981
-84.3313770801
-84.7291343412
-85.2550855201
-85.9970728369
-85.4408287807
-84.4466205411
-83.7794390692
-84.4615044269
-85.1749826656
-83.6711765146
-83.3464555675
-84.0075493785
-83.2446583684
-83.0772686861
-83.5279148717
-83.749528824
-83.8437195127
-84.0924083382
-83.4844358546
-83.0193181319
-83.1036624195
-82.7378284345
-82.6885257938
-83.3932925387
-83.6327995589
-83.0507061445
-82.6567481243
-82.8030736276
-83.2498700307
-83.6649545825
-83.9787067783
-83.5710677148
-82.6173069316
-82.439524563
-83.2267963299
-83.5920637125
-82.9994847029
-82.2956679853
-82.3926721256
-82.8035379414
-82.8452581967
-83.0901233289
-83.19477858
-82.9302661049
-83.1659392157
-96.7423929717
-96.4003588215
-94.059120712
-92.9895143992
-90.3495622743
-91.1912386533
-94.3316369664
-91.7441556555
-92.5493131305
-95.4643933575
-93.5687216524
-93.5288558655
-95.4939906168
-93.4594412604
-92.0963668158
-91.2696874351
-90.5111250554
-90.8125524739
-91.7826722146
-93.6126462152
-94.18153817
-95.1851852516
-95.2574170624
-92.1124375613
-91.0730847046
-92.9185187275
-91.5461792942
-90.8723204797
-91.8047585403
-94.0694939191
-97.1522138133
-93.600741848
-93.9410504187
-100.870019842
-96.8419551833
-98.6414732814
-99.3952821096
-98.6040254766
-98.3582442109
-98.4610834824
-100.926984067
-97.2555078482
-99.1513440329
-99.5296700555
-100.633583286
-100.825017675
-97.9621807254
-99.7764914203
-98.6219094398
-99.0430329484
-101.269777598
-97.4853921667
-99.3640870628
-99.5791222855
-99.5535935228
-98.2065289383
-99.3061719969
-102.209304884
-98.3202148317
-99.9290877033
-100.107244286
-100.930827905
-100.987646974
-97.1569105942
-97.7785843028
-102.390804568
-96.3007518864
-96.8368222454
-94.1293288397
-93.6534886666
-96.4310558388
-95.84310817
-94.7467318881
-93.4354757184
-94.4742068102
-96.8427114734
-95.5204080206
-94.2640442446
-94.3550420745
-94.0317115392
-94.9450479193
-95.1003285518
-95.2796713569
-94.6710504299
-94.9554383092
-96.2353709245
-95.8439745867
-94.2284649567
-94.7873752274
-95.4381171707
-94.2797686384
-94.1620627715
-94.8827775498
-94.4574907356
-96.2458208284
-95.5990693076
-94.4850934617
-95.3846720185
-94.1946418477
-98.5503133436
-101.432489053
-100.287727357
-101.747138565
-99.4355426248
-96.516661833
-98.6627668676
-102.002594835
-99.6526901634
-97.931592375
-101.626025761
-102.147989717
-98.7113051102
-97.6832550285
-98.7282162835
-96.9748364456
-97.9944178851
-99.6396294897
-101.690661727
-98.222132675
-100.207421147
-99.5029561794
-97.7161232085
-98.1676700768
-98.3364167337
-100.090260627
-99.2881808832
-99.7137257176
-101.26436184
-97.772489648
-98.1225651834
-99.3794323711
-98.0387779603
-91.7575137797
-93.095984791
-96.5418852818
-95.8071342696
-92.4545493543
-91.3339834362
-93.033011784
-93.2216863132
-93.8216102299
-90.6389000565
-91.4732732521
-94.8960482772
-95.6862272379
-91.3222681913
-90.1873967591
-92.8043814688
-95.1763797674
-94.4280499896
-90.9368802888
-91.9396012251
-96.1952036534
-95.4465793031
-91.7615322761
-91.20438356
-94.2331571691
-94.92823736
-92.4992643533
-90.4857104579
-91.1103278509
-95.5107236216
-94.2570118776
-91.7481784404
-89.9769965265
-82.0286199454
-81.3109777344
-80.6620451348
-80.5138172389
-80.9477676598
-81.5174280912
-81.5181098967
-81.0696603703
-80.8164314869
-80.8983001222
-81.2020616484
-81.5164797076
-81.4257527959
-80.9193192204
-80.4938841165
-80.5514193452
-81.1678135033
-81.8857276375
-81.8335901291
-80.9482632495
-80.2881445182
-80.5136729217
-81.2918393628
-81.889250011
-81.8079724107
-81.1189739323
-80.4898132764
-80.5097667968
-81.2208705564
-81.8243667948
-81.5593601523
-80.8688135118
-80.4788378237
-91.2120821169
-92.2542832253
-91.6318164497
-89.7402735377
-92.6374381824
-93.5282565771
-90.3945274253
-89.6339967654
-90.0242139252
-89.6751100778
-90.7234530335
-91.7985941123
-95.7513796027
-90.9191988896
-90.8648203833
-92.0541529025
-89.1099854645
-90.2811386874
-91.7573997346
-91.6340067294
-92.4962746768
-89.1935975032
-90.7610940952
-90.7761259139
-90.0125341338
-91.3165902998
-92.9944734671
-91.7644317988
-89.6911552931
-92.7470812349
-89.1266727057
-88.2994170038
-89.4108228823
-103.495256926
-102.965482877
-103.364377115
-103.639160873
-102.580073864
-103.175762817
-103.060654552
-103.66758088
-103.465442348
-102.962813779
-104.345483369
-102.301166829
-103.601569623
-102.427146174
-102.472166356
-103.352437254
-102.552378343
-104.075482383
-102.659299873
-103.246868202
-104.310095091
-103.973840343
-103.942394231
-104.033531216
-102.854615284
-102.776382705
-102.757952958
-103.896729013
-102.021327621
-101.318457591
-102.092092086
-102.976619982
-103.233809899
-101.971642526
-103.193991994
-104.731698354
-104.324963889
-102.616053841
-101.491127517
-102.293322262
-103.466203176
-103.102724659
-103.499107718
-102.517752911
-103.942680527
-104.347313103
-103.25127135
-102.340098276
-102.753915453
-101.935573898
-103.127182915
-102.947495646
-102.659465424
-103.973434439
-105.559152702
-104.548707451
-104.527721379
-103.180053352
-104.064155754
-102.911834891
-103.658446241
-103.043819523
-103.370633172
-102.728899895
-103.34282707
-103.739169636
-103.16180557
-103.280345969
-102.445313185
-103.752003511
-104.651348539
-104.723663234
-103.100172804
-101.368336746
-102.465129841
-103.937077879
-102.389795329
-103.088540991
-104.737564555
-102.22301838
-104.168607913
-104.439088981
-103.726591199
-102.919562897
-102.391647698
-103.607466072
-103.211242467
-102.153476212
-102.836051914
-102.452152854
-103.152138155
-103.497210174
-103.538999336
-102.908019093
-101.910010287
-103.61858434
-102.729551508
-102.946029568
-102.704903458
-101.999977319
-102.513956794
-103.649508695
-103.276439678
-104.153499652
-103.273515789
-102.202130899
-102.357860263
-102.339636851
-101.99489908
-104.78631671
-103.649265613
-103.205337946
-103.322884762
-103.388912199
-104.888793312
-102.688744225
-102.437003361
-104.022506807
-103.623846263
-103.880964599
-103.346200165
-103.212122234
-103.054766917
-103.878186463
-103.787487906
-104.053634391
-102.040364474
-103.784779106
-104.16302974
-103.751471272
-104.065058461
-103.341437505
-101.804708076
-102.344733926
-104.200482317
-103.563481838
-102.46442559
-101.202797166
-101.818628204
-103.19691955
-102.581819391
-102.486319333
-102.768430772
-104.947628378
-104.130861936
-103.196335728
-102.830387471
-101.091724375
-101.185587658
-103.768519548
-104.073289362
-103.776909376
-103.856568024
-104.461664521
-104.523478642
-104.333802777
-103.238553831
-102.159938591
-103.465922412
-104.333179676
-103.505295432
-103.726310601
-103.921737967
-103.976224465
-102.232714936
-103.190519277
-103.095088087
-103.205537906
-102.865573407
-102.261965502
-100.94672107
-101.88746477
-104.509354145
-104.359612121
-103.847502279
-102.8844328
-102.292811135
-101.180384043
-102.340302737
-102.171840973
-99.4335812975
-101.584631452
-104.417703161
-103.272304292
-102.617914934
-101.902384165
-101.701717819
-103.902504496
-104.365316232
-104.246211865
-103.299054858
-102.619701155
-103.528142511
-101.099737906
-102.406777298
-104.030080284
-102.410546892
-102.533489884
-103.557685628
-102.775503095
-103.281763549
-102.520760689
-102.910944403
-103.061121623
-102.088666598
-103.874795431
-103.007248036
-103.139855683
-102.362385354
-103.361171784
-102.886099321
-102.771865291
-101.572621658
-102.677346443
-104.12622137
-102.503113491
-101.748776035
-102.69077266
-103.27015974
-102.047494673
-102.801348517
-104.414343136
-104.744710011
-103.597157055
-103.32107861
-103.278351715
-102.505615424
-102.510163148
-104.215228457
-103.410913449
-101.680238509
-103.407470345
-102.651006519
-103.623213055
-103.536347678
-102.108725574
-103.720413296
-103.363674365
-103.900373425
-103.00014116
-103.265973686
-102.487276179
-102.068794482
-103.001748931
-103.876453006
-102.218977156
-102.014712051
-101.973524179
-103.075666876
-102.29258479
-101.494339421
-102.329749672
-103.322180545
-103.381167878
-102.930162666
-104.528185232
-103.074561919
-103.055515925
-103.769802432
-102.014581903
-103.562992664
-103.476052609
-103.614780538
-102.119889705
-102.153890774
-102.440341179
-103.28809365
-103.416940944
-103.202577783
-103.672619501
-103.768636945
-102.618070253
-102.370981665
-102.99481036
-103.412280362
-102.819364039
-103.600429229
-104.291632175
-103.435606265
-103.318397588
-102.128782702
-101.08620951
-101.661527851
-101.573478205
-102.588192596
-103.952441939
-102.586121224
-103.619118353
-102.440356975
-102.734067206
-102.610894694
-103.140948398
-103.318411157
-103.021797747
-102.323725794
-102.945650984
-102.75424313
-103.488310176
-102.724672414
-103.514223244
-101.730496955
-100.330644452
-102.397504803
-103.412615225
-102.418942151
-103.959807996
-103.530048992
-103.714411018
-104.196650777
-102.889641421
-102.523542297
-103.253101159
-103.036203727
-102.455240382
-104.663286238
-103.732784246
-103.035089379
-103.162605669
-102.095265846
-103.929503063
-104.248927276
-103.898914518
-102.977064305
-103.31977437
-104.266885029
-104.905980185
-102.457396587
-102.001021631
-102.878704636
-103.808101711
-102.82152522
-102.322888194
-100.938102226
-104.161622825
-104.335721493
-102.868675478
-103.09548057
-104.325208969
-104.853480195
-103.350966344
-102.272208837
-101.328028336
-102.249005538
-104.176813157
-103.579216826
-104.122026972
-103.601179683
-103.112853595
-103.774454702
-104.723313504
-103.974122802
-104.071801871
-103.106309081
-104.005379116
-103.271838783
-103.700117977
-103.240103089
-102.944340828
-102.099490718
-103.394114865
-101.310018157
-102.038678998
-102.628714202
-102.824999579
-101.666245963
-101.147104033
-103.095323315
-103.752957956
-103.224895604
-102.441448996
-103.767223877
-103.50054902
-103.64161661
-102.612112622
-102.440411847
-104.565711671
-103.620508038
-102.393685367
-103.885655988
-102.851993332
-102.569794993
-103.204944662
-102.771936479
-104.037592532
-104.009341395
-103.503538903
-104.059746826
-102.705008313
-101.185515833
-101.060977419
-102.95645701
-102.543632286
-102.920063937
-101.87447751
-101.508678445
-103.900109296
-102.930896073
-101.855251523
-102.385213419
-103.427703513
-103.498176344
-104.619757787
-104.084100872
-104.094356096
-103.907913878
-103.736320857
-103.126464935
-103.072893631
-104.213449772
-102.717838589
-102.712935743
-102.366743778
-103.329881861
-101.647484076
-103.282342822
-103.098570432
-103.496051973
-102.250696671
-103.396087718
-103.278558763
-102.101840273
-103.724580088
-103.033111844
-101.86182295
-102.428953461
-103.215998574
-101.604426505
-104.029340242
-101.997691226
-102.850272536
-103.211081625
-102.794912946
-101.089529284
-101.576593522
-102.938364697
-102.987578879
-103.227411873
-104.130568688
-103.12553161
-103.313814741
-103.564650626
-103.614702818
-104.279890458
-103.21563149
-102.289920162
-102.269571866
-102.518682001
-103.937839922
-103.28169863
-105.286894231
-103.942129101
-102.830544211
-103.500809036
-102.967277476
-103.574045726
-103.181129277
-101.69881051
-101.590238658
-102.989063141
-103.06925371
-101.837647522
-102.167846028
-101.700849629
-102.079300836
-104.142669233
-104.042578535
-103.358830198
-102.033563909
-102.008800515
-104.616587711
-103.662797433
-103.418336485
-101.469187747
-102.039364228
-104.449403144
-102.358594219
-103.794656807
-104.149346202
-103.820877678
-101.904970939
-103.190922785
-102.03248046
-101.260065599
-102.851738627
-102.091789262
-103.889342571
-104.052820023
-102.277791362
-102.248599827
-104.515184765
-103.916718958
-102.940801741
-103.308339773
-103.376774136
-103.523399882
-103.233353487
-103.30660495
-104.020362297
-102.110610556
-103.647950868
-103.108535818
-104.00508826
-104.334717019
-103.513608657
-102.954341505
-103.23348688
-103.590817296
-103.613183927
-104.079959874
-102.657930241
-102.199159913
-104.326026858
-103.093421882
-103.37719911
-103.537892379
-103.339256506
-104.63873136
-102.890880455
-102.612058997
-103.088660357
-103.924951713
-103.573712573
-103.389519045
-103.954987157
-102.169753467
-103.322672195
-103.347049312
-101.836146443
-103.797410791
-103.265761875
-104.404746473
-103.233261679
-103.219736449
-104.365897332
-104.708996925
-104.464786187
-104.915904476
-104.287898358
-104.085277686
-102.551493192
-102.339149484
-102.753459131
-103.055452066
-103.802280827
-104.582106077
-104.264686439
-103.555334558
-104.239117715
-103.361314985
-103.570880368
-103.521514801
-103.850525032
-103.771238553
-104.276115122
-105.032964991
-102.569007337
-102.495662921
-102.359209979
-103.12697387
-103.856535387
-102.077881116
-102.767072903
-102.823346044
-103.17213113
-103.430016409
-102.65247378
-104.085069657
-104.29422113
-102.518373317
-103.473461947
-102.678680348
-102.630781092
-103.110588426
-104.028528418
-102.866125723
-102.743268117
-102.991603692
-102.940554213
-102.170789412
-102.79571048
-102.832262666
-103.961188778
-103.296480884
-102.806346224
-103.220438177
-103.516499609
-101.206934461
-101.4921067
-103.209005457
-102.613137387
-103.329024842
-102.707868951
-103.39459781
-103.350692591
-104.429835368
-103.751954782
-103.976347218
-104.365899059
-103.902654677
-103.011641022
-103.420554793
-102.509368213
-102.133272704
-103.596674561
-102.251315627
-104.00754367
-103.881935068
-102.739358235
-103.023918799
-102.40862097
-99.99112794
-100.780725534
-104.389674111
-104.41749606
-102.794101428
-102.286019758
-103.99970259
-103.770836843
-102.205322337
-103.667292306
-103.846605747
-103.905395315
-102.969241843
-104.215547914
-103.675810927
-103.726962376
-103.558253788
-103.661128747
-103.899510896
-103.451683802
-102.219611625
-102.549418501
-102.661904822
-103.830614627
-101.915731312
-101.358647045
-103.90297407
-103.413192802
-104.463313823
-104.559489176
-103.762586481
-103.299171709
-101.250289723
-101.695794948
-101.818035041
-102.61767215
-102.142902182
-103.08229385
-102.893328211
-102.250311228
-101.550787587
-101.602379595
-102.296489488
-102.546636464
-102.823038233
-103.089999662
-101.756880318
-103.654415325
-104.893634784
-104.138641258
-103.027806436
-103.925010614
-104.502810779
-103.573840291
-102.629109556
-103.205024307
-102.938671467
-105.470916433
-104.057162004
-103.235426355
-103.836057057
-103.477254397
-102.019264675
-102.451776618
-104.273905938
-104.369923556
-103.201907005
-102.537309355
-103.902644587
-103.42813837
-103.536978335
-102.664981461
-102.874314776
-103.408654687
-103.777086567
-102.31827121
-102.45396085
-102.340802964
-104.084818335
-103.515963511
-104.373559911
-103.608710588
-101.707173574
-103.398140589
-104.09528985
-102.598540735
-102.83940212
-104.541443663
-103.15281533
-103.415208336
-103.069932499
-102.321109672
-103.079135603
-102.802446037
-103.235722227
-103.963913088
-102.93210721
-101.654701485
-102.400220359
-102.983994031
-102.808799875
-104.953039536
-103.191513458
-103.028764054
-102.782063448
-102.889863936
-102.865865297
-102.545403824
-103.669028453
-102.776813295
-103.170400684
-104.048027303
-102.653977634
-103.223405525
-103.624220773
-103.775823013
-102.59256705
-101.926869021
-101.298970439
-103.174806038
-102.436922779
-103.170808557
-104.233390087
-103.786257214
-104.102764267
-104.561069479
-104.298386311
-104.324103866
-103.899723022
-102.91033942
-104.184061225
-103.39616853
-103.87146715
-102.580168021
-103.069069857
-103.2618747
-101.360545046
-103.387816298
-104.000744815
-104.77109116
-103.717686867
-102.925832383
-104.656196306
-102.562974337
-102.649710458
-102.682234158
-102.713956541
-102.651984056
-103.352485803
-101.834096802
-101.795186764
-102.278180587
-103.701085166
-101.842235494
-102.522119642
-103.01720996
-102.620550922
-102.937620084
-100.817787882
-102.195246371
-102.939995149
-103.693748282
-102.574976409
-102.730351349
-103.491731148
-103.41728623
-104.166322837
-103.447962185
-104.351864346
-103.911047419
-103.056056211
-102.320286864
-101.479106653
-101.898854024
-103.217454627
-102.307926309
-102.039546166
-103.253778554
-101.808155297
-101.571888711
-103.617418756
-103.845744638
-103.243299617
-102.701241888
-103.741049172
-103.01283442
-103.436480047
-102.166051817
-102.971375268
-104.523690412
-104.076750577
-103.581544102
-104.481536627
-102.5795041
-103.605984866
-104.26833111
-105.183945614
-102.016848249
-101.423476214
-103.4180168
-104.045033184
-104.001069917
-103.649640857
-104.262010481
-102.547318386
-101.754310195
-102.684153733
-103.284160193
-102.103447868
-103.570880368
-104.039232538
-104.46584992
-101.664360699
-101.289372449
-102.148141285
-103.167108608
-104.046544025
-103.914603861
-102.821020293
-102.495918627
-101.855053894
-103.604749464
-103.877562138
-101.967757386
-102.647364803
-103.255826421
-102.27565365
-103.693359963
-103.460001478
-103.973965396
-105.023069734
-104.214335271
-103.523236301
-102.781932131
-103.587161867
-102.202890427
-102.791928906
-103.647894144
-102.890559828
-102.359063646
-103.999731559
-103.400358628
-101.621187259
-101.787132824
-103.165144056
-102.804327888
-102.316435055
-104.454582205
-103.169148451
-104.265418335
-104.142128318
-103.31718843
-104.162801059
-102.973282274
-102.879774354
-100.82057995
-102.057822172
-103.048027824
-102.155302346
-103.372456621
-103.674355938
-103.73208309
-104.397634084
-103.185975889
-102.186052231
-102.176142862
-103.619851318
-102.158292293
-103.493023095
-103.833427034
-103.432841086
-101.864763339
-101.096101212
-102.679743492
-101.87614327
-101.858145293
-102.622983872
-103.626678999
-102.727533603
-103.45977298
-103.853616655
-101.840444136
-100.712596478
-102.964374332
-103.154749811
-102.903937142
-104.020251451
-104.294846736
-105.005412137
-103.928972438
-102.252306724
-102.711866804
-102.84207758
-103.589300236
-102.046261962
-102.702358844
-103.117621653
-102.557652039
-102.472615276
-102.848709515
-102.878964913
-101.707861351
-103.188359744
-102.54698721
-103.28702222
-102.67672983
-101.545759682
-103.661301276
-102.956367439
-102.788430149
-101.233505045
-102.591069102
-101.877712287
-102.217428902
-103.39860325
-103.044155808
-102.671247375
-102.246471397
-101.565382935
-103.139081898
-103.461010583
-103.853729084
-103.746694538
-103.075856463
-103.512440044
-102.601937786
-104.190215851
-103.352227338
-103.724101106
-103.767508635
-104.283220029
-102.272764741
-102.622306728
-103.045178197
-103.313473857
-102.851422704
-103.322198539
-103.197084486
-103.816137397
-103.528241838
-103.035572143
-101.810704273
-101.137282837
-102.306408096
-102.72094921
-103.400068608
-102.696371842
-102.74438048
-104.712283364
-103.169003254
-102.033639615
-101.597897406
-100.526934162
-102.578886631
-103.072561846
-103.358727823
-102.343410111
-102.743203042
-103.874275689
-104.433183288
-103.611312097
-103.440559907
-104.110577238
-101.908348651
-103.087963193
-102.913512272
-103.481736943
-102.509861827
-102.516912584
-103.844207094
-103.883171157
-102.842044445
-102.380679526
-102.135663864
-102.473428924
-103.013923148
-104.024341468
-102.833529426
-102.718943571
-103.319275923
-102.656580848
-103.464068074
-103.47308791
-102.945677135
-104.008675263
-102.507927956
-103.20516873
-103.598020904
-103.643385659
-103.736513954
-103.94796218
-102.781154509
-103.723018562
-102.591389022
-101.980862995
-103.726084049
-103.775085104
-103.584395173
-102.056770202
-102.111506595
-103.247205232
-102.06954453
-102.535249924
-102.387915
-103.317632031
-101.948213904
-102.704891382
-102.675745245
-104.001316438
-102.271945708
-102.923162139
-104.157116762
-102.812453062
-103.126715176
-104.022987143
-103.653709484
-104.55967201
-103.573462905
-105.133839792
-104.353569333
-103.166938255
-102.641134098
-102.982048097
-103.631723957
-102.789266435
-102.611457925
-102.596249549
-102.809184514
-102.965911987
-103.208524523
-102.024030557
-103.183850843
-104.266415346
-103.802316093
-102.56162591
-101.534242289
-101.281236722
-101.423085043
-103.549696605
-103.377325991
-102.08687184
-102.496912405
-103.514571384
-103.98357921
-104.086820816
-102.999265162
-104.487156841
-104.508551858
-101.935395771
-103.20191328
-103.818897428
-102.099920145
-101.022034797
-102.431030006
-103.253188376
-103.479961748
-103.9625098
-102.741633225
-103.305160978
-103.133827907
-101.9994505
-102.971578834
-103.750036052
-102.689557716
-104.557788509
-103.862240713
-103.128967991
-104.52988914
-103.248478844
-104.21539986
-103.102164013
-103.020869222
-103.573947504
-104.258183682
-103.223613953
-101.95164425
-101.288955755
-103.928066348
-103.439919025
-103.835197655
-102.864440875
-102.869604451
-103.953682556
-102.31544268
-104.363150532
-101.965219401
-101.953603966
-102.525334483
-102.646481876
-102.049544228
-102.703570014
-103.162074544
-102.616633327
-102.234232707
-103.556721897
-102.817860467
-103.424328068
-104.239093394
-103.294883721
-103.038694723
-102.421036537
-101.792434889
-103.278669013
-103.887912116
-103.863795425
-102.925146929
-102.900408324
-104.119674068
-103.013194243
-103.121886552
-103.031518461
-102.390346217
-103.012461349
-101.991922268
-102.639972131
-103.126296493
-103.456151574
-102.657781065
-102.677703223
-102.049537136
-103.697871417
-103.41744691
-103.424720524
-103.772758008
-103.892089529
-104.217145133
-103.618187418
-101.158567063
-101.261258925
-103.472282295
-102.722456562
-102.686971917
-104.032583456
-102.60078597
-101.125767666
-102.951123732
-103.560499554
-103.923452943
-104.052802749
-102.68470837
-102.080143505
-103.52198404
-104.334691728
-103.269224536
-103.032288878
-102.016991537
-103.559933252
-103.254215058
-103.482231845
-102.173208879
-102.448102674
-103.82967082
-103.282071005
-103.711149521
-103.308516102
-101.850456723
-102.930237118
-103.782673303
-103.067850981
-103.465134616
-103.551243199
-103.840298094
-103.144984315
-103.624452628
-103.123618205
-102.943622262
-103.54410491
-104.652465426
-102.987283722
-102.412746554
-103.886186759
-103.642389566
-103.546881087
-103.231098746
-103.79829836
-102.609132834
-103.497298898
-102.31905968
-102.14125819
-103.885310809
-102.895327722
-102.019337616
-103.375845598
-103.634307553
-102.810976328
-103.064502597
-102.077884175
-102.05862515
-102.829210126
-102.980478044
-102.560334879
-101.795827463
-103.478634963
-103.944681211
-103.010496933
-102.838720451
-101.936933037
-103.543590045
-101.90712147
-103.308223352
-103.208794753
-102.261796611
-102.142876821
-101.811147788
-101.75768779
-102.26641728
-102.539972848
-102.241443548
-103.376207226
-103.079283925
-101.224104109
-103.09201841
-102.563238599
-102.205010726
-102.723187364
-103.417189756
-104.163311177
-103.739691025
-102.24980275
-102.427049475
-101.924489666
-103.603069969
-102.454362852
-102.993702489
-102.158240873
-102.436239976
-103.433581593
-103.729514147
-103.648043824
-103.300006642
-103.091367389
-103.079696494
-102.233824146
-103.868601516
-103.301612449
-103.30326009
-102.716495853
-103.28674068
-104.568751619
-103.99702237
-104.169611004
-104.514368445
-103.580860455
-101.615612862
-101.711576952
-100.680804372
-103.144103378
-102.626211513
-103.13665759
-102.852142323
-103.15472335
-103.029270554
-103.423581144
-104.348268034
-103.570349018
-104.804986554
-104.095461452
-103.073948782
-103.255915699
-103.399006174
-103.757620732
-103.325815585
-102.919204869
-103.016838729
-102.202793347
-101.636234315
-101.199271421
-101.810766122
-102.709271525
-103.267787237
-102.686608216
-103.410729794
-103.755531054
-103.463857603
-103.335628594
-103.191229806
-103.650275734
-103.22804773
-104.389772658
-102.791519952
-103.909735348
-103.606532919
-101.78381374
-102.842675863
-103.465744838
-104.069809125
-103.293101316
-101.206670367
-103.336776128
-103.661242542
-103.531209527
-102.835078495
-103.111023707
-102.332303155
-102.851933006
-103.917483277
-104.28841363
-102.833318274
-102.536923403
-103.891523199
-104.287752482
-104.115783516
-103.108387463
-103.596534959
-103.972569504
-102.034573421
-103.452901957
-103.425141871
-102.276200655
-102.687461496
-102.498148769
-101.604642772
-103.337101131
-101.357301834
-102.644520782
-102.001756557
-103.541879389
-102.674267177
-101.043123496
-102.650368329
-104.112847013
-103.224880996
-103.48419792
-104.021190542
-104.320998767
-102.192263338
-102.465173599
-104.487749147
-103.670541253
-102.531383588
-102.784295531
-103.942155731
-103.125265214
-102.053555991
-101.709594622
-101.60565795
-102.541780906
-102.246423427
-103.894692577
-103.310170428
-100.994758503
-103.148765281
-102.268185793
-102.622592543
-102.502914152
-103.534891239
-101.92945367
-102.06418916
-102.616384554
-102.642792849
-103.444892609
-102.897396503
-104.583120417
-103.561717408
-103.353774255
-101.905965697
-102.444854317
-103.410781771
-104.004362793
-103.116514391
-103.539809928
-102.45122205
-103.518260324
-102.766968331
-102.413277228
-104.543698798
-103.102879277
-103.132478919
-103.218113889
-101.996603177
-103.748239884
-102.571431855
-102.400226399
-102.24767532
-103.650394372
-104.124322751
-102.656435213
-103.40258368
-102.673106838
-102.244105077
-102.720198686
-102.390338273
-103.779391842
-101.354746475
-100.711392885
-102.90396551
-102.898367979
-104.209102439
-104.003120324
-103.16732549
-104.262714942
-103.104560095
-103.726193224
-103.245797552
-103.561162067
-103.548234253
-101.699882529
-102.771343076
-103.042116208
-102.745318023
-102.679727972
-103.494079818
-102.814705354
-103.570545301
-103.445056409
-103.468093538
-101.846415949
-103.877801748
-103.983580792
-103.478966533
-102.929051623
-104.621590971
-104.017586019
-103.116167276
-103.170703307
-102.914758136
-103.56136798
-101.507881086
-102.004249318
-103.808362581
-101.678767597
-103.166419374
-102.760785146
-103.197604734
-103.070341618
-103.204249068
-103.839009516
-103.088377553
-103.14288835
-102.323226722
-102.363688556
-103.317791441
-102.996634761
-101.721575945
-102.783840505
-103.577875939
-102.943730553
-103.197286375
-102.765202941
-103.931527765
-103.011714356
-102.121730096
-103.49506967
-103.929230129
-102.299064528
-102.166716851
-104.281073279
-103.689683004
-101.652403756
-101.389780798
-102.841736826
-102.85570165
-101.604414618
-101.670515638
-102.378010851
-103.898797811
-103.433587863
-104.588442886
-102.84938301
-100.445868075
-101.788597974
-103.969940262
-102.545194018
-102.902513434
-103.729990743
-103.701669807
-103.253345437
-102.918588216
-103.183504553
-103.825678038
-103.125372614
-102.673542221
-103.525908073
-103.815265572
-103.528537697
-103.068735481
-103.426681944
-104.090865022
-101.811404808
-103.369011942
-103.080705126
-103.170839379
-103.540295427
-104.114798892
-104.82782643
-104.500314022
-103.886131475
-102.904280653
-102.681658158
-102.829335909
-104.352735911
-104.234566174
-103.701694632
-102.837991511
-104.427646896
-103.704140766
-105.821448926
-103.355178036
-103.966350441
-103.299402043
-101.797162198
-103.578699223
-104.400747912
-103.688085217
-104.301144334
-102.794437262
-102.527717203
-103.23879163
-102.138201616
-103.138682852
-103.588665546
-102.985250543
-102.266851286
-101.701537341
-103.525199685
-102.190540904
-102.228408665
-101.388216232
-102.527404483
-102.992811423
-103.059432922
-102.740509389
-102.303625411
-104.723793569
-102.862312293
-103.499013299
-103.764693843
-103.442930978
-103.515390562
-102.944845669
-103.157930202
-101.663006837
-101.939020444
-102.689044717
-101.440737712
-102.441882832
-103.390573987
-102.956259769
-103.109596432
-104.214138895
-103.47327844
-103.400593009
-102.048449188
-103.31346132
-103.586235591
-103.515584376
-103.31104236
-101.652134712
-101.132305298
-103.180814096
-104.13573062
-104.566903066
-103.464088069
-102.03476576
-101.523634438
-101.125811892
-103.203222897
-102.789008475
-103.126834621
-103.508718474
-103.403092473
-103.507008033
-102.822991019
-102.803808384
-103.590755535
-103.617030661
-104.32862185
-102.943493126
-102.535607117
-101.768960222
-101.324543949
-102.572283941
-102.337477418
-104.08131308
-104.457104389
-103.111818063
-102.714894328
-102.565420872
-104.132459811
-103.34035829
-102.427239836
-102.245836436
-102.483285766
-102.998996629
-103.466813899
-104.192523494
-102.996725482
-103.613079008
-102.29439588
-103.780842081
-103.964589316
-103.944115426
-102.069917567
-103.35013215
-103.266649069
-103.013178433
-103.156124034
-103.701018482
-104.099873099
-103.324994701
-103.292028986
-101.925009439
-103.32557773
-104.115395916
-103.921166199
-102.710552455
-104.73138461
-103.765944386
-103.851082972
-102.146958419
-103.132444143
-103.219245042
-104.632649507
-104.332934575
-103.332415136
-102.594681126
-103.387613971
-103.834563052
-104.363468975
-103.737355541
-102.67045367
-103.644764116
-103.829784921
-104.518319217
-104.180498976
-103.388106879
-101.840139051
-102.993044322
-101.553573945
-103.05299931
-103.496966986
-103.37436296
-103.320477179
-103.201411667
-103.089557472
-104.042400995
-102.349628009
-101.915667458
-102.878428741
-104.332647498
-101.799545956
-101.998756017
-102.495047995
-103.178219569
-103.339594648
-102.141879594
-103.612547189
-101.950447356
-102.538850954
-101.470389854
-103.65414265
-102.903719455
-100.690652213
-100.612048226
-102.276647382
-103.508975435
-102.597940956
-102.564997335
-102.402182116
-103.265936819
-103.279750152
-103.455572458
-102.3499252
-103.336281177
-102.879596203
-103.555301241
-102.830836182
-104.205685626
-102.912127436
-103.50318032
-103.949098749
-103.856626389
-103.225997309
