linux; GNU C++ version 5.3.1 20151219; Boost_105800; UHD_003.009.002-0-unknown

-- Detected Device: B210
-- Operating over USB 2.
-- Initialize CODEC control...
-- Initialize Radio control...
-- Performing register loopback test... pass
-- Performing register loopback test... pass
-- Performing CODEC loopback test... pass
-- Performing CODEC loopback test... pass
-- Asking for clock rate 16.000000 MHz... 
-- Actually got clock rate 16.000000 MHz.
-- Performing timer loopback test... pass
-- Performing timer loopback test... pass
-- Setting master clock rate selection to 'automatic'.
-- Asking for clock rate 32.000000 MHz... 
-- Actually got clock rate 32.000000 MHz.
-- Performing timer loopback test... pass
-- Performing timer loopback test... pass
64
Using Volk machine: generic_orc
gain = 38.0
-113.488379934
-113.929928215
-113.373555695
-113.484878855
-112.853632591
-113.792344552
-113.18286047
-113.537466728
-112.761868583
-112.173376445
-113.153481588
-112.85531386
-113.155314101
-111.282773774
-111.187169303
-113.225192253
-112.151728313
-111.527430739
-112.325489734
-111.584336195
-111.573048435
-111.71280588
-109.695201446
-106.431662636
-105.28516284
-107.332215831
-109.80696367
-111.361477118
-111.507968898
-112.273400051
-112.540755467
-111.771105482
-112.147242643
-112.504972155
-112.864455236
-111.889618121
-112.295362618
-112.83898905
-112.202577417
-112.796212923
-112.67757261
-113.707797339
-112.086169304
-113.479151336
-113.246638385
-113.210141354
-112.889434668
-113.353748862
-112.7984386
-114.06047758
-113.906532644
-113.767404905
-113.764046529
-113.721082889
-113.611132198
-112.979998619
-112.1898178
-113.123878418
-112.310660108
-112.640533197
-112.659326541
-112.004544657
-113.038569169
-113.650196278
-112.785657822
-113.359904852
-112.313196939
-112.029717487
-112.61460049
-111.471020462
-109.214623883
-107.138045969
-105.567893345
-107.78111006
-109.202162725
-111.190256808
-111.98990403
-112.056854178
-112.142613779
-111.760575492
-111.990116698
-112.237607314
-113.38591731
-113.722460638
-112.917873047
-113.432622807
-112.684766564
-112.978104502
-113.405114225
-111.602765316
-112.452322643
-111.434592838
-113.335709395
-113.513378829
-114.558598703
-113.073094879
-112.877479567
-112.954531406
-112.449456086
-113.58099631
-112.900267295
-113.598601603
-113.842330897
-114.34025121
-113.040036045
-113.347193926
-113.582071686
-113.516879445
-112.855182749
-112.561366661
-113.358554408
-112.623745678
-111.883155234
-112.589177318
-112.140430349
-112.063418693
-110.641581415
-111.065510647
-109.674348241
-106.649503926
-105.193605835
-107.552954007
-110.078966045
-111.244881415
-111.841232472
-111.338508195
-111.815485479
-112.350362746
-112.87954837
-112.203923219
-113.191927931
-113.614453779
-112.883714256
-113.604260692
-113.362987836
-113.273938415
-112.776212039
-112.271482738
-112.080119975
-112.519628436
-113.445066189
-113.135863151
-112.974314044
-114.135109812
-113.984783671
-114.076687058
-112.332231522
-112.390017347
-113.031812988
-113.521992127
-113.835512412
-113.173990317
-113.60672595
-113.504908729
-113.73857049
-112.638103812
-113.028874171
-113.695355554
-113.650108859
-112.393742394
-112.618340704
-112.591509178
-111.445820201
-111.037299804
-110.193831978
-111.671272734
-109.445187992
-107.189167986
-105.479718522
-107.873183239
-110.032714309
-110.831284229
-110.962656736
-112.689545316
-111.614920632
-112.054665568
-112.405833967
-113.295482968
-112.762565828
-112.406290381
-113.463850324
-113.607137415
-112.704156511
-113.003347516
-113.538264634
-113.617712031
-113.242241262
-113.314098295
-113.531818683
-113.372553481
-113.606803889
-113.964332766
-114.016312674
-113.057522378
-113.657414139
-111.645992017
-111.509091436
-113.326976844
-113.185527849
-113.741813387
-112.890248368
-113.13087084
-110.577744527
-111.89526894
-113.130438356
-112.492331129
-113.247128898
-112.017959487
-112.979712292
-112.81738113
-111.391986767
-111.688169345
-112.29348649
-110.656171671
-110.04268986
-106.898320752
-105.434971588
-107.662403816
-109.17582768
-111.672423198
-111.60039737
-112.190263185
-112.440846965
-112.045599809
-112.463194191
-113.237881054
-111.932829528
-112.306451695
-113.072440518
-112.909914917
-113.240069773
-114.282694996
-113.545933602
-113.499150331
-113.765306849
-113.446241177
-113.844361206
-114.494892695
-113.480950499
-113.440068946
-113.780762558
-113.923805847
-113.574346341
-113.580740458
-114.096939619
-112.907166956
-114.161774824
-112.72488301
-112.296237148
-113.287273718
-112.256218458
-112.699003174
-112.978701668
-113.747328131
-112.73417729
-111.520196875
-110.564662161
-111.691860491
-112.053468213
-111.959552059
-111.918608292
-111.298471755
-110.732037007
-105.718568586
-102.9885764
-106.346933351
-108.873684746
-111.114087933
-111.794990775
-112.48258682
-112.374520494
-112.929699232
-112.687204233
-112.562653795
-112.755946328
-112.902270313
-113.630529418
-113.478900094
-112.665855022
-113.861743999
-112.915887944
-113.497454524
-112.742034909
-112.380815039
-113.854068884
-113.224819992
-113.274913089
-114.162724423
-113.304504432
-113.021898579
-113.035662727
-112.940083294
-112.807336143
-111.863973936
-112.363659422
-112.354575229
-112.939390769
-111.405648017
-112.829672584
-112.81445396
-113.585789122
-113.47027822
-113.014663721
-112.925161725
-112.911306537
-111.777729564
-111.099510676
-111.602366856
-111.296886116
-111.597038996
-109.943883239
-106.692412256
-106.395160527
-107.52876093
-109.945858621
-111.0563931
-110.466241542
-110.944426308
-111.636710919
-112.769947297
-113.377705711
-112.806353912
-111.969676396
-112.544130662
-112.836216145
-112.895655395
-113.582305538
-113.430190875
-113.114974846
-112.25865823
-113.118288365
-113.438110537
-113.761617145
-113.726019402
-113.138047415
-113.680901794
-112.776835604
-113.152510114
-113.563576504
-113.863828598
-113.458531876
-113.613752496
-113.040290582
-114.205690411
-112.977326702
-113.229906168
-113.376504853
-113.42107325
-112.923510503
-112.036129664
-111.259741926
-112.499622307
-112.860142935
-112.390232391
-112.06266189
-111.480233419
-111.430603777
-111.454764728
-109.84375632
-106.977935569
-105.942587485
-107.998938683
-109.606361798
-110.82255708
-111.547258531
-111.521622274
-111.259019807
-112.30810527
-112.935355176
-112.379947909
-111.621920484
-113.332606995
-112.908864066
-112.873694741
-111.794349185
-113.630960916
-113.450748465
-113.726313302
-113.906345237
-114.360481037
-113.921753169
-113.671122441
-112.885384186
-112.513432558
-113.918384338
-113.917634171
-113.412676671
-113.04874411
-113.039827257
-112.90118125
-113.827593585
-112.481450136
-112.66677715
-111.308984616
-112.630600851
-113.505659945
-112.276980656
-111.998075349
-112.27263809
-112.724952175
-112.37039839
-112.494449151
-113.070743966
-112.303433075
-111.337919326
-111.223094109
-109.318159966
-107.680558977
-106.146377216
-107.977216016
-110.207163536
-111.152776242
-112.067862128
-112.767888948
-112.774017173
-112.001598741
-112.792927266
-112.800756877
-113.097798164
-112.918317355
-112.779471961
-113.208194202
-114.257971151
-112.842109498
-112.400140388
-112.927011187
-113.563690015
-113.019526127
-113.491366214
-113.120542808
-112.815266571
-112.294721742
-113.312067569
-113.32675422
-114.140104379
-113.803817158
-113.698604745
-111.918283905
-112.807691625
-112.337142513
-113.06562988
-113.298789
-112.851309532
-112.724508353
-113.272128587
-113.243293865
-112.591320876
-112.406943122
-113.651451453
-112.782581031
-112.771153467
-112.200932386
-112.343946812
-111.685586681
-109.05197358
-106.534071476
-105.898377644
-107.8324579
-110.127454587
-111.052587349
-111.742596164
-112.406574289
-113.165566828
-111.991591609
-112.603458838
-112.570704086
-112.972133835
-112.342633466
-112.918511875
-113.022083536
-113.750084384
-113.141766974
-113.769977734
-113.421230858
-113.924873018
-112.783882946
-111.591084045
-112.659596878
-113.202173438
-112.676207445
-113.447596454
-113.435066992
-113.938092759
-112.713433791
-112.819822954
-112.991682744
-114.360629539
-113.117762388
-112.811025448
-113.645891065
-112.337457796
-113.670531045
-112.852939999
-113.044862855
-114.043103183
-112.714818459
-112.229883217
-112.780815654
-111.921787089
-112.042512761
-111.382116936
-110.207294867
-110.285582049
-107.404483464
-106.138426617
-107.734563797
-109.598844978
-110.875682682
-112.154781775
-112.184343819
-111.041270386
-111.659422196
-111.179532167
-111.493130947
-112.026974916
-111.353889754
-111.792381416
-112.048067104
-111.624193123
-113.154403464
-113.167318037
-113.491258107
-113.018707235
-113.347827842
-112.902299595
-113.558884765
-113.029272855
-113.517338417
-113.825310431
-114.102889532
-114.369038004
-113.892704717
-113.427539844
-113.31769749
-112.918644138
-113.517231437
-113.322567273
-113.504964502
-112.071097067
-112.237671784
-113.358877106
-112.00414204
-113.467514845
-113.400279813
-112.890153083
-112.285734663
-112.750767297
-112.018938341
-111.374015945
-110.481989464
-110.435432063
-106.61989592
-104.576944106
-106.85976529
-110.449782041
-111.207848327
-111.868159528
-112.555411914
-112.821460928
-113.457669672
-112.660861708
-112.289783173
-111.901931051
-112.887333506
-113.19920785
-113.892563398
-114.326037874
-113.696251465
-112.670448994
-113.297654075
-113.388984775
-113.920602982
-112.595035702
-112.867968634
-113.242807536
-113.699971213
-113.602100099
-113.261051919
-112.780458244
-111.924054601
-113.66342129
-113.347400952
-113.516342412
-113.52171751
-112.437349586
-112.835093821
-112.236051745
-112.616721281
-113.041366563
-112.703156489
-112.53753876
-112.357399531
-111.950846201
-110.829754851
-112.302476889
-111.391066843
-111.016703407
-111.061983397
-110.352320753
-107.734627566
-106.64040284
-108.052026956
-109.695549425
-111.240841754
-111.045726998
-112.144125877
-112.697130681
-112.628508724
-113.1500318
-112.747795801
-113.173257422
-112.115133677
-112.294700973
-113.079331281
-113.354719808
-113.570868324
-114.167943199
-113.001689563
-112.66098125
-113.086063372
-112.83138895
-112.289702534
-113.817340723
-114.261247654
-113.5881451
-113.375214538
-113.572009522
-113.60555249
-113.971803217
-112.265690618
-113.110855297
-113.011345727
-113.461059047
-112.920242828
-113.828920654
-113.140680485
-112.856378137
-112.81065234
-112.862662759
-112.836704929
-112.886632448
-112.215556858
-113.039102738
-112.170495439
-111.248427496
-111.710603829
-110.059743949
-107.593616915
-105.502480479
-107.308606351
-110.603831082
-110.216631182
-111.480109288
-111.324943654
-111.934798469
-112.479399262
-112.527697905
-112.699720919
-112.410789379
-112.630234602
-113.854415234
-113.490278653
-111.973987875
-112.97507955
-112.52111888
-112.187732423
-113.588051252
-112.651003901
-113.47859651
-114.047092723
-113.988165834
-113.453419828
-113.784313265
-113.49080056
-114.329192762
-112.888215939
-113.387907469
-113.30495418
-112.642048669
-113.918721737
-113.480242276
-112.509377504
-113.522535193
-112.123671809
-112.532077907
-112.59264275
-113.230222772
-112.200905504
-111.842219376
-112.739399279
-111.943522236
-111.117968934
-111.866969391
-111.355363048
-110.207888598
-105.812142082
-105.518594688
-107.363620452
-109.945715458
-110.729712249
-111.383570778
-111.837550614
-112.538505613
-112.284538057
-112.808270335
-112.541465611
-113.262561587
-112.583291383
-112.614860483
-112.673805183
-112.941132786
-111.794309779
-112.175516862
-112.320256941
-112.652044359
-113.283256292
-113.216037338
-113.445432492
-113.610981154
-114.058971741
-113.538601413
-112.147260776
-111.832897709
-113.403405872
-113.564068257
-113.240197624
-112.786861985
-113.614596773
-113.330074798
-113.838501591
-113.142009629
-113.25920897
-112.90479119
-113.950144298
-113.202099129
-112.595803607
-111.868963966
-111.662972254
-111.40969126
-111.329400022
-110.82144642
-111.771667918
-109.933750583
-107.030564566
-104.495859062
-107.081859745
-110.023381877
-111.585542096
-111.504842637
-111.522893333
-111.144097831
-111.148625256
-112.015055343
-112.719710945
-112.212447562
-111.6278228
-112.783364457
-113.459093343
-113.248474338
-111.894711042
-111.817272872
-112.255627154
-113.327698327
-113.578585229
-113.286030683
-113.890004964
-112.239375774
-112.78341769
-113.465362869
-113.487533387
-113.837908943
-112.773367083
-113.644594985
-113.305599717
-112.923575936
-112.290732217
-112.493041463
-112.742242115
-112.057583325
-112.378288614
-113.010105341
-112.349088163
-113.206502885
-113.601388588
-111.508357393
-111.939189336
-112.83414967
-112.870202715
-112.407722828
-111.572506602
-110.073249609
-107.398997403
-105.908214964
-106.546559892
-110.410406434
-111.107287313
-111.159227586
-111.849096804
-113.597595831
-112.851767646
-112.881613558
-113.271831148
-112.237481023
-112.503810968
-112.542696141
-112.192562452
-111.817097311
-112.198376726
-113.436564315
-112.783870573
-113.701423789
-113.978319445
-113.772133593
-113.567674653
-113.847369416
-112.492450328
-114.236702363
-114.691801139
-114.089748783
-113.569796617
-113.323333021
-114.218293563
-113.608814495
-113.529085765
-112.873887272
-113.330875466
-112.51678975
-112.308901038
-113.408382727
-112.889227617
-112.577973678
-111.41067089
-113.219301242
-113.152581947
-112.481884489
-112.525352004
-112.295961703
-111.834497939
-110.666291419
-107.904098069
-106.563950024
-107.294403303
-110.249840222
-111.523432938
-112.178706799
-112.340493396
-112.737330872
-112.48079659
-113.445169222
-112.420945147
-112.002052792
-113.064953443
-113.326330246
-111.758529105
-113.259259583
-111.939636292
-111.586680599
-112.950770808
-113.334748223
-112.68805829
-113.010892195
-112.696784134
-113.868796831
-113.703581554
-113.946796995
-112.586091133
-112.956365332
-112.576627307
-113.126275723
-113.235273684
-113.053247906
-114.079541303
-113.769430116
-113.118417135
-113.297325765
-113.124043442
-113.28495
-113.102579084
-112.350647772
-112.518233725
-113.342168984
-113.12148811
-112.935327612
-112.160661608
-110.889321946
-110.6894495
-109.57732396
-108.069534795
-105.127729988
-106.379889197
-110.015091162
-111.693563001
-113.029212554
-112.314373875
-112.16023029
-112.166942975
-111.350592101
-111.734203716
-112.390857036
-113.163178837
-113.766893343
-113.56722919
-112.52560247
-112.940786815
-113.650636143
-113.225311367
-113.127387018
-113.29492792
-114.505629596
-113.640809081
-112.719692474
-112.234339478
-113.678754343
-113.592098056
-113.306895731
-113.295389752
-113.705397354
-112.594015271
-112.857023615
-113.499859434
-113.746098284
-113.770263332
-113.212884727
-112.977780663
-113.027877425
-112.734598376
-113.564020694
-112.903762776
-112.848327448
-112.281727331
-112.534515945
-112.177390633
-111.303657145
-111.524552468
-110.174069552
-107.46359739
-105.825846068
-107.863711076
-110.440483043
-111.970216962
-112.464120947
-112.986786966
-111.918675568
-111.760031077
-113.255584762
-113.256837088
-112.841079483
-112.9620284
-111.980369026
-111.622521603
-112.931374529
-112.588533524
-113.712727587
-113.585864433
-113.260455228
-114.313517973
-113.036143489
-113.051588741
-113.92448395
-113.361122967
-112.944711127
-112.36077969
-112.896290578
-113.392461987
-113.779345917
-113.610374308
-113.452523215
-113.452153688
-112.652854424
-113.518364398
-112.552075927
-113.438586979
-112.117133025
-112.66321379
-113.518518472
-112.329206754
-110.842563152
-110.138757063
-111.626191812
-112.576530081
-111.872872576
-111.687969795
-109.382145125
-106.837827461
-105.064552657
-107.067574557
-110.190772189
-109.645256381
-111.713045836
-112.585736498
-112.592584988
-113.271271983
-111.768870711
-111.942211812
-112.781432387
-113.439365177
-112.996610428
-113.669140249
-114.026726828
-113.762543739
-114.12588901
-114.23946116
-112.692113045
-114.074509376
-113.28672982
-113.376916993
-112.424459017
-113.565969838
-113.971015677
-113.638077933
-113.387819572
-113.403296041
-113.600094408
-114.23132998
-113.718080436
-114.189071402
-111.935502474
-111.430479135
-112.357846124
-111.993509868
-112.929143657
-113.510068486
-112.71919452
-112.699541104
-111.367400928
-111.777343271
-111.765255301
-112.614016012
-111.249873866
-111.275690785
-110.603379467
-107.985273346
-106.183947311
-108.006725931
-110.473478865
-111.34302748
-110.440528944
-111.625010749
-112.540058554
-113.192541231
-113.549425686
-113.162871584
-112.001970433
-112.741378079
-112.971089743
-113.298370702
-112.270059548
-113.179166751
-113.090548922
-113.192895905
-113.663454803
-113.209010336
-113.119950528
-114.179513634
-114.774764167
-112.554488234
-114.41094481
-113.903508417
-113.573682983
-113.364956369
-112.638617572
-113.411885043
-112.985209151
-113.143682527
-113.590401235
-113.509172951
-113.34369475
-113.580126564
-112.709681579
-113.62598193
-113.021027764
-112.44901594
-112.287293085
-112.550328952
-112.830040509
-111.347926688
-109.800636079
-110.764948132
-109.795050471
-106.931157893
-105.584125676
-107.570984692
-110.048098189
-111.734985485
-112.039512873
-113.176165531
-111.657478161
-112.2209228
-111.620222592
-112.236215672
-112.116193194
-112.818186731
-113.42604302
-113.571153258
-114.157660577
-112.803643943
-112.799747911
-113.947427726
-113.208796985
-112.850055771
-111.819321612
-111.986347986
-113.420433328
-113.138017314
-113.626641034
-114.053642126
-114.607779149
-113.750875954
-113.780310258
-114.006991598
-113.559905817
-113.919375673
-113.095126915
-113.106020038
-112.104103832
-113.317121368
-113.535231233
-113.425787877
-113.04238551
-112.947347864
-113.274642744
-112.507202941
-112.924842584
-111.887690903
-112.209381548
-111.44515407
-109.50826953
-106.281132041
-104.759805373
-107.466802097
-110.203393094
-111.268808711
-111.371509182
-111.24220936
-111.568330231
-112.466875214
-113.156727804
-113.474757788
-112.873484994
-111.963948481
-110.217699599
-111.248234789
-113.134111572
-112.440452378
-111.766956278
-112.882001249
-112.087140662
-113.341040995
-113.795983314
-112.946995947
-112.472845827
-112.840214551
-113.401281964
-114.210817374
-112.447675295
-111.254858352
-112.903266002
-113.984310111
-112.913106461
-112.34671132
-112.933433082
-113.432134832
-113.361678832
-112.437704079
-111.921820905
-112.086923509
-112.486758375
-113.482993946
-112.587833203
-112.24250574
-112.755565629
-112.226127212
-112.129129778
-111.405364681
-110.353492068
-106.404457625
-104.809748834
-107.322189888
-110.491487108
-111.058761923
-111.345368169
-112.037697642
-111.825703061
-112.924169522
-112.64333054
-111.866309491
-112.522671971
-112.370618941
-113.127631306
-113.0947161
-113.339415603
-112.221392796
-112.751530863
-113.130679973
-113.127895088
-112.882734545
-113.92876171
-113.867511415
-113.652620438
-113.932729108
-113.436352123
-113.782227315
-112.834711433
-113.049738881
-113.919216441
-113.157138808
-113.558649931
-113.087614332
-112.413005342
-112.647632942
-112.390428953
-113.712362174
-112.914577153
-112.875934068
-112.540630681
-113.112402602
-111.894107396
-111.519596021
-112.669367966
-112.929283222
-111.988150304
-110.960195373
-109.937067761
-106.349918125
-105.312118478
-106.254252766
-109.62306903
-110.312326738
-111.319714335
-111.464564379
-112.274188817
-112.587751494
-112.728289689
-113.052657952
-113.499435462
-112.41762709
-112.345555754
-112.944478471
-112.144968857
-112.610283841
-112.601404548
-112.495281213
-113.226764235
-113.454946247
-112.949072435
-113.627998248
-113.965735758
-113.314460919
-114.168708996
-113.305029847
-114.270855466
-113.852750894
-112.373105435
-112.700056668
-113.351586711
-113.865410138
-113.096947859
-113.08100911
-113.043385194
-113.66054651
-113.245299351
-112.405513337
-113.290254998
-112.904176348
-113.260151475
-113.284453093
-112.666630808
-112.350706476
-110.824663197
-110.649775865
-109.341625912
-106.490512744
-105.57709811
-107.417552905
-110.256546134
-110.286870103
-112.281178628
-111.290940404
-111.943082913
-112.665428873
-112.497419277
-112.415017862
-112.623828428
-113.409789464
-112.132012826
-112.208304964
-113.298205251
-113.689738706
-112.867751137
-113.455089336
-113.322643672
-113.340184328
-112.851629407
-113.106081414
-113.031100522
-113.511095855
-112.967757532
-113.233528961
-113.285430972
-112.405605434
-113.28541498
-113.884862659
-113.608555639
-113.660274918
-113.277548154
-113.1389233
-111.617884954
-112.796212171
-112.746535511
-111.993804603
-111.75370215
-112.453199134
-112.057157684
-112.637672765
-111.900264182
-112.38909326
-112.463914752
-111.501050842
-110.441724296
-107.320527184
-105.47093286
-107.198646621
-109.961831921
-111.428239757
-112.247727148
-111.804515606
-112.419228404
-112.214933571
-112.519715223
-113.214744553
-112.798391201
-113.332350476
-112.762682233
-113.372264968
-113.548428555
-112.643942211
-112.969498055
-113.570305701
-112.932465371
-113.45766179
-113.463819631
-113.502947416
-114.170523726
-113.451041364
-114.00651412
-114.088739055
-113.786243896
-112.971564976
-113.602329147
-113.70215188
-113.420909571
-112.842634288
-113.387944954
-113.321507164
-112.411252163
-112.681571076
-111.85299271
-112.918616293
-113.022248301
-112.467533292
-112.303036009
-112.078144282
-111.878707394
-112.926624881
-111.689555088
-110.967418309
-109.343800829
-107.501533529
-106.641456998
-107.104985399
-109.766360845
-110.682541839
-111.49969522
-111.674095164
-109.59474854
-110.887405188
-111.214651641
-111.55374109
-112.22046932
-111.503181802
-111.893648608
-113.805814831
-113.496040753
-113.175649732
-112.886540313
-113.737560266
-113.38466682
-113.045341053
-113.914780728
-112.402911375
-112.540392463
-112.832238857
-113.263570557
-113.948888512
-113.914932988
-113.043532858
-113.205803322
-113.536289985
-113.286772336
-113.556673161
-113.439286261
-112.622243441
-113.34785303
-113.271089525
-113.736763182
-112.559410508
-110.884975925
-112.205803053
-112.751078363
-112.854713985
-112.258930656
-112.015885573
-111.972974305
-111.363183022
-108.076054624
-106.913326032
-105.779522816
-106.706198678
-108.456923503
-111.264993567
-111.877350956
-111.440223528
-112.300022445
-112.363536219
-112.212220765
-113.225512249
-112.912590852
-112.424617096
-113.824256963
-113.763750534
-112.453910046
-113.232265462
-111.722107633
-113.525770104
-113.416807869
-113.865525567
-113.766010006
-113.811840448
-113.923293561
-114.121437198
-113.505124741
-112.873626993
-113.679386486
-113.214229534
-113.362621995
-114.164998331
-112.733203312
-113.574862256
-113.49711341
-112.773520058
-113.022610726
-112.502416056
-112.426447848
-112.685777389
-113.359199401
-113.237331237
-112.96578938
-113.05239551
-112.420949285
-112.264358141
-111.914062637
-111.184881448
-109.666979612
-105.988253671
-104.756749692
-107.952086621
-109.691275443
-112.091264166
-112.385594878
-112.202826669
-112.952510381
-112.738914645
-112.90866882
-112.985634088
-113.457389897
-112.719809952
-112.442793058
-113.592250252
-113.194926879
-113.077116174
-112.848741482
-112.591699999
-113.32743105
-112.80868811
-112.589341507
-114.071509659
-113.864817654
-113.533573858
-114.085832211
-113.381932412
-113.54486803
-114.05323231
-113.048936988
-113.037659231
-112.780678906
-113.989199454
-112.545349171
-112.956686018
-112.654520132
-112.606536159
-113.053959627
-113.068272233
-111.823533795
-112.729930525
-112.313689141
-111.805883305
-112.363457261
-112.667744373
-110.415377957
-111.227788267
-109.930780349
-106.628312188
-104.200598691
-106.155006251
-110.781427476
-111.635693925
-112.051179007
-112.891069907
-112.807268292
-112.256272911
-112.614305176
-112.843506925
-112.416394625
-112.801995731
-113.331336034
-113.387862228
-113.382149707
-113.354319176
-113.472537197
-113.371039862
-112.806365972
-112.99698017
-113.630095229
-114.294651039
-113.853976784
-112.088787868
-112.99704672
-113.864585877
-113.689154469
-113.926093103
-113.621947551
-112.826765897
-113.968545564
-112.921504634
-112.67514546
-114.289086173
-113.763830404
-113.305529536
-113.860698471
-112.887363455
-111.557566751
-112.434307817
-112.527674224
-111.594277591
-112.480641698
-112.363968467
-111.802421198
-111.376646988
-110.19138224
-106.669005202
-105.692069734
-108.221488829
-108.682329177
-110.030450421
-112.268567898
-112.170439447
-112.914358855
-112.736097718
-112.496572418
-112.610566993
-113.199268908
-112.324464595
-110.846956203
-113.376987477
-113.381725023
-112.208020591
-111.969912011
-113.937623285
-113.824864904
-113.393795405
-114.079173494
-113.651924412
-113.670056055
-114.254357569
-114.186861246
-114.02793343
-113.789293389
-114.158840309
-113.417099356
-113.231134487
-113.553761618
-113.089006567
-113.230366539
-113.063477728
-112.802732962
-112.196964842
-111.930820814
-112.248591143
-112.943589589
-112.664987444
-112.145380212
-112.734678447
-112.795644464
-111.776455135
-112.076497284
-111.439279575
-108.617515373
-107.280567104
-106.245745281
-106.81765218
-109.933083095
-110.244186601
-111.478505628
-112.755695257
-112.54868461
-112.721764691
-112.086469757
-112.418152295
-112.297193973
-113.047828452
-111.76202276
-113.221041088
-112.82835763
-113.467860665
-111.959652224
-112.036425728
-112.979579332
-112.726520339
-111.855154947
-113.432933208
-112.716742895
-113.211202338
-113.241686727
-112.88951073
-114.014543818
-114.119297644
-113.325783134
-112.49228275
-113.766851969
-114.136305957
-112.834296078
-114.199810525
-113.513696386
-113.092727416
-112.758182766
-113.623296476
-112.78582811
-112.178764529
-111.68210537
-112.107735194
-112.03824169
-111.99788075
-111.27114572
-111.117305767
-109.794811975
-107.078353077
-105.541628077
-106.883557162
-110.035682227
-110.867125405
-111.628599156
-112.023550158
-111.934430323
-110.61679905
-111.468244956
-111.906108988
-113.110685115
-112.22820241
-113.423374103
-113.302732101
-113.093998474
-113.567925246
-112.394378171
-111.609726418
-113.718096243
-113.693237464
-113.853598812
-113.769880814
-113.777574351
-113.220574656
-113.623722252
-114.168623385
-113.255391261
-113.662339811
-113.325898243
-113.348154441
-112.977424312
-113.070118793
-113.798836464
-113.518531348
-113.356196524
-112.367266203
-112.616637223
-113.448491615
-111.715675083
-113.143796982
-111.422830109
-112.998561087
-112.65392771
-111.43334873
-111.537756671
-111.378103882
-110.636166354
-107.427321993
-105.340028827
-107.293091737
-108.783139998
-111.011148123
-112.42450078
-112.366308801
-112.124002566
-112.480913375
-112.653352469
-112.956420339
-112.034282721
-111.360652514
-112.044041623
-112.769918147
-113.651588345
-113.250376187
-113.321931516
-113.486530089
-113.696924559
-113.196010124
-113.331545283
-113.991349619
-114.118507373
-114.426367276
-113.524387992
-113.206142966
-112.950235515
-112.84292236
-113.021843529
-113.190969644
-113.523935832
-113.775778067
-113.282675467
-113.832977331
-112.784995487
-113.478963893
-113.271113433
-112.366276789
-112.552312299
-113.353683883
-112.683122918
-113.351146207
-112.250602827
-112.500091846
-111.887327949
-111.447384274
-110.274819618
-107.926835165
-105.850029583
-107.145536789
-110.583457183
-112.048509897
-112.726195118
-112.500591642
-113.207326141
-112.947960672
-113.137012285
-112.041800992
-112.013852842
-113.727359582
-112.612717893
-112.376190297
-112.860286406
-113.768403753
-113.898362708
-113.174581808
-112.956615402
-112.952070746
-113.408953766
-112.774914292
-113.478131496
-112.834105294
-113.128116676
-113.895344163
-112.511771486
-113.245986956
-112.772711855
-112.843470815
-112.45559154
-112.804142257
-113.336737634
-113.307495876
-113.449952053
-113.089984455
-112.132057677
-112.048793827
-113.185451357
-113.442996433
-112.499124728
-113.241641318
-112.211351815
-111.76737102
-110.975659433
-111.026712955
-110.00094305
-107.760573482
-105.909943655
-107.294014791
-110.46589679
-111.629150907
-111.570830184
-112.538938623
-111.604663576
-112.820066796
-112.307150742
-111.650709042
-112.997030574
-112.696191431
-113.065838312
-113.196309425
-113.71414031
-113.611684257
-113.474802625
-114.063235616
-112.039264924
-112.846039932
-112.944883877
-112.199668133
-112.819156144
-113.277078134
-113.168479621
-114.449530015
-113.591628858
-113.106814367
-112.867487786
-113.469418949
-113.85281803
-113.545099887
-112.833709339
-112.387068762
-112.672874983
-112.146962563
-111.822133486
-112.062130334
-112.208594282
-113.348770137
-112.201993371
-112.442181691
-112.486042416
-112.404486314
-112.119549609
-111.355618585
-109.849869306
-106.806777916
-105.834725177
-106.489065855
-110.086550793
-111.608402521
-111.984925698
-111.65274598
-112.056460318
-111.894019728
-112.285819575
-111.826364338
-113.102393491
-113.021883926
-113.010183546
-112.853834903
-113.254515806
-113.105527037
-112.69341639
-114.085012592
-113.374197337
-112.128258595
-112.405942223
-113.885312935
-113.025266662
-113.242005858
-113.318272841
-113.667923151
-113.033827977
-112.420584778
-113.351866162
-112.514916648
-112.583102363
-111.91036392
-112.198897699
-113.086084675
-112.915416447
-112.278623713
-113.672737462
-113.211695071
-110.712856469
-111.650748899
-112.343527392
-112.675976302
-111.837905211
-111.822820663
-110.894496327
-111.10750496
-109.100955957
-106.084723335
-105.657720857
-106.997983057
-110.520812847
-111.610525872
-111.763064736
-111.26649305
-112.785564429
-112.188852629
-112.043066579
-112.429507266
-113.008327547
-112.778645049
-113.670558176
-113.021925907
-111.766857197
-113.036608409
-113.010298881
-114.67921206
-113.737914262
-113.42334022
-113.122892059
-114.12937269
-113.040333139
-113.840368482
-113.137073694
-113.952459702
-112.988910478
-113.360377928
-113.034014634
-112.0532483
-113.282288575
-113.310768741
-112.380357878
-113.130436326
-113.112031797
-112.102595346
-113.43683883
-111.950406446
-111.873558404
-112.370843936
-111.622627776
-111.355412157
-111.644911699
-111.951848428
-111.989832518
-110.288888385
-110.347602707
-106.940352455
-105.633630968
-107.19769306
-109.728031419
-109.346833475
-110.385386921
-111.481301589
-112.579539726
-112.97007995
-112.197615693
-112.829042902
-112.936475366
-111.897473732
-112.432075428
-112.567173716
-113.313764928
-113.517898659
-113.601068175
-112.935590839
-113.543368183
-112.915204289
-113.259322327
-113.280653913
-113.205314562
-112.75094292
-113.567008721
-112.203412795
-112.536585935
-113.740403317
-112.745100934
-113.149376348
-112.647412398
-113.631049317
-112.788940234
-113.056255961
-113.301435639
-112.398383131
-112.844197633
-113.338266179
-113.052658351
-113.131362664
-112.880306169
-111.442173987
-111.736929476
-111.639753535
-110.139382284
-110.818063689
-109.628355688
-107.069524948
-104.995988185
-107.507369226
-110.662385977
-110.949463803
-111.658770808
-111.954216868
-111.271334947
-112.869286461
-112.886335704
-113.500051761
-112.4921604
-112.852938857
-112.77328106
-112.68617328
-111.808809294
-113.290738665
-112.684890797
-112.381983787
-113.363537513
-113.201892309
-113.637340425
-112.479503775
-113.805919198
-113.067344045
-113.460572247
-113.601594516
-113.410592837
-114.237104715
-111.567978839
-111.910559237
-112.928855235
-112.623779283
-113.84866134
-113.08042019
-113.54373394
-113.513489706
-112.81147971
-112.271202527
-112.239794516
-111.814212519
-110.655440809
-113.550710668
-112.051614199
-111.760011232
-110.980225406
-111.150871949
-109.656396541
-107.712120332
-106.031398837
-106.725841183
-108.603730199
-109.168090156
-110.7141953
-111.611946311
-112.931925347
-111.867191302
-112.011343393
-112.892170275
-112.422958245
-113.317464743
-113.376025721
-112.994161628
-113.35500844
-113.618632959
-113.850148702
-112.809023716
-113.221174185
-113.298483398
-112.778127185
-113.307395635
-114.317652127
-113.711337604
-114.458531534
-114.667431876
-112.667020578
-113.454244002
-113.7600875
-113.613157062
-113.247802191
-113.741086562
-113.339383221
-111.809588732
-112.806556296
-112.604949553
-112.398288785
-111.301023571
-110.9869225
-113.250399563
-112.111445706
-111.480355331
-111.235277731
-111.023112578
-112.175195194
-110.618153675
-109.802856859
-107.196624957
-105.072501224
-107.001414709
-110.228039816
-112.058124794
-111.67971384
-111.644659904
-112.70382155
-112.515972945
-112.151171807
-110.998336634
-113.067919986
-111.968602924
-112.680352552
-112.051367142
-112.999614169
-113.586608134
-112.834728123
-113.32096575
-113.573325936
-113.532131801
-113.651324179
-112.700337275
-113.400810029
-113.194206102
-113.655614162
-113.407404039
-113.595271781
-113.145786374
-111.580906086
-112.178164762
-113.534568029
-113.134078653
-113.864097837
-113.383465758
-113.700198537
-112.46048367
-111.497427403
-112.995900956
-111.518056152
-112.419022261
-111.274735569
-112.060812519
-113.223559024
-113.117659954
-112.127018541
-110.522555709
-108.721831795
-106.455410851
-105.586146016
-107.132965362
-110.652867464
-111.963357171
-112.843439646
-111.672239463
-112.883404668
-112.805226845
-112.125052652
-111.126315199
-111.503567914
-112.324302025
-113.043619628
-113.460110035
-112.660484516
-112.940557866
-113.914810888
-112.854075709
-113.784680061
-113.490783794
-113.978767668
-114.093469683
-113.347663484
-113.833866279
-113.982693576
-113.568916981
-113.662079122
-114.034495985
-113.901624376
-113.232269619
-113.051640979
-113.288787054
-113.115247572
-112.245028228
-112.807479011
-113.756259644
-113.053713464
-113.571984349
-112.659113053
-112.974544779
-111.919451934
-111.930899986
-112.075755718
-112.333094921
-110.858976777
-111.555920391
-110.612010935
-107.309197684
-105.192968812
-107.404911974
-110.147481991
-111.6731077
-110.700088499
-111.174146246
-112.220635295
-113.058992874
-112.180525172
-112.666138536
-111.938392771
-111.68333291
-112.553903611
-113.0961368
-113.477502025
-113.395319566
-113.518777345
-114.161057098
-114.448137174
-112.836141391
-113.999007581
-113.693678012
-114.003865842
-112.937320845
-112.326909609
-112.61277304
-113.7023997
-113.510592334
-113.397677633
-113.565362516
-112.174780353
-112.780833638
-112.832323402
-112.382928925
-113.068872719
-113.832110043
-112.491611097
-112.795471911
-111.961772363
-112.429702158
-111.864846171
-113.021229315
-112.342916968
-112.649116729
-111.57629177
-111.614278176
-110.477901836
-106.248255018
-105.238096616
-107.163058379
-111.133223641
-112.123234489
-111.969683545
-111.893008463
-110.473169654
-112.000196178
-113.351217984
-112.874026604
-112.48648038
-113.184223145
-113.259885394
-114.021210781
-113.422074132
-113.080901517
-112.439744704
-112.996958906
-112.860296327
-113.232556046
-112.572930687
-113.100778766
-113.188410443
-113.206471892
-112.993125211
-112.76569567
-113.815819381
-111.256279962
-110.997369442
-112.607896516
-113.707102152
-113.807222101
-113.374548691
-111.907968092
-110.74837669
-112.67865239
-112.538032965
-112.505254149
-113.353319252
-112.614521882
-112.083315562
-112.499079784
-112.019074782
-112.129769896
-112.00705018
-111.808305819
-109.885936756
-107.256931858
-105.763575916
-107.679278244
-110.464433655
-110.63719723
-111.56671888
-112.413068682
-112.286609263
-112.467941503
-112.080570193
-113.108254383
-112.825601723
-112.130982025
-112.493016218
-113.189778566
-113.720653973
-112.732693433
-112.774173164
-113.401215406
-112.783933936
-112.958444745
-112.951706366
-113.302874064
-113.600249146
-112.766510037
-113.374720084
-113.852378303
-113.093342567
-113.618125447
-114.160090877
-113.559312341
-113.92908381
-112.785372773
-113.650535442
-114.150809751
-113.654289522
-112.604303418
-113.00936049
-112.561975802
-113.342982119
-113.471063436
-113.109572427
-112.798398724
-112.876974682
-111.727140316
-111.959829612
-111.323480909
-109.649030957
-107.320319604
-106.242605741
-108.209502757
-110.551474675
-110.28389082
-112.242542148
-111.539066804
-112.759297316
-112.914204701
-112.341390945
-113.389942509
-112.540392108
-112.886523422
-111.979283251
-112.268442035
-112.915938575
-110.25100012
-110.694137033
-112.362998181
-113.042231121
-113.529255799
-113.671840409
-114.339421305
-113.169008908
-112.839593592
-113.205526916
-113.635454781
-113.295566906
-113.63262671
-112.424820743
-113.778831061
-113.729253403
-112.618228105
-112.722248893
-112.939726136
-113.056983347
-112.444680034
-112.699833813
-113.521373596
-111.723923673
-112.508838688
-111.632132725
-112.464622194
-111.630012296
-112.521856882
-112.117474861
-110.913913422
-109.68912679
-107.18760669
-106.347233133
-107.800658136
-110.537135273
-112.236489998
-112.750095008
-112.229236752
-112.622409246
-112.678866109
-112.666314055
-112.550244749
-113.149364113
-112.794041375
-112.981508229
-112.974473481
-112.434325805
-113.24605076
-112.84265519
-113.446831629
-113.041520126
-113.924743325
-113.282567807
-114.026676914
-113.368314876
-113.56924132
-113.086417495
-113.580967481
-113.818604712
-112.516484091
-113.256012335
-113.628606196
-113.369041972
-113.087863229
-113.869131361
-113.681872181
-113.774527422
-113.299884533
-112.798231704
-111.584242331
-113.124591266
-112.692451143
-112.003101676
-112.568395497
-112.881521146
-111.448752611
-110.835527031
-110.624575107
-109.701989317
-107.443232434
-105.396930743
-106.515123701
-109.991541378
-109.906333213
-111.918459612
-112.986802288
-112.913028827
-112.294546883
-112.491964788
-112.422567005
-113.502812918
-112.873940095
-112.264210114
-113.041370144
-112.879668336
-113.643942291
-113.18008506
-113.318447115
-112.987797116
-113.346076153
-113.237489807
-113.231409202
-113.153200736
-113.389284313
-113.304135454
-113.522216989
-113.625088566
-113.4626767
-110.835975193
-111.41276834
-113.062055677
-113.902820968
-112.974415503
-113.427613764
-113.471462247
-113.329037509
-113.312289865
-112.475211719
-113.233968507
-113.817055817
-112.727217853
-112.620464406
-111.989145567
-110.274791846
-111.918011759
-111.478988663
-109.251364538
-107.523048726
-105.432241257
-106.764753357
-108.445128788
-110.001696917
-111.019647554
-111.934726009
-112.794868969
-111.799500106
-112.40108983
-111.495247155
-111.103494266
-113.317330781
-113.185059048
-111.738925327
-112.336486311
-112.87456675
-113.549721739
-112.966008324
-113.859142658
-113.217262154
-114.228210333
-113.712230317
-114.033068108
-114.176992868
-112.783123417
-113.539867131
-114.364192678
-113.600675836
-112.282076025
-113.845456905
-113.938036517
-112.957256053
-113.50733283
-113.553402624
-113.534573377
-113.035271005
-113.695337518
-112.837728971
-112.586642128
-113.589706533
-112.433653026
-111.785712619
-113.236491455
-113.046290438
-112.098638781
-110.706873548
-110.319814383
-107.76358354
-106.062272164
-107.761066915
-110.621611136
-111.160706724
-112.577600399
-110.96905768
-111.34588266
-112.321190425
-112.795249369
-112.199833314
-112.240517983
-112.240066091
-113.332953298
-112.315961797
-113.104941242
-113.501296563
-113.273541389
-114.071858157
-112.502435382
-113.817190895
-113.052033383
-112.835454618
-113.331710308
-113.88244443
-114.595958137
-114.420416106
-113.360472122
-113.259235322
-113.391737428
-112.986151372
-113.769708621
-113.760478546
-112.496430296
-112.749657537
-112.7974911
-112.883016084
-113.951705589
-113.720965654
-112.733841487
-113.707695767
-112.164327262
-111.80437108
-111.157771639
-112.30281148
-112.721763213
-111.771634063
-109.896868156
-106.081810193
-104.672815132
-107.502273063
-111.086962813
-111.422686781
-112.657916474
-111.508799872
-111.812557989
-112.4956131
-112.522301649
-111.932826446
-113.505170334
-113.374776357
-113.419087801
-112.397373227
-112.51449237
-113.946637734
-112.252280053
-112.116369055
-113.30538199
-113.175067121
-113.449150106
-113.385180924
-114.116123663
-114.339075602
-112.794117663
-113.589595499
-113.233094033
-114.301445608
-113.109609202
-113.477659934
-114.193957523
-113.686503525
-113.859089831
-113.208933016
-113.204692021
-113.61009223
-112.275930546
-112.085905906
-112.334464547
-113.17083692
-112.346548932
-112.755249399
-111.81486065
-112.373461544
-112.025167751
-111.243377541
-110.572569311
-107.023625559
-106.000264403
-107.860293927
-110.113893511
-111.396055165
-111.737409716
-111.808478928
-111.557474878
-111.984465948
-110.698972528
-112.448931595
-113.599713468
-113.157859588
-112.459096688
-112.17986448
-113.642708474
-113.975300078
-113.786336932
-113.143856451
-112.206056757
-113.702194032
-113.447075782
-113.593778825
-112.673125331
-113.765475108
-114.256844972
-113.094023843
-113.366722552
-112.399018558
-112.28530846
-112.585659485
-113.004331153
-114.206397344
-113.347715993
-113.596628268
-113.782680287
-113.452883587
-113.320936475
-113.073999847
-112.872577614
-111.582229302
-111.765943323
-112.08454224
-112.521505336
-112.166586815
-111.72344404
-111.70252223
-110.233485711
-107.236029822
-106.114274629
-106.510164873
-109.489424542
-111.951612553
-112.858746249
-111.678076912
-112.663197746
-112.910246086
-111.83987049
-112.494135591
-112.896991272
-112.613945346
-113.443165311
-112.738174811
-113.124094126
-113.822251743
-113.302394114
-112.370578716
-113.100926378
-113.837752669
-113.38185109
-113.179552368
-113.997219978
-113.261787225
-113.800300224
-113.439720099
-113.3796977
-113.94297781
-113.072119985
-113.320197874
-113.502068387
-112.563402809
-112.894924915
-112.843185747
-113.692469733
-113.872291659
-112.493822053
-113.156025184
-112.007261495
-113.052810718
-112.632115034
-112.971799088
-112.145552404
-112.200460665
-111.778312787
-111.552922934
-110.514688764
-106.533516343
-104.939588069
-107.968167063
-109.574020441
-111.812312172
-112.000193674
-111.589612316
-111.768121394
-111.976032845
-112.77198045
-112.235802562
-113.288117483
-113.144869992
-112.316525349
-113.573086272
-112.859047599
-113.947482129
-114.185841374
-113.32210339
-113.723606536
-113.008050794
-113.455082334
-114.038529674
-113.817465821
-114.067064344
-114.108832347
-114.349104363
-114.054624133
-113.888830272
-113.427658986
-112.527534616
-113.450053454
-113.514713079
-113.194361869
-112.74979852
-113.74506245
-113.373378337
-113.172067091
-112.534365142
-113.167680486
-113.285640125
-112.951963572
-111.90054715
-111.426471084
-111.225398261
-109.780714639
-111.069063501
-109.809503339
-107.10597521
-105.266098153
-106.526337665
-109.467239113
-111.600811068
-112.901383478
-111.841787766
-112.55014527
-112.574256978
-112.739948175
-113.37546415
-113.37211385
-112.541540071
-111.059502917
-110.208179486
-111.802930272
-113.22755563
-112.742341266
-113.682921643
-113.269048621
-113.974298362
-112.761305347
-113.659559317
-114.575369571
-113.773130704
-113.109581318
-113.841944849
-113.224253984
-113.737939948
-113.669010158
-113.328169607
-114.232742129
-113.995157587
-113.725501049
-112.690498542
-113.166806563
-112.455557821
-113.151853472
-111.715494493
-112.054253841
-112.306681451
-111.787333406
-111.456007807
-112.730595626
-110.5270147
-109.634896722
-111.311776891
-109.901772258
-108.008870586
-104.805319992
-107.006829388
-108.470832196
-111.556550315
-110.97223106
-110.384022285
-112.582947716
-111.520152312
-111.945619058
-111.868792073
-112.922290304
-112.044598483
-112.451872828
-113.308469227
-113.322887309
-113.330060768
-113.812665211
-113.029801712
-113.375109714
-112.448953115
-111.250889219
-113.048835367
-113.239809084
-113.637876657
-113.708062642
-113.791333091
-114.134290563
-114.126249561
-113.141532067
-112.846398216
-113.703530586
-113.564991342
-111.834450635
-113.043335045
-113.026685438
-112.9620409
-113.354735629
-112.714873442
-112.047373411
-112.860730203
-113.061177173
-112.999221351
-113.219304973
-112.415979863
-112.011458255
-110.745686264
-109.723621587
-106.62125063
-104.824140496
-108.083020658
-110.707029261
-111.886790282
-111.718704309
-111.757300255
-111.462237669
-112.428830395
-111.804573358
-111.926341147
-112.630794846
-111.390193625
-112.764114045
-113.078584895
-113.61856662
-113.227597986
-111.442780467
-112.996473407
-113.586607232
-113.72531943
-113.651692734
-112.8420677
-112.33875029
-113.229611191
-114.265355265
-114.236107286
-113.952934708
-113.320398951
-113.933499475
-113.094920294
-113.421919534
-113.357885119
-111.589549094
-113.324306531
-113.176342402
-113.037926747
-113.103936976
-111.859966942
-112.56168832
-113.065914727
-112.262000278
-112.590491368
-112.762574409
-113.075772655
-111.825753578
-111.893958025
-110.202810324
-107.806535515
-106.405980878
-108.403537863
-110.427097542
-110.962174605
-112.298317295
-113.051876257
-112.144946203
-112.427091884
-111.570214346
-112.642234829
-112.033068893
-112.479444003
-112.260856726
-113.438292738
-112.112986504
-113.421025492
-113.57720151
-114.290845297
-113.298790267
-113.537282995
-113.842873432
-113.676650318
-113.784870317
-113.225079783
-112.207228319
-113.07345516
-112.876360701
-112.176958955
-112.844881227
-113.644152532
-114.232976878
-112.31809082
-112.80259025
-113.757145691
-113.740021551
-112.682747818
-112.264275977
-111.354649135
-113.157830575
-113.005705621
-112.352639743
-112.330085425
-111.978095907
-111.508921751
-111.23907867
-111.316424067
-109.559162785
-106.729006291
-106.204512487
-108.181814047
-109.835693576
-109.214748161
-109.66533258
-111.516036602
-111.737515494
-112.364811305
-112.611741946
-112.411002013
-112.149704879
-112.48886212
-112.449869893
-112.396552853
-112.899134844
-112.997194785
-113.726917002
-112.297368603
-113.01000423
-113.020598559
-112.458689307
-113.626106642
-113.766678016
-114.707002307
-114.016232007
-112.491775846
-113.850169789
-113.150303472
-112.239875887
-112.99760278
-113.409570781
-113.26626997
-113.251831202
-112.466937253
-113.423758131
-113.156331137
-111.472778821
-111.497656028
-111.52356224
-111.787851744
-112.000607195
-113.195773914
-112.253421017
-111.019957265
-111.269283789
-111.341073163
-110.308621677
-107.22207136
-105.946800254
-107.535756116
-110.749557063
-112.081419423
-112.701328188
-112.04867924
-112.46812209
-113.065147843
-112.066323905
-113.211616875
-112.444627328
-112.057471678
-112.975106193
-111.856417557
-112.489838517
-112.330108729
-113.489463492
-112.203969803
-112.600065269
-112.685560397
-113.233336024
-112.562534791
-113.832236044
-112.776986456
-113.371610734
-114.03661917
-114.31356543
-113.519006481
-113.82469957
-113.109330365
-113.618246754
-112.117520527
-112.125480812
-113.754235876
-112.474046242
-111.48261925
-112.732685651
-112.093928984
-112.330612646
-112.624064401
-112.620214909
-112.705811821
-112.146626492
-110.793834434
-112.0956834
-111.135043264
-110.624865184
-107.690455477
-105.416612266
-107.632769793
-110.844446783
-111.768642193
-112.392391293
-111.795954683
-112.355549071
-112.256729813
-113.283098986
-112.645535865
-112.469420937
-112.465714411
-112.937286666
-113.005423117
-113.105939684
-113.857184154
-113.941169559
-113.881476936
-113.421365024
-113.501760968
-113.713124143
-113.334660544
-113.43462665
-113.054138772
-114.030146322
-113.954499457
-112.324229848
-113.107406069
-113.334048548
-112.807223435
-112.209128963
-113.653404516
-113.567964318
-112.549556613
-111.269877181
-113.466910166
-112.950587695
-112.521566043
-113.32043501
-111.021352236
-111.547167721
-110.663962
-112.210427186
-112.765892807
-110.955664673
-111.147029344
-109.438730214
-106.746699993
-105.582296232
-107.546947653
-111.137250093
-111.212730996
-111.589639086
-112.408932887
-112.487170498
-112.529161068
-113.28525423
-113.244677305
-112.833003233
-113.279822103
-113.933751572
-112.072925996
-113.925398169
-112.644608069
-113.124069797
-113.011975536
-112.343880068
-114.50662149
-113.335722167
-113.682537979
-113.924142204
-114.217724995
-114.079349816
-113.702071284
-113.694446882
-112.868599398
-114.037058942
-113.677758397
-113.743086909
-112.069483272
-112.638539616
-113.781156414
-112.268186991
-112.719328608
-113.127490088
-113.342698549
-112.998715901
-112.925415814
-112.08081541
-113.087012455
-112.569627258
-112.72336609
-112.166199463
-111.513329005
-108.927297011
-105.884197334
-104.372774104
-107.248804235
-110.199443543
-110.532222055
-111.738683054
-111.556572925
-112.103956037
-111.942513898
-112.969314933
-113.54151709
-113.112024519
-113.299628251
-114.073352832
-113.536588265
-111.96679938
-113.010286637
-113.138437128
-112.197698244
-113.1196609
-111.889119531
-112.305968709
-112.102560092
-113.191871507
-114.236274381
-114.133669449
-113.898778037
-113.727112198
-112.964668639
-113.075714512
-113.806756124
-113.201484478
-113.594488187
-112.510276501
-112.56554402
-113.197282499
-113.388598637
-112.425517358
-113.890668135
-113.666878226
-112.942555447
-113.147690656
-113.247538535
-112.421616306
-112.212667796
-112.099173224
-110.843082064
-109.782489052
-108.018293142
-104.080965338
-105.956752979
-109.416477667
-111.788348978
-111.457896023
-112.731382694
-112.813164742
-112.18921487
-112.402768165
-113.318363157
-112.600037237
-112.969316498
-112.395994936
-113.45163553
-114.082131495
-114.058610698
-113.441609436
-113.170556993
-113.576901328
-112.817174841
-112.811163533
-113.454526199
-113.346314706
-113.924850102
-114.1567522
-113.370112892
-113.593140951
-113.904792401
-113.045266194
-113.205376532
-113.638114903
-112.504791787
-112.848289395
-113.634962176
-112.308646968
-112.815881794
-113.414336221
-113.999736718
-113.825665933
-112.712214778
-112.107011694
-112.973405719
-111.502402143
-111.639521916
-112.344279192
-111.833355847
-110.932333669
-108.371816436
-106.227577604
-107.701287889
-110.426501835
-112.536050816
-112.179617522
-111.742317698
-112.849014736
-112.992263292
-112.922006208
-112.372031826
-112.880739749
-112.967637455
-112.416821487
-112.532677292
-112.868711416
-112.961924496
-113.681233222
-112.116261673
-112.326542786
-112.675696533
-114.335126251
-114.155571492
-112.649785925
-113.599603535
-111.796778414
-112.61868177
-113.946698988
-112.795265533
-113.615170158
-112.001108418
-111.65336901
-113.227143721
-113.107142317
-112.970673273
-113.111503748
-112.951816651
-113.617564392
-113.236086187
-112.194353249
-112.559115719
-112.580399702
-112.751857243
-112.321834881
-113.179441074
-110.81649987
-109.014719828
-109.548621739
-106.674130497
-105.934794689
-107.106605318
-110.540683142
-111.374897842
-111.539249494
-112.075110773
-112.318048384
-112.275751105
-112.955491956
-112.798083874
-113.187833936
-112.947977804
-112.130865248
-112.082399608
-111.557788951
-113.505033112
-113.443760146
-112.313626561
-113.286226817
-112.982668255
-113.092020181
-113.203091257
-113.874094102
-113.820283146
-113.499897899
-113.175329286
-113.625711125
-114.397882865
-114.580389558
-113.370780634
-113.434781701
-112.58611406
-112.849473751
-113.652081008
-113.315874424
-111.974389573
-112.970018509
-113.333216235
-113.585638506
-112.039830648
-111.328766796
-112.294723752
-111.978116773
-111.307828014
-112.046429888
-111.085531396
-110.01872932
-107.186775827
-106.437257356
-107.914060988
-109.799754497
-111.232889109
-111.773225539
-111.23136578
-112.957232641
-112.758447026
-112.055190189
-111.692913764
-113.608690278
-113.509858876
-113.317612275
-112.465488281
-112.277204521
-112.935032568
-112.977247911
-113.003398783
-113.379314538
-114.635131262
-114.178706643
-113.098716356
-114.037515772
-114.559253478
-114.12379218
-113.204721349
-113.186781113
-113.953704251
-113.877574388
-114.277817541
-113.913841021
-113.341956664
-113.055079307
-111.97700136
-112.281383006
-111.818907884
-113.311319044
-113.70887396
-113.868505642
-112.818298212
-112.774825619
-113.025648762
-112.147878635
-111.57586649
-110.733934565
-110.017883251
-109.915540794
-105.732568737
-103.791288741
-107.083731396
-111.119356905
-111.525185995
-112.216273338
-112.421355901
-112.68751628
-112.038502213
-113.30826997
-113.434725516
-113.313301985
-113.749242855
-112.960228003
-113.916324002
-113.23483151
-113.507969298
-112.83743517
-112.135067952
-112.802121857
-113.194535362
-113.221663489
-112.860674488
-113.582248313
-114.400193572
-113.519759696
-113.735884084
-111.994586389
-112.681632963
-113.287641266
-113.435001657
-113.69698933
-112.613849805
-112.49954189
-113.935118326
-112.263261858
-112.781960763
-113.110722304
-111.841852958
-112.10111846
-112.561007629
-112.436867052
-112.690062263
-112.719413569
-111.960237446
-112.204227993
-111.565976166
-110.141776738
-107.257750625
-106.538572412
-108.19923672
-109.651107735
-110.418929053
-111.985524943
-111.638613132
-112.046324222
-112.197754916
-112.545150439
-112.066281316
-112.197885626
-113.300848156
-112.199063178
-113.34581201
-113.086929638
-113.611384404
-114.123871808
-113.31544473
-113.779152603
-113.452435313
-113.692918523
-113.0789043
-113.58328569
-113.346195215
-114.738679728
-113.839679957
-114.923358924
-114.08220834
-113.833754554
-112.910861016
-113.331853221
-113.229064912
-112.704335045
-113.677487108
-112.750147463
-113.639969282
-113.204615191
-112.785935763
-112.68126092
-113.057963235
-112.987554675
-112.562619946
-111.98427258
-111.884255639
-110.3443245
-110.288399134
-110.59343724
-107.178262647
-105.135709051
-107.643798427
-110.376687704
-112.190670023
-110.939856112
-112.151186067
-112.417458928
-112.354779355
-112.365387361
-112.33774942
-113.224410832
-113.562959647
-113.359426691
-112.17701275
-111.322495844
-112.874314087
-112.408008893
-112.979266364
-113.952289439
-113.43162515
-111.219211155
-110.93761399
-113.807445143
-113.015694218
-114.006427176
-113.697557503
-113.630548099
-113.541702343
-113.552827042
-113.089064486
-112.760732488
-112.689433423
-112.561620638
-113.678863994
-113.541506824
-113.096399079
-113.654296852
-112.479225195
-112.879130238
-112.165383568
-112.627303549
-111.982615277
-110.970172667
-111.87196864
-111.841870463
-110.372450488
-109.889531035
-107.764117915
-106.018996034
-106.705666611
-110.119716922
-111.025784443
-111.513597926
-111.460340653
-112.107802577
-112.234428677
-112.045651368
-112.583478621
-112.699728274
-111.90746586
-112.836823338
-112.071658998
-110.905357432
-111.483631312
-111.252936186
-112.770636496
-111.593183552
-112.640320993
-114.017564701
-113.305984464
-112.45894048
-113.895210507
-113.921034084
-113.758007051
-113.423728589
-113.208395947
-112.731435664
-113.189986868
-113.247682876
-113.158709233
-112.013985041
-112.049703986
-113.897507459
-112.713943628
-112.605832928
-113.049058936
-112.756827798
-113.008207131
-112.142509303
-112.054242748
-112.626154387
-111.947429288
-111.093891205
-110.865082476
-110.001839171
-107.757874273
-106.444250805
-107.419464235
-109.151012931
-111.14363625
-111.167584341
-112.988240383
-112.150230739
-111.494925311
-112.73285721
-112.349597002
-113.393585724
-114.020124161
-113.100797318
-112.654416416
-112.480828408
-113.27902827
-112.9239399
-113.675799417
-113.604871666
-112.710087765
-112.021106499
-113.347225086
-112.600350991
-112.967664834
-113.780971038
-113.611603508
-112.287145277
-113.034982997
-113.16564993
-113.484399951
-114.006476362
-113.084858524
-113.494252549
-113.346778195
-113.801595755
-112.690002823
-111.42898865
-112.852635645
-112.982016782
-112.285664462
-112.554860599
-112.690896698
-112.654461542
-111.734155136
-111.713179736
-111.897286951
-110.693519768
-106.66333669
-104.887492258
-107.607658353
-110.373139115
-111.494701845
-111.06524613
-112.029227446
-112.757848457
-113.010684407
-112.119474
-113.143209261
-112.496356255
-112.888777441
-113.534765019
-112.970436873
-112.564001899
-112.394551612
-112.905204089
-113.871357729
-113.207210413
-113.475061103
-113.516612695
-111.895524081
-112.812258555
-113.088611211
-113.594587597
-113.177747779
-114.256792342
-113.7934764
-113.216632514
-113.108331952
-112.56939815
-111.964858106
-111.432352712
-114.007512362
-113.442557031
-113.281020061
-113.511563082
-112.290374461
-112.52238849
-113.585791377
-112.770839838
-112.59687689
-111.677425917
-112.246677792
-111.443682773
-111.106326638
-109.898733895
-107.164448855
-105.510518168
-107.403993727
-110.590409365
-111.062832904
-112.005818864
-112.191437364
-111.928365031
-113.135657023
-112.636395462
-111.235021042
-113.317532997
-113.339007859
-112.628302895
-112.928521094
-112.384912845
-113.216923297
-113.673241273
-113.825792225
-113.317632201
-113.808766543
-113.569922871
-114.042020089
-114.473113447
-114.318593991
-113.547417797
-113.091876092
-113.630342616
-113.096109405
-112.637223998
-113.110673393
-112.430861324
-112.61563082
-113.393100389
-113.095808874
-113.218842043
-112.79201252
-113.154071926
-112.519611149
-113.454174002
-112.85152773
-112.429969285
-111.715502701
-112.92650826
-112.901351892
-111.725647911
-111.587455897
-109.744000891
-107.137678551
-105.296365984
-107.535555905
-110.109427374
-110.448607682
-111.718853347
-112.287150627
-111.562249498
-111.341470949
-112.449853228
-112.31665598
-113.671038739
-113.475206614
-112.474259551
-113.242959222
-112.463766729
-111.806800534
-112.785646194
-113.734935624
-113.57446688
-114.068418778
-113.224365603
-113.274528986
-112.212139581
-114.212259593
-113.426112133
-113.439713995
-112.976567463
-114.065888123
-112.838577463
-112.85629236
-113.810215134
-113.841905624
-113.560195413
-113.376859403
-113.391865511
-113.331799628
-112.757653175
-113.630752224
-112.601182744
-112.270830718
-112.513913106
-112.151604171
-112.894141487
-113.353490236
-111.706525458
-111.405824361
-110.488937017
-107.131998359
-105.907993884
-107.560134689
-109.661680833
-111.500115895
-112.100699102
-112.2443603
-112.977598368
-111.838221538
-112.585789871
-113.562694987
-113.059593677
-112.588463272
-112.466376146
-113.611589445
-114.200426365
-113.416005513
-113.774804841
-113.88283989
-113.373799199
-114.206715736
-114.109609158
-113.388288373
-113.834891517
-113.851127936
-114.036119416
-113.725117796
-112.785938763
-112.022667174
-113.543038179
-113.71864812
-112.833226201
-113.517131563
-114.465463083
-113.323588159
-113.718134365
-113.143022739
-112.317353978
-112.501766725
-112.936259848
-112.113728993
-112.161020855
-113.325041585
-112.231743289
-111.285200353
-112.31305161
-110.425014448
-109.787065904
-107.723435835
-105.747964824
-107.380666059
-110.722129219
-110.481410892
-111.202479036
-112.941175549
-112.588070095
-112.977163633
-113.152809697
-113.23781737
-111.936813651
-112.197574091
-112.213260841
-112.811897039
-113.114423378
-113.571711946
-112.97789867
-114.173111465
-113.723653085
-114.034670502
-113.441215102
-113.074614354
-114.040983337
-113.305554057
-114.361910746
-113.98977253
-112.880193468
-113.334252821
-113.000606025
-113.02012189
-113.93340763
-113.451592681
-113.260386192
-113.343413266
-113.862831595
-113.167181256
-113.023545646
-113.171893674
-112.50123904
-112.122540599
-113.328330679
-112.350296243
-111.497961065
-112.473464668
-110.951298008
-111.793428911
-110.549426554
-108.514249425
-106.19065759
-108.184753717
-110.595666153
-110.940746319
-110.164701523
-111.669316717
-112.104258044
-113.060315229
-112.719031627
-112.657704876
-112.737176941
-113.500064141
-112.745916652
-112.837333445
-113.315296
-113.301240506
-113.788308625
-112.226691098
-113.570341649
-113.180897983
-112.863569979
-113.534767247
-113.746239595
-114.09889309
-113.988014448
-113.962361175
-113.608714759
-113.486691412
-112.397655866
-113.232651665
-112.421880177
-113.50281159
-113.21651778
-113.408139874
-113.541605475
-113.751414679
-113.285001755
-113.423141704
-112.152202226
-112.708825839
-112.513598137
-112.198598869
-110.602614326
-110.497070519
-110.971032065
-110.927869097
-110.131320046
-107.575867416
-105.743195778
-107.097459265
-110.491649441
-111.106543727
-112.211125076
-112.20793062
-111.80262159
-112.81565556
-112.341890417
-111.818918692
-113.049718951
-113.213511341
-113.330486382
-113.336126196
-113.426476842
-113.227206003
-112.824036732
-112.944025254
-112.914214746
-113.052814308
-113.240977309
-113.129292179
-113.064846247
-113.136673938
-113.646329123
-114.41451101
-113.951622188
-112.962563586
-114.14540529
-113.205209216
-112.62885276
-112.93369309
-112.772579849
-112.997919435
-113.832985447
-112.315353216
-112.70562623
-113.306847097
-112.858075725
-112.207480464
-111.930327021
-112.362868531
-112.976856719
-112.96190184
-111.732016688
-111.165813029
-109.943369748
-107.793732882
-105.051674007
-108.004414684
-109.878409886
-110.390074487
-111.462531378
-112.228225833
-111.828615959
-112.546429225
-111.296665158
-112.560966314
-112.932747048
-111.962093808
-111.478022091
-113.266177798
-111.899256356
-111.766143819
-113.239549243
-113.151269964
-113.54442892
-113.441538331
-112.950498868
-112.497652693
-112.674431764
-113.208072663
-112.622154219
-112.649469307
-114.343034722
-113.265506676
-113.373171357
-112.829260363
-113.41852671
-113.647668261
-113.327554701
-112.700922085
-113.361306677
-113.048410976
-111.235163295
-112.574155875
-111.8186512
-113.088897167
-113.129295832
-112.43599731
-112.749339133
-112.688991015
-112.057730185
-110.576079055
-110.712438052
-107.515597783
-105.238301664
-107.290040574
-109.815329022
-111.485315547
-112.18852703
-111.566593386
-112.288817275
-111.950726742
-110.488553329
-112.002507517
-113.271665027
-112.738669009
-113.178329107
-113.051324769
-113.483423363
-112.570212217
-112.87989563
-113.882058661
-113.626004687
-113.94538982
-113.897290887
-113.893779764
-113.816788527
-112.796441155
-114.133112875
-114.094031338
-114.419915807
-112.237653931
-112.74978364
-113.707201855
-112.983293919
-113.335742176
-113.347298078
-112.827806536
-113.332834599
-113.581735124
-113.009519639
-112.789882116
-112.820363205
-112.521542748
-112.673408955
-112.686737121
-112.598422827
-112.415618528
-112.242090377
-111.961927808
-109.691386545
-107.729490091
-105.145490029
-106.708142869
-109.920795699
-110.616165822
-112.129075283
-112.796860802
-113.015946937
-111.536161966
-111.784804004
-110.788428995
-111.547316345
-113.361312244
-113.198967753
-113.492342383
-113.117002487
-113.434756004
-112.570623413
-113.654912158
-113.799509543
-113.280516038
-113.750819275
-114.601174334
-113.293429306
-114.139120783
-113.400509263
-113.926061402
-113.314638429
-113.007666292
-112.796501317
-113.355223109
-113.981908011
-113.846550486
-113.45262555
-113.518661894
-113.177139027
-113.263438247
-112.700520801
-113.260100433
-112.11398091
-111.999695372
-113.004128018
-113.158850244
-112.228823316
-111.584920755
-110.982342551
-111.339891583
-110.563240473
-107.038599877
-105.087922574
-106.789333841
-109.888841047
-110.055857625
-111.470520579
-110.749417654
-112.248582857
-113.422727761
-111.682118461
-111.604152073
-112.581000068
-113.064219122
-113.400038708
-112.549083472
-113.367761592
-113.737186221
-113.552099842
-112.823567155
-113.006935278
-113.550950889
-114.084577043
-113.662159897
-113.244640619
-113.290326618
-113.445549943
-113.380767379
-113.804464451
-113.295138374
-112.826368339
-113.847468081
-113.23306077
-113.673387596
-113.075781878
-113.403364361
-113.809677138
-112.995838362
-113.177492856
-111.597999897
-112.182911352
-113.44006066
-112.656066342
-112.571119969
-112.610131825
-111.363347377
-110.885079074
-110.554453527
-109.848683556
-107.624324198
-105.268464476
-106.592033279
-109.579424445
-109.657804716
-111.123089662
-112.147205082
-109.774949426
-111.047193109
-112.037130617
-112.736932887
-112.338543194
-113.506937355
-113.079071636
-112.859150978
-112.7820998
-114.501876443
-113.713466864
-112.886956472
-113.216150403
-114.597980442
-114.255272389
-113.554271512
-113.769849762
-114.408644727
-113.787311802
-112.167090326
-112.567986652
-113.035481561
-113.476437718
-113.424012721
-113.079913631
-113.422060235
-112.882662054
-110.889446043
-113.226289301
-113.620559042
-113.018042419
-113.036853207
-112.898905771
-112.494638912
-112.769371055
-113.005560816
-112.638798509
-111.879843513
-111.597661218
-111.52024396
-110.110694609
-106.700759347
-104.8956161
-108.04736482
-110.464624872
-109.775034186
-111.946081514
-110.685296555
-111.180278508
-112.098027566
-111.192362972
-112.61378491
-112.521969481
-112.122572474
-112.696531683
-112.675293186
-112.42476379
-112.64229761
-112.411510931
-113.149825406
-112.695937912
-114.342538964
-113.273099078
-114.300471836
-114.305638537
-114.005892633
-113.176161017
-114.232492739
-114.114346288
-113.747914162
-114.009168986
-113.11817458
-113.842838505
-112.315674663
-113.108168333
-113.083910313
-113.63153282
-113.144490294
-113.885850719
-113.162438356
-112.858258411
-112.182234302
-111.631249063
-113.201871669
-112.119723354
-112.631631365
-112.057960792
-111.642945317
-110.14398224
-107.018395867
-104.921814994
-107.365984558
-110.724156848
-111.004685883
-110.99357383
-111.970067437
-113.030227463
-111.877765116
-112.35915864
-112.521348279
-112.493163487
-113.125008568
-112.874297626
-112.637922905
-113.294101383
-112.253138651
-112.796166677
-113.439578389
-112.95732941
-112.807075676
-113.793157107
-114.814388282
-113.259104399
-113.951245923
-113.206682236
-113.344704404
-112.872089751
-112.888874233
-112.337988958
-113.631420256
-113.047176293
-112.940832295
-113.053717054
-112.793422473
-112.454495263
-112.982462599
-113.767446284
-114.025684737
-112.565309066
-113.022866621
-113.246006139
-112.446366977
-112.235945989
-111.839234
-111.973418529
-111.753040608
-109.783950369
-105.193081374
-103.563506604
-106.479931315
-110.032751321
-110.54220934
-110.920938633
-111.963126877
-111.833232648
-112.053555674
-113.037311049
-113.125199591
-112.846778592
-113.126773113
-113.653912044
-113.626163993
-113.297010139
-112.818090368
-113.377538929
-113.519858298
-113.472925158
-113.495611852
-113.427144177
-113.516299363
-114.540553286
-114.018126088
-113.466520987
-113.466642081
-112.662748158
-112.676062614
-113.375633
-113.140857138
-113.032493811
-113.57127281
-112.837105332
-113.798928349
-112.302767515
-110.632726991
-111.159008879
-113.132971332
-113.58218388
-112.751893716
-111.926566421
-112.145422612
-112.582067551
-111.654313551
-109.894454225
-111.326712464
-110.581377219
-107.916187247
-105.628015986
-107.684834061
-109.681422529
-111.59497013
-110.689876357
-110.987323593
-112.24638162
-112.041113356
-112.081909009
-110.972632775
-111.675535969
-112.328244877
-112.808132719
-113.152611333
-113.407289346
-113.916244684
-114.161342835
-113.390848283
-112.851638547
-113.262677125
-112.720960149
-112.486337888
-113.980587694
-113.580442283
-113.523950503
-113.896060944
-113.450209057
-112.520384533
-112.628708052
-113.240701571
-113.58350879
-113.671657341
-112.468260499
-111.397995421
-113.324518839
-113.2415505
-113.346154247
-112.767262931
-111.182183037
-112.160493038
-112.75311424
-112.147997166
-112.465252406
-112.644472638
-112.169297293
-110.643290524
-109.119145515
-107.363581276
-105.603272575
-106.737372648
-111.037572154
-111.753165988
-111.495547285
-113.52162864
-112.479291256
-112.630202394
-111.955248375
-112.146020464
-112.927927687
-114.195443191
-112.988219555
-112.795071945
-113.565266017
-113.701145924
-112.384634796
-112.163365464
-112.352107126
-112.20055671
-111.775421236
-112.581399404
-113.746858239
-113.619162796
-113.572415464
-114.409335605
-114.056227466
-113.692354192
-113.832486149
-113.140253535
-111.874341645
-112.957138997
-113.546973513
-113.921041878
-113.39856213
-112.682999835
-113.506669887
-113.062211173
-112.866089119
-111.851551111
-112.40928266
-111.466180337
-112.111520212
-111.687741708
-109.699579182
-109.469760681
-110.767412021
-106.75623045
-104.599089666
-106.835848371
-110.075592193
-110.762967762
-111.828988785
-112.762378915
-112.263642
-112.84659867
-113.283566293
-112.980678036
-112.310094291
-113.139433942
-112.527604243
-113.18230237
-113.115348735
-112.085872703
-113.539986718
-113.735228262
-113.198779645
-113.40232628
-113.665341623
-113.781448409
-113.336736782
-113.230891372
-113.085558565
-113.466306887
-111.469407688
-110.86953505
-112.30419173
-112.563139819
-114.018316389
-113.025114466
-113.386986368
-113.365389704
-112.660602225
-112.555227304
-113.349405137
-113.125728497
-112.625755615
-111.575240855
-112.487238431
-112.153225107
-112.786907758
-111.07435701
-110.419097831
-110.463764242
-108.867358649
-107.12332334
-105.336817029
-106.579085861
-110.127667731
-111.051746385
-112.259068204
-111.665459197
-112.682833897
-112.513224713
-112.487275199
-113.224034074
-111.95791036
-113.226220805
-113.376460591
-113.047505747
-111.891392943
-113.416250541
-112.6507181
-113.675873082
-113.496543914
-113.601336089
-112.777458135
-113.585362089
-113.434117982
-113.939922725
-114.343560336
-113.300445705
-113.768522276
-114.464576607
-114.036639682
-113.80058498
-113.846987229
-112.237600702
-113.20664215
-113.18780431
-112.72370663
-113.626908255
-112.724853051
-112.804871941
-113.677721088
-111.908041333
-112.384732265
-112.846681593
-112.291892033
-112.219999095
-112.348529866
-111.407684325
-109.533795582
-102.24734051
-100.078057328
-104.374415076
-110.702256295
-111.669121802
-111.188570483
-112.354762032
-112.260957108
-111.370867891
-111.526940602
-113.085765545
-113.131666884
-112.708496781
-113.688230933
-113.191567571
-112.313625888
-112.94802881
-113.109844005
-113.057793516
-112.346689284
-112.909431718
-113.618771092
-114.284266155
-112.089013422
-113.386650806
-86.5787875497
-86.2755663682
-85.8816583082
-85.4888282626
-85.0592523628
-84.5931974457
-84.124086527
-83.5857743817
-82.8727292421
-82.1062233343
-81.3914339686
-80.6370101394
-79.7562240139
-78.7978926387
-77.853420477
-76.8622961884
-75.7508416006
-74.3074644095
-72.4148312077
-70.0758876185
-67.5523963484
-60.0754422594
-50.2380687269
-47.4247759508
-51.0154785319
-60.8224839721
-69.1316543241
-69.9082517389
-73.4046207037
-74.7925297136
-75.8348878068
-76.938608895
-78.0161288527
-79.0434003157
-79.9498075554
-80.7184754879
-81.4064868955
-82.0384586559
-82.6609226473
-83.2464064251
-83.8306479403
-84.3819719613
-84.9831411525
-85.530119663
-85.889623274
-86.265020343
-86.6654040971
-87.0507573308
-99.3944005381
-98.0634920573
-98.4580958764
-97.2125137443
-96.5582998789
-97.3398254539
-95.9693532697
-95.2064050393
-94.9231820365
-94.1741640955
-93.8847043967
-92.6572226897
-91.9586495962
-91.0963010741
-90.101307989
-88.9087089125
-87.9392761869
-86.3530079583
-84.5980312003
-83.4287260322
-77.1380015011
-59.8302582014
-50.0744446312
-47.2052267486
-50.6344285947
-60.6496912878
-71.9111934218
-69.9394818382
-73.5599546716
-83.5467294322
-88.8940608136
-89.5098813095
-90.4855897439
-91.9200070445
-92.9050821198
-93.1681520357
-93.7118343066
-95.2150860328
-95.7810866109
-95.4377847045
-96.5687273975
-97.082149923
-97.5612707337
-97.885185287
-98.3784074256
-98.3298053306
-99.4590608589
-100.051953589
-89.0877385073
-88.6155807912
-88.0887573332
-87.5672524405
-87.0410696002
-86.5645637
-86.006025212
-85.2874830022
-84.6356237086
-84.036682659
-83.37219342
-82.6235429731
-81.7798247783
-80.858529816
-79.8106725155
-78.6948553543
-77.4110331717
-75.8540579527
-74.0370534761
-72.0242517438
-70.0292656583
-59.9544274763
-50.146405153
-47.3582291972
-50.8352135223
-60.7690718446
-69.6170100526
-69.9656524492
-73.2813288561
-76.6856874602
-78.3249920234
-79.5855054827
-80.6144891719
-81.5987771087
-82.4872081622
-83.3438189603
-84.149699824
-84.7321703081
-85.3354474567
-85.9452354848
-86.521978876
-86.9012039706
-87.4010093294
-87.8108204504
-88.0676282509
-88.5815077564
-89.0075148017
-89.2442963635
-83.9277387497
-83.5037626341
-82.9999535514
-82.4884267577
-82.002636688
-81.5153936369
-81.0313661221
-80.541602555
-79.9742034334
-79.2744225198
-78.4969693863
-77.686716328
-76.8501422858
-75.9278664832
-74.8799117591
-73.7394615524
-72.4890451518
-71.1104459438
-69.510349169
-67.3292398467
-64.1141942142
-59.8994145625
-50.1251349205
-47.3162265857
-50.8348942606
-60.7633462784
-63.8236809577
-66.3401980377
-68.7994341216
-71.251577267
-73.2068306022
-74.5691914543
-75.592980425
-76.4604337434
-77.2665443438
-78.03165632
-78.7818615591
-79.5207155913
-80.1920410372
-80.8015984399
-81.3641339117
-81.8731139021
-82.3876098536
-82.845494171
-83.1904946656
-83.6010069042
-84.0759097152
-84.459946875
-85.6221048269
-85.0456201433
-84.5829862469
-84.3149183526
-83.7181670765
-82.9879050523
-82.4469645149
-81.9404685123
-81.4102852265
-80.7860528676
-80.0347735573
-79.3001003306
-78.4417107626
-77.4386191586
-76.4625876602
-75.4442923662
-74.1172904135
-72.4016341496
-70.835161487
-69.4848058105
-65.1023023962
-56.8171785033
-50.1879997994
-47.2927560472
-50.7173894566
-57.2836400606
-63.4584618304
-64.8296224485
-67.8548500834
-72.9604808806
-75.3530169984
-76.2510476007
-77.0841701774
-77.9478007431
-78.7803420602
-79.564642619
-80.2930239295
-80.8795183042
-81.5276882796
-82.2192968074
-82.8013221001
-83.3257031393
-83.6527376339
-84.0906143046
-84.7401999067
-85.0211736552
-85.3041468037
-85.9322174839
-84.3112614907
-83.8918854871
-83.5207217762
-83.0557889592
-82.52521145
-82.0068484234
-81.4509378252
-80.8292019202
-80.2282964774
-79.6422623814
-78.9751190511
-78.2335280099
-77.4185015171
-76.5130348136
-75.5459005581
-74.4832302439
-73.3029184652
-71.922814571
-70.1437358135
-67.7592220607
-64.8944544117
-60.3179414418
-50.356275974
-47.4595477264
-50.8983619686
-60.4622076276
-66.0868564873
-68.4837748473
-69.9263348614
-71.0686286366
-72.3899435793
-73.7263530089
-74.9057044519
-75.9569923969
-76.9100946651
-77.7360311412
-78.5114895788
-79.315595825
-80.0792235837
-80.7398355033
-81.3089595236
-81.7703703456
-82.1877838569
-82.6821744331
-83.1946063996
-83.638814288
-84.0624697685
-84.4643122553
-107.297482125
-105.930494192
-102.653270318
-102.764999863
-106.184245566
-103.048074362
-102.703320923
-100.794089755
-99.8546289157
-104.209610528
-100.525819808
-96.6343303041
-97.9376249116
-101.877628053
-95.4602728209
-95.1420835656
-94.392155133
-92.012276259
-86.8919708566
-82.0906195366
-77.6249635285
-60.2989316865
-50.4591992375
-47.5740565334
-50.9758665545
-60.9428853474
-71.5969325044
-69.8617357543
-73.7000264596
-84.2793474845
-96.8637426398
-97.3758086425
-95.4600088628
-94.9936052309
-98.8986136189
-104.091122368
-97.8557034303
-98.9402815813
-103.212700567
-100.812825586
-103.240971728
-103.586104983
-101.741700829
-105.095505973
-105.88487444
-103.500263197
-103.925053522
-103.82166645
-92.0947134185
-91.9568129531
-92.086446052
-91.81115383
-91.2500260981
-90.8697019559
-90.5888513729
-90.2512944283
-89.682041098
-88.7776173668
-87.6172503646
-86.5605789498
-85.4151766964
-84.243817612
-83.2090866324
-81.858213736
-80.1925268096
-78.4235356475
-76.5875046528
-74.452268505
-72.2345046448
-60.3264304309
-50.4225981902
-47.499654636
-50.884963699
-61.0758457894
-70.6573464552
-70.212261218
-73.7747601232
-78.5844053063
-79.6561335624
-80.8623720027
-82.0617981088
-83.199927312
-84.2881868011
-85.3792601688
-86.4294756056
-87.4658440862
-88.51532844
-89.5553875516
-90.712002867
-91.7387046749
-92.2099454057
-92.6830382248
-93.4415462183
-93.4711655775
-93.6500054425
-94.3986191993
-110.854325831
-109.921927982
-111.379251951
-108.739431496
-108.18248016
-108.963112973
-106.052270061
-106.963423799
-107.421261671
-107.319752752
-106.588068225
-106.294655022
-104.638536892
-104.285048716
-102.760708471
-102.186296093
-100.019645704
-94.6596437817
-86.8318116424
-84.3718556376
-77.5862497474
-60.1000635578
-50.3330291092
-47.4760257884
-51.0258950834
-60.8495392965
-70.5222650072
-69.9237981783
-73.670968361
-84.0730550424
-99.5623896621
-100.584555065
-101.436352782
-103.824174259
-104.373517525
-104.210298209
-106.337724803
-108.071002335
-106.497030775
-107.158506062
-107.561572251
-109.707536564
-108.621618235
-110.188810945
-110.253049109
-110.708908481
-111.62270009
-112.441702778
-103.587278432
-102.715927692
-102.494380124
-101.981089869
-103.184365891
-101.504064467
-100.281788709
-100.772428461
-99.7091397654
-98.2844680325
-98.201319521
-97.8622038572
-95.5294805265
-94.9813152145
-93.7344338828
-92.7430678444
-91.5951081149
-89.4385198753
-86.5032953374
-83.9665184884
-76.6519984385
-59.743020895
-50.0105228553
-47.236383195
-50.8286337444
-61.1888933707
-71.915963799
-69.553024895
-73.3663999778
-83.6469068515
-91.0372003377
-91.9555282805
-93.4462848642
-94.9581586533
-94.9129757857
-96.2924299656
-97.0323508918
-98.2635402949
-99.5926587577
-99.4695933003
-100.892983051
-102.041905475
-101.066239364
-103.004789524
-103.936755968
-102.375327707
-103.321081665
-104.754613506
-85.1554073172
-84.6656906364
-84.1405158471
-83.6379435146
-83.2102308422
-82.7447396239
-82.1450298114
-81.5460381139
-81.0428232005
-80.4333222606
-79.6723189158
-78.939318888
-78.1590838684
-77.2555606844
-76.3099214234
-75.2368436661
-73.902398226
-72.2594802412
-70.3020926569
-67.9712254964
-65.3325306107
-59.7947168539
-50.0043033438
-47.1554189916
-50.6210120301
-60.8213791858
-67.2546687798
-69.6529261216
-72.8087074386
-73.9073008395
-74.7279036692
-75.7305792406
-76.7454904483
-77.6473541644
-78.5145459737
-79.2911940056
-80.0045442477
-80.7381625443
-81.4493456396
-82.0753145586
-82.6132143378
-83.0669677123
-83.4962511173
-83.9736693145
-84.4272792217
-84.7789149847
-85.0723123201
-85.4182091867
-97.9047469564
-98.7001318095
-97.4995035689
-95.8144273278
-94.8754519696
-95.4839962391
-96.2451446108
-95.9476019098
-94.0929865764
-93.2362690934
-92.2112634314
-91.6297468425
-92.3536581904
-91.2622367253
-89.4046263251
-86.8646456195
-88.3116391967
-85.0060771783
-79.8998833363
-83.9748747225
-77.1743867272
-59.3251350539
-50.0493537838
-47.2348473761
-50.801043467
-60.5311146359
-70.4396533708
-69.8575555985
-73.2704027331
-83.1918153277
-87.6850277371
-90.6807061279
-89.7543314032
-90.3181015445
-91.2195138184
-93.7196473125
-94.2768750873
-94.1226103758
-95.0091885528
-94.4877618462
-95.0582856849
-96.741520545
-98.4933150865
-98.0620473785
-97.5917469081
-97.9364525499
-98.3893419563
-99.6533803917
-85.0204947528
-84.7665336478
-84.4442115244
-84.0229716633
-83.5608294132
-83.017039272
-82.4364298766
-81.8655598525
-81.2555202945
-80.5689336702
-79.8142150371
-79.004329382
-78.1323790146
-77.1633370302
-76.1004439665
-74.7819243526
-73.1355605924
-71.2503934113
-69.2298376895
-66.733437709
-63.0623803328
-59.0664524441
-50.1418046926
-47.3223575577
-50.8369553177
-59.476673018
-63.6374301812
-67.4002659321
-69.9474458175
-72.3379003363
-73.1345459285
-74.1676667187
-75.3029678791
-76.4446747156
-77.5680208681
-78.713289473
-79.9008585295
-80.8327928476
-81.372706073
-81.8976627255
-82.5027588708
-83.1464278871
-83.6724336542
-84.0133212875
-84.3410678129
-84.7594069066
-85.1997029739
-85.6437229591
-88.2094632549
-88.7350313498
-88.9362193295
-88.990564586
-88.9857116636
-88.7113358297
-88.5251724838
-88.3104014145
-87.5752231446
-86.3027377863
-85.2581612656
-83.8863617074
-82.0796258054
-80.6310860719
-79.0739528071
-77.4345324251
-76.3479234483
-74.3791454514
-71.0115431411
-68.3978703252
-64.5584362692
-56.6176113224
-50.1287359456
-47.341114677
-50.9600215799
-58.5751952865
-69.547659057
-69.9088603745
-69.1289573253
-70.3343327516
-73.0868425592
-74.9368870889
-76.6529078617
-78.2065633458
-79.3717617494
-80.4493483647
-81.9314222867
-83.4633110014
-84.8178041286
-86.3854587215
-88.0628951133
-89.4423053675
-90.7494993275
-91.777408311
-92.2027735114
-92.4845138883
-92.4517401081
-91.6828089155
-83.1678315955
-82.7349977913
-82.3200162983
-81.9450191144
-81.4864196702
-80.8768828167
-80.2517978574
-79.6988684617
-79.1656045466
-78.5677898019
-77.8458459811
-76.9959921553
-76.1033472047
-75.2445829514
-74.3569580387
-73.2931040379
-71.9930214256
-70.5669032648
-68.9616951378
-66.7690736059
-63.5288932041
-59.8018969604
-49.9784823062
-47.1601224022
-50.794025384
-60.2708540109
-62.9521120827
-65.3404985165
-67.4423531204
-69.6030439467
-71.5358253198
-73.0162733022
-74.2340315644
-75.3138304762
-76.2674089372
-77.1109733194
-77.8326101634
-78.4883927468
-79.1220489941
-79.7319912271
-80.305141272
-80.7944427211
-81.2318632814
-81.7260722733
-82.299068412
-82.8242460559
-83.236555795
-83.619709122
-100.033986424
-102.225870156
-102.190081756
-99.6309386292
-100.55452982
-101.244851901
-99.3679564883
-101.960045155
-98.3939086955
-98.8442255186
-96.5018077809
-94.0046458932
-93.5124316018
-92.1331227391
-89.0116725111
-88.7918451452
-90.142635016
-86.4950556714
-79.7271528007
-81.727949864
-76.6668976534
-59.152113054
-50.1658338359
-47.3108230861
-50.8051514829
-61.0412609292
-71.1774070654
-69.5170107873
-73.2935713166
-78.3724594987
-85.2968144123
-86.58024075
-88.2061185614
-89.0642641685
-90.7518735158
-93.8920823286
-93.0434915435
-94.5899503856
-97.0381769483
-96.5681848082
-99.1411208917
-100.438197688
-101.764213214
-104.706297091
-101.260776064
-101.696841936
-102.786137121
-107.802006129
-113.551496246
-113.756954301
-113.550232948
-113.439295853
-113.130768096
-112.724045717
-113.750349474
-113.912603466
-113.82218222
-113.681757844
-112.496659097
-112.955860165
-112.988135457
-112.34617604
-112.700986088
-113.053678755
-112.455334652
-112.554287305
-111.847115863
-112.200793061
-111.909669497
-111.796488388
-109.935367605
-106.800391717
-104.136199483
-106.906085023
-110.081474712
-110.976669777
-112.205374121
-111.783838696
-112.793369493
-112.518637912
-112.987746426
-112.38789556
-113.091191128
-112.338559775
-113.310096195
-112.779078708
-111.955323966
-113.604504347
-113.121055344
-113.842629905
-113.050677267
-112.721237305
-112.822389464
-114.45599921
-114.170988621
-113.725914142
-113.360831787
-114.077917724
-114.306007937
-113.738785829
-114.001006303
-113.558411524
-112.062948653
-112.774128648
-114.47544517
-113.399054987
-113.543070776
-113.270759444
-112.703313268
-112.762328923
-112.513172225
-113.105333647
-112.186931426
-111.796166723
-112.831476131
-112.109100386
-111.684153307
-111.078386948
-110.064469141
-107.305057497
-106.216599779
-107.163116752
-110.70775677
-111.790014887
-112.221784114
-112.820922431
-111.903543762
-112.751958474
-112.892023441
-113.035179238
-112.567152672
-113.183085703
-112.419679333
-112.734914589
-112.537579499
-113.159343612
-113.215527135
-113.544784493
-114.243835226
-113.255633243
-113.281210503
-113.441234731
-113.317988336
-114.351029153
-114.080462476
-114.06356835
-114.479282178
-113.715784886
-114.211072813
-113.208966507
-113.493157202
-114.128855505
-112.166572829
-111.271039333
-113.457802779
-113.273329041
-112.576567613
-112.547235447
-113.364267667
-112.757035339
-112.343487756
-111.602129225
-112.740609985
-111.477198649
-111.695891546
-111.525624019
-109.887487574
-107.466174366
-104.178111707
-105.475957433
-109.89363125
-111.694780072
-111.550944972
-112.537778239
-111.259603616
-111.088627136
-110.718916624
-113.110949891
-112.521623927
-112.828207634
-113.379608249
-113.21317857
-113.8124343
-113.649031606
-112.875707364
-112.929427445
-113.815358661
-114.181252714
-114.424037954
-114.229848725
-113.564346014
-113.522095669
-111.703497403
-113.282759158
-113.035114088
-112.5033586
-113.144282126
-113.597707974
-113.222808592
-113.575163197
-113.427408096
-112.812850329
-113.597385572
-112.658227517
-112.71194299
-113.183713376
-112.795965153
-112.214579373
-111.409463395
-112.061215345
-112.089951543
-111.343566182
-111.171772637
-110.366076407
-110.378431843
-107.127993856
-104.99319177
-106.860048209
-110.009053988
-110.372413908
-110.436001485
-111.886975698
-112.98667304
-113.235241237
-113.514489492
-112.172111394
-112.628175929
-113.004041245
-113.299079427
-113.260157332
-113.483816263
-113.167241455
-113.868782873
-113.749049004
-113.067272007
-113.143738736
-111.316072154
-112.415737018
-113.897990545
-113.986853999
-114.014290472
-114.011628495
-114.183939496
-113.96553249
-113.127361454
-113.845233339
-112.780178406
-113.353933543
-113.407285884
-111.395670595
-113.323568631
-111.283715366
-110.932034061
-113.49081909
-113.080074182
-113.393583135
-112.771941564
-112.772053734
-112.69663935
-111.260939124
-111.825293836
-111.737803966
-110.16675739
-106.351972777
-105.392795152
-107.229381812
-109.983610611
-110.668771829
-111.529787873
-112.229232792
-112.145845341
-112.316408189
-112.533728361
-112.818072607
-112.92012986
-112.752637007
-113.123957888
-113.568355509
-113.600697557
-113.13912104
-113.598582154
-113.933222968
-113.14933638
-113.703630207
-113.37969512
-112.932914667
-114.036203955
-114.119308352
-114.074120799
-113.620760425
-110.958215072
-110.390006646
-112.92840946
-113.498375932
-112.820632033
-113.568424678
-111.231213162
-112.785397901
-112.958067341
-112.171568551
-113.565336932
-113.31403306
-113.3010703
-113.024271536
-112.91178647
-112.22475902
-112.854181256
-111.846878356
-110.853549314
-110.133585822
-109.922322546
-106.337534447
-105.162659797
-107.854276396
-109.250025653
-110.826986793
-112.015204226
-112.073028174
-111.912889308
-112.276397193
-112.349403636
-111.965646809
-112.401811833
-113.624664931
-112.543816332
-112.561224185
-112.439394894
-112.392082617
-114.041103026
-112.484478222
-113.536023824
-113.691247466
-113.605451016
-113.93942419
-113.388554251
-113.923167327
-112.666205678
-112.675967891
-113.802106207
-114.260980027
-113.692092156
-113.813968239
-114.07590753
-112.969063348
-113.144734731
-112.533012403
-112.802380145
-112.489362028
-112.851963016
-112.734422301
-112.499567173
-113.080457924
-113.386678804
-112.775419424
-112.14918783
-112.352226272
-111.206972585
-110.416375119
-109.100296087
-107.116150882
-105.896970795
-107.158301156
-110.099637003
-111.319966712
-110.938722894
-111.45917399
-111.491594584
-112.728285247
-113.160572577
-112.512238466
-112.682804227
-113.371454917
-113.965471955
-113.144801546
-113.345894793
-113.041699953
-113.495152521
-112.852167155
-113.696014634
-114.136769763
-113.203227522
-113.902515847
-114.404420905
-113.4482168
-113.286300054
-113.440837814
-113.767583119
-113.218917468
-113.305475421
-114.136087381
-114.207029208
-114.107278124
-112.246791098
-113.670106173
-113.347270332
-112.94525002
-112.960658703
-112.746397236
-112.533233938
-113.192473677
-113.482529782
-112.541647154
-111.016423877
-111.269876652
-112.355305505
-110.561052857
-110.103642816
-106.863569749
-105.623912901
-107.984149833
-110.110818598
-110.926705265
-111.966661154
-112.290156943
-112.910083972
-112.485064072
-112.692742273
-111.49880184
-112.448061169
-112.432640766
-113.037280842
-113.086030815
-113.301080014
-113.108856383
-113.387963913
-113.502665594
-113.1675568
-114.367679375
-113.473433119
-114.356595115
-114.009346465
-113.738471466
-113.391493779
-113.110210986
-113.756063603
-113.348977665
-113.928432802
-113.619110537
-113.31542651
-113.375412594
-113.373441893
-112.462593525
-113.322969656
-112.677259814
-112.137896464
-113.116393286
-112.491674192
-113.512909633
-112.534331513
-111.666642327
-112.029987899
-111.918608599
-111.985173683
-110.500083185
-108.999244331
-106.805013923
-104.595405682
-107.433478279
-109.375730739
-110.471567575
-110.99742212
-112.40108571
-111.930095083
-111.141607008
-112.624800227
-112.929624789
-112.250324955
-113.170954962
-113.060399538
-113.447954234
-112.639837135
-113.76529181
-113.034412201
-113.199060573
-113.408474071
-112.8629262
-113.45707862
-113.777757226
-114.343224773
-113.037484739
-113.617070178
-114.474297965
-114.011399691
-113.669796281
-113.244111205
-113.530061101
-113.030708417
-113.029390285
-113.143931807
-113.245071702
-113.117814214
-112.923838064
-112.997837118
-112.192533331
-112.53704957
-111.708590215
-111.706665009
-111.456364063
-112.225984108
-112.663170033
-112.186521671
-111.307171774
-109.887210464
-107.723658929
-106.14171071
-107.93821927
-109.955505062
-111.611633162
-112.220917202
-112.016342692
-113.045411931
-112.531196672
-112.840337994
-112.552232322
-112.600641763
-113.219276789
-112.917662316
-113.76171529
-113.010230944
-112.72975612
-113.334415395
-113.538132606
-113.198110196
-113.483575762
-113.656142115
-112.787738872
-112.533800211
-113.398033915
-114.467571363
-112.074987209
-113.730839833
-113.370694371
-113.887797058
-113.193068103
-111.918292199
-114.063528581
-113.292713493
-111.912416875
-111.156645589
-112.865637132
-112.79318125
-113.679699828
-112.528555452
-112.653623525
-111.133015469
-112.796667894
-111.732604104
-110.978501161
-111.228572824
-111.253461718
-110.045090247
-106.809586865
-105.561079303
-107.827957464
-109.229704607
-111.314328788
-111.435043255
-112.181136687
-111.766834948
-112.414317076
-111.8519607
-111.663316355
-112.837978376
-112.636720189
-113.571951534
-113.280392037
-112.812385357
-112.391141307
-113.287192465
-113.330960091
-113.690557695
-113.117887094
-114.104802992
-113.326487851
-113.105674003
-114.899813412
-112.456672448
-113.883923606
-113.716085995
-113.887377461
-112.942082212
-111.88242859
-113.522503193
-112.952845594
-112.086572893
-112.523413414
-113.305942182
-112.408770563
-113.421771455
-112.591981225
-113.024599256
-112.375750005
-113.076753182
-110.415926933
-111.401690079
-112.162491286
-111.925428169
-111.488201864
-109.633769319
-107.220097493
-105.175347391
-107.064539096
-110.063346778
-111.611004356
-112.34864213
-112.891110258
-112.433214478
-112.846870648
-111.70275285
-112.241522833
-112.441709015
-113.373811654
-113.321026423
-113.10799664
-112.832813643
-113.010245558
-112.845322692
-112.402322766
-113.037563439
-113.336878583
-113.56419255
-113.930150326
-113.872789774
-114.094929731
-113.420457638
-113.428803177
-113.494640689
-113.748500741
-113.678505565
-112.444710202
-113.661189315
-113.114351365
-113.221922261
-113.25539335
-112.812192891
-113.056237998
-112.774195235
-112.670149128
-112.604994168
-112.972367195
-112.639613722
-111.528278362
-112.554477921
-112.096658809
-111.620017823
-111.193286982
-110.574154093
-107.042766257
-104.925373617
-107.167866909
-109.370162128
-111.576520609
-110.928937847
-112.271573035
-113.047645583
-112.09478211
-112.75470229
-112.745347678
-111.292883458
-111.16346772
-113.015491342
-112.201325799
-113.064027963
-113.332895863
-112.3800299
-113.527195813
-113.308811496
-113.751100336
-112.548356455
-112.895558837
-113.534011871
-113.282635515
-114.112066669
-113.55157857
-114.160603045
-113.520294931
-113.809914076
-113.897244861
-113.240888588
-112.822291117
-113.350912088
-113.102874031
-112.958570424
-112.570554877
-112.198033376
-112.281879297
-112.622348559
-113.138439162
-111.805863251
-112.855063457
-112.918642978
-112.752241338
-111.539744963
-111.321396948
-109.208313784
-107.861404193
-106.256197589
-107.775435466
-110.858225418
-111.680293061
-112.399894995
-112.156068718
-112.106412452
-111.658894365
-111.491587066
-111.187738081
-113.07696977
-112.888919941
-113.403234641
-113.564997176
-112.596817995
-112.596644185
-113.299686937
-113.21833814
-112.820829411
-113.211075751
-113.409067204
-113.497882723
-113.592068702
-114.151593594
