linux; GNU C++ version 5.3.1 20151219; Boost_105800; UHD_003.009.002-0-unknown

-- Detected Device: B210
-- Operating over USB 2.
-- Initialize CODEC control...
-- Initialize Radio control...
-- Performing register loopback test... pass
-- Performing register loopback test... pass
-- Performing CODEC loopback test... pass
-- Performing CODEC loopback test... pass
-- Asking for clock rate 16.000000 MHz... 
-- Actually got clock rate 16.000000 MHz.
-- Performing timer loopback test... pass
-- Performing timer loopback test... pass
-- Setting master clock rate selection to 'automatic'.
-- Asking for clock rate 32.000000 MHz... 
-- Actually got clock rate 32.000000 MHz.
-- Performing timer loopback test... pass
-- Performing timer loopback test... pass
1024
Using Volk machine: generic_orc
gain = 38.0
-103.365357384
-103.550499176
-103.575981827
-104.22988675
-104.231171551
-103.452226367
-103.300005629
-102.648888985
-102.487144236
-102.85877501
-102.377146875
-102.897658826
-104.011674257
-103.584467664
-101.942045705
-101.530237935
-103.56000928
-104.340846081
-103.793002151
-103.633824197
-103.26036887
-103.508300635
-103.641429513
-102.811882172
-103.468270856
-102.202684462
-103.05850047
-101.967421355
-102.468412092
-102.796867345
-102.116800283
-102.205058241
-103.31501652
-104.327448263
-103.961955063
-103.956403733
-104.345219954
-103.943150157
-102.707415967
-101.743088892
-102.175081655
-101.608973567
-102.278000119
-102.729999993
-104.433509101
-103.947293633
-103.609976502
-103.556339905
-104.507076181
-103.151355323
-103.929093473
-102.57167578
-102.693662711
-104.426498346
-103.816562722
-103.145887926
-103.140914531
-102.66925053
-102.854036996
-101.899893385
-101.91112494
-102.02041276
-103.760875636
-104.404617093
-103.773339571
-103.237655708
-102.643955571
-103.521946712
-103.422821492
-102.447380082
-103.585217529
-103.305344957
-103.577741261
-101.728800491
-103.086123181
-104.172930986
-104.232382625
-102.789209376
-102.429273545
-102.165951134
-102.199948551
-104.315388377
-103.235157458
-103.688213757
-102.886617707
-102.554273223
-101.622734296
-102.629337349
-104.208025236
-103.839035138
-103.492516369
-102.875408838
-103.145327222
-102.911633488
-102.933102624
-102.881596762
-103.156571747
-103.534795682
-103.513308136
-103.207956666
-102.418610143
-103.451101083
-103.035723753
-103.147013138
-103.752975202
-103.858159118
-102.244346658
-102.047628343
-102.838084141
-104.360878958
-103.068940459
-103.625688187
-103.619149254
-102.978544977
-104.350707695
-102.137801989
-101.986765059
-101.575822205
-103.71788732
-104.011544533
-103.836475547
-102.73576985
-102.208654841
-101.444460719
-101.162501766
-103.465038827
-102.394937937
-102.764055076
-104.096409239
-103.305815424
-103.091561526
-102.250529014
-104.144594765
-102.913585202
-102.956550952
-103.667537869
-102.925797364
-101.233895041
-103.756968092
-101.952837015
-102.094881924
-101.353836184
-103.090166058
-103.86025343
-103.398782937
-103.393674427
-102.190200005
-103.085258281
-102.830305313
-102.906395355
-102.846876811
-103.182138734
-102.825394438
-103.720903409
-103.282913087
-103.681770015
-104.176122905
-104.13362934
-103.92409911
-103.51274015
-103.887541234
-102.719264777
-103.845227212
-103.178574635
-103.060970083
-103.991301694
-105.009211184
-104.429729774
-103.362474125
-103.604457788
-103.402086013
-102.705904987
-102.323787036
-101.455207579
-102.184279484
-103.340377042
-102.970565796
-103.019609331
-103.409751702
-102.885457874
-103.069212391
-102.703849744
-101.3321944
-102.480204253
-102.56771354
-103.013746049
-103.409829997
-103.050199677
-103.257933128
-103.938303941
-103.310858139
-104.473876071
-102.271470942
-102.218196114
-102.021062402
-103.754475528
-103.560965132
-104.75751601
-103.299947867
-104.632560902
-103.273881755
-103.327192342
-103.300684299
-104.411861802
-103.629177243
-103.342915084
-103.814437272
-104.732731332
-103.171230242
-103.546312625
-103.560591733
-102.405367636
-102.369965842
-102.474020966
-102.856907856
-102.327833587
-103.51254327
-104.049734683
-101.462694945
-102.002634924
-102.851750813
-101.250302366
-103.13584079
-103.914018246
-102.233142416
-103.022567075
-103.369406295
-103.243208597
-104.195051529
-103.820898624
-101.309733195
-103.621156856
-103.628677333
-103.934712408
-101.633268781
-102.328838792
-103.259634557
-103.890284344
-104.192612274
-102.503083688
-102.540478744
-101.912946187
-102.617673593
-101.108079864
-101.714835168
-101.912523076
-102.519386358
-101.912818071
-102.602376736
-102.772939528
-102.824241757
-103.48293361
-102.986275498
-102.823309118
-103.620526221
-103.683612692
-104.228033875
-104.637444722
-103.570622954
-102.529564294
-103.248580656
-101.893447392
-101.100101825
-103.340110774
-103.568825434
-103.651783114
-104.37928888
-103.978235926
-102.801091043
-103.310352927
-101.328245855
-99.4438099022
-100.124418511
-101.287728867
-102.532356926
-103.186363839
-102.23399116
-102.307835454
-102.926929893
-100.826903745
-102.680506387
-102.984174633
-102.079153437
-102.305924443
-104.155522543
-104.558630635
-103.957351517
-102.002845398
-101.478351123
-103.173379959
-103.551738927
-103.11053992
-102.67928904
-104.183965167
-102.544295002
-103.348930864
-103.253291969
-103.157978586
-104.3224399
-104.090619038
-102.525146273
-101.786700336
-103.720446787
-103.168513949
-102.877228496
-102.792916445
-103.37527984
-103.788604787
-103.463248698
-103.692818592
-102.803768008
-101.618702138
-102.738960434
-102.938918889
-102.43904996
-101.453026671
-103.602171437
-102.281703618
-102.302618508
-103.289290354
-102.621033358
-103.334146683
-103.894110802
-102.81919621
-103.29152124
-104.428344144
-103.290911416
-102.991326194
-103.043805831
-103.916896106
-102.754737074
-101.961515223
-102.480827989
-104.741769913
-102.718339046
-103.932757341
-103.00876557
-102.664375063
-103.093432189
-102.100000603
-103.547878756
-103.433299099
-103.405055913
-103.810208865
-103.886476333
-103.368031191
-101.233196515
-101.637528716
-103.720953651
-102.916657446
-103.364517336
-103.227763676
-101.759650026
-103.612662623
-103.560060206
-104.02310564
-102.720194253
-103.227454061
-102.853504807
-103.687973671
-104.04374856
-102.04396757
-102.060128975
-101.807635428
-102.055736749
-102.274823135
-101.869135623
-103.702502445
-104.590678915
-103.786196765
-104.350218105
-104.364957509
-103.008356526
-102.388927089
-103.096777496
-103.557048015
-102.9766065
-103.370698062
-103.395901927
-102.680181005
-103.313448105
-104.66112574
-104.475018626
-104.060787464
-102.545561682
-103.892801127
-103.749315622
-103.522485683
-103.714104824
-102.744527311
-103.593224881
-104.288845403
-103.882289249
-103.361911477
-101.877595431
-101.775855991
-103.716038968
-103.266176122
-102.901206364
-103.471463477
-103.584290226
-103.404567306
-103.17744056
-103.39709348
-103.553391881
-103.663424687
-103.825479792
-101.693070319
-102.61611675
-103.683123449
-102.491607031
-101.954202063
-102.953306905
-102.361579182
-103.879379797
-104.221558997
-103.990126706
-101.740800077
-102.951880017
-102.470312258
-103.414447025
-102.669342843
-103.533257072
-103.409012477
-103.308790933
-104.649261717
-102.865930402
-101.963734669
-102.668564089
-96.7723090181
-96.7930024027
-102.738221335
-102.996479155
-99.5328039316
-96.3784802706
-98.8656247768
-104.97499475
-103.499925046
-100.136065929
-96.6310265598
-97.4759849984
-103.874323496
-104.658420856
-98.337513436
-98.2050467632
-98.5300501752
-102.72427211
-102.183472528
-99.7349327458
-99.093837282
-96.8402366097
-99.622572185
-102.907240474
-99.0282016875
-96.3717118274
-98.3352780938
-100.580063358
-98.1052472221
-98.0816178211
-96.8665230329
-98.3389734062
-101.362168426
-92.626808208
-92.8184624983
-94.7703799745
-94.7716240333
-91.5586636607
-90.8811258553
-92.0812737125
-91.8955322824
-92.8798458008
-93.6402133598
-91.8141385047
-91.4515937337
-92.3181881137
-93.3871381426
-92.6522759052
-92.4666350967
-92.6251329948
-92.472491372
-92.9367322472
-92.1641200496
-92.5435313122
-94.494125849
-94.5882737418
-93.9835900434
-92.8347174716
-92.4207211424
-93.0778940007
-92.4375597718
-92.0050734359
-92.2406220902
-91.9734571802
-92.316505836
-92.1929587854
-87.7306356203
-87.5166852219
-87.8521721896
-87.7589583574
-87.5287217565
-87.131873224
-86.5276439664
-86.470371738
-87.2138475787
-87.8144960305
-87.6495564143
-87.649984308
-88.1151924541
-88.0359110996
-87.833208986
-88.1297202074
-88.1716316152
-87.9737423052
-87.6586401029
-87.3816099751
-87.5547154809
-87.6844195731
-87.713428706
-87.7691314937
-87.8704886983
-88.1394506726
-87.7505814873
-87.4088900621
-87.7335703329
-88.4073926143
-88.4738390086
-88.1913170872
-88.2102366322
-93.0009398316
-92.1179345139
-91.890313484
-90.9754135834
-91.6896181854
-94.030017783
-92.568150414
-90.6491501037
-90.8985736441
-92.7119860472
-93.2494730948
-92.1103760957
-91.4710965574
-91.6734583184
-92.0772807302
-91.5833372484
-91.3979249444
-91.6583055727
-91.8475361554
-92.6678335433
-92.1732667837
-92.2505231778
-91.832258204
-90.7264064313
-90.8017609195
-92.3969899912
-92.5722224067
-91.6318164497
-91.9558388041
-92.9922842342
-92.5215467577
-91.5660603108
-91.7904260033
-85.3692964659
-86.3864966087
-87.5894671396
-87.6391815757
-86.5436858005
-85.9065150435
-85.8693701967
-86.2085565239
-86.6156264973
-86.9784661169
-86.6143793563
-85.3079408743
-84.4608262654
-84.6481107288
-85.5870807789
-86.492941151
-86.6637058983
-85.8604675795
-84.927164665
-84.3815054906
-84.7452414845
-86.1442932811
-87.5660121541
-87.6842460395
-86.414635435
-84.9679148428
-84.3345304861
-84.5901659854
-85.2911897038
-85.8924796954
-86.0173525357
-85.3814052823
-84.5649900119
-84.4331463845
-84.7755170044
-84.3987070388
-83.6631693234
-83.277545425
-83.4563916609
-84.0068899292
-84.3719558044
-84.0354538298
-83.4460563051
-83.3801190162
-84.0217538545
-84.7909638912
-84.8683880536
-84.3610467878
-83.8050088254
-83.4857077655
-83.4847200733
-83.813437332
-83.9331428598
-83.4851482412
-83.1425829029
-83.4015280714
-83.9281859208
-84.2139315542
-83.7728625332
-83.0525599902
-82.81159961
-83.1518016307
-83.5315298014
-83.4970369293
-83.1303110932
-82.6850271366
-86.0303631104
-86.0662291114
-86.5255398748
-87.1467788491
-87.1899855914
-86.4305240669
-85.7841410074
-85.4031359323
-85.394806709
-85.9725946384
-87.3165482326
-88.1706865749
-87.0375680799
-85.9075182365
-85.4504533697
-85.1808504489
-85.2078252858
-85.845274973
-86.626629271
-86.5289805711
-85.5721393638
-84.7530222171
-84.6267490585
-85.1655344015
-86.2268734576
-87.2270030489
-86.6545803127
-85.2553730899
-84.2785669104
-84.3733323628
-85.7601043987
-86.7916442261
-86.4055260555
-83.9540772884
-84.0337947706
-83.5287757087
-83.1365850707
-83.3563986276
-83.779674216
-83.5535229704
-83.0268950993
-83.1210448805
-83.6290047019
-83.5757027163
-82.7851599192
-82.2025846058
-82.4121214837
-83.0391741476
-83.2682166999
-83.0308328104
-82.8281565946
-82.925908323
-83.36767344
-83.6850747136
-83.5942132298
-83.5333721567
-83.7623254454
-83.7236305627
-83.1941257652
-82.7761479175
-83.0429693741
-83.6978910378
-83.825225363
-83.3264508576
-82.8873504921
-83.0436165678
-93.4939361283
-90.6040916327
-91.2300053803
-91.2535786301
-92.3351372817
-92.3005761502
-93.0853329967
-91.4552497237
-91.6933547914
-91.6047569901
-92.4766427292
-95.0311410367
-93.1990229495
-92.0850628087
-92.0330203846
-92.8158375588
-90.9242658496
-90.7695640278
-94.9969347033
-91.0156174327
-90.6371643517
-97.1144382127
-92.5422033765
-91.0057447087
-91.4801777678
-93.0611456656
-91.2671125327
-90.1490715999
-90.315308694
-93.5107275698
-92.3353432951
-90.5946800363
-94.1879496326
-87.4502370782
-87.7225699096
-88.6865895253
-88.3307578438
-87.6386658027
-87.6149259353
-88.1908407279
-88.1424088121
-86.8634810582
-86.3707096364
-86.3990174173
-86.3632540443
-86.5902455518
-86.6532367792
-86.4558729119
-86.227802429
-86.2174029338
-86.0923832883
-85.8530858671
-85.720632728
-85.9976730847
-86.6285372713
-87.3173049027
-87.3921679145
-86.1875818815
-85.8141607101
-87.0057585666
-87.6502550741
-87.4558416222
-87.8142964366
-88.7441341416
-88.7891020568
-87.9337718099
-86.8071792172
-87.0262747705
-87.4632000691
-87.7671594197
-87.8493577671
-87.5003769618
-86.8765571873
-86.4040210211
-86.1757126562
-86.3452487838
-86.9716858314
-87.5382849956
-87.7793091113
-87.8860478974
-88.1408868173
-88.090690136
-87.3772933681
-86.6458806895
-86.2824887224
-86.0804310964
-85.9659405717
-86.2503179034
-86.646611767
-87.1979072596
-88.1805698877
-88.5622378259
-87.8680581622
-87.0851877893
-86.5633985064
-86.3980285942
-86.7576743492
-87.2725214351
-87.4306173577
-99.2745346145
-98.7473115784
-99.4335649337
-100.489380334
-99.7078157374
-101.350122759
-99.3543912444
-98.3498967147
-98.0409530978
-100.352307131
-99.070442493
-97.5768519456
-100.08756108
-102.989899342
-99.6929361721
-100.95100761
-98.317838639
-97.9234696732
-98.1195789622
-102.171251994
-100.106534698
-98.2504368215
-99.7075282925
-98.6656560591
-99.1133604519
-97.8703512247
-98.9126986617
-99.9608808363
-100.344031105
-98.0946358371
-95.6682684834
-100.675182034
-100.824510277
-96.3586434181
-96.0068846335
-95.0914507973
-96.7950371408
-98.3828799287
-96.9907901422
-95.4417007546
-98.2060263218
-98.1011903231
-96.8807491279
-95.561120578
-95.9036116802
-96.0936036201
-96.2691036912
-96.6652892014
-95.6179189812
-97.3708760992
-99.5145309553
-98.8670977997
-95.4582553263
-93.9819225356
-97.2610129434
-96.9982387138
-95.5281636256
-98.6352954414
-96.9942224396
-95.3939311444
-96.2025913925
-96.2250412304
-95.6750853069
-95.8849894147
-97.6714555502
-96.6026050725
-87.6020621795
-87.8776064241
-87.8515207433
-87.8615631871
-88.5257722979
-88.9160503491
-88.5845092457
-88.2227650941
-88.0943053364
-88.2425395317
-88.198284767
-87.9765753865
-88.3709054505
-88.8016802287
-89.0655519284
-89.4346959551
-89.5549129351
-88.8951453994
-88.0920418179
-88.2739532483
-88.9822138109
-89.4182278122
-89.2021607267
-88.7491428135
-88.3689407509
-88.2261333911
-88.4098234989
-89.0271695409
-89.3868783692
-88.3927513049
-88.1566053722
-88.3987053395
-88.0033814243
-94.0801642633
-94.6063418041
-94.8425242395
-93.6271032132
-93.1547274005
-93.5570510251
-94.8188664009
-96.1342511466
-94.3404086788
-94.2734255211
-94.8712895359
-94.637725185
-94.4039679827
-95.4686046285
-95.4216755971
-95.4236118305
-93.723564902
-92.5040285431
-93.7755135882
-95.2340379734
-95.7233845401
-95.3114162759
-94.7855947519
-93.9501801386
-94.175479953
-93.3115853822
-92.647344515
-93.0412621913
-93.5946042076
-94.4819197437
-94.5391205927
-93.2266670355
-91.3962918945
-91.9798331892
-94.2176163604
-97.1782986186
-99.5935156138
-98.1700218847
-93.3141404019
-92.8135132877
-93.0595509788
-95.012276665
-95.9334054179
-97.8698775313
-100.287060242
-94.9412796222
-92.0907706597
-92.8664596528
-95.9761889232
-98.4810061847
-97.6319301265
-96.5684010328
-93.1578816223
-92.5086002229
-92.3072509627
-93.3956434892
-97.3381963878
-98.7503594844
-96.5906850569
-94.9859550056
-93.2116519432
-91.4777986615
-92.8291270208
-100.060087477
-97.7914830063
-95.6240106141
-102.759438911
-101.8550568
-100.814197885
-98.9189615484
-100.626907402
-98.1831320772
-97.7298164443
-101.018350705
-99.1142174416
-100.505166568
-103.469097502
-102.077602734
-102.461468815
-99.7467693647
-100.317360466
-99.3474624189
-101.870601484
-100.43573624
-100.79821528
-102.23080764
-101.845394139
-101.731206325
-102.214277489
-100.487831839
-101.925693211
-100.543568559
-98.6162956104
-102.619801951
-102.361137783
-99.730444927
-101.40751943
-98.1558461976
-102.046414829
-89.2964371615
-90.4202617476
-92.5442873955
-91.8136840325
-89.1311721189
-88.3525744718
-89.523885419
-90.5699274724
-91.9997554661
-92.3812015934
-89.4170110525
-88.2459633794
-89.3240717853
-90.7972630516
-91.3835297355
-91.8187934401
-89.4210273885
-88.0745438974
-88.627536617
-90.5350222207
-91.7322757301
-90.1508844844
-88.4111274706
-88.6613344151
-89.4477393598
-89.9560489401
-91.3094216797
-90.9610915731
-88.8019852603
-88.1229619974
-89.1004246492
-90.2539922617
-91.6774901406
-101.192517506
-101.263952612
-101.749826893
-99.9489421674
-102.69879677
-100.337080591
-98.6555963408
-99.210721318
-97.9561617714
-99.360160814
-98.3929399623
-98.3251464568
-99.9806474594
-100.405185883
-99.7147065157
-101.162612032
-102.441008552
-99.5780727061
-98.7996712963
-100.770170464
-99.7647253846
-99.9605598619
-101.689241363
-100.318789496
-99.0581979007
-100.804062024
-100.820654765
-98.0783859502
-98.6454145981
-97.714597637
-98.9273197202
-100.031963952
-101.827779429
-104.318263982
-101.966156002
-100.874554006
-100.749473417
-99.5545844419
-100.704402412
-99.891770244
-101.792855055
-100.027843597
-103.362519017
-100.514508048
-100.202176816
-100.158237915
-103.202470768
-101.640188286
-101.624325058
-101.639533727
-100.864540974
-101.660532414
-102.933129941
-103.292874688
-99.8225044346
-99.2218451592
-100.444253107
-101.475747529
-99.9876567379
-101.506688675
-101.104926828
-102.014932157
-102.599681893
-98.8767148992
-99.0146895428
-101.065800726
-103.659281273
-101.318788078
-100.859569677
-101.702834987
-100.65747393
-99.8320028818
-100.661010957
-100.910450034
-101.130447877
-101.090593789
-101.311541978
-102.037344222
-100.40494376
-102.274605995
-99.7700405063
-99.4178837954
-99.9672604631
-101.002243079
-98.1410896422
-101.101280495
-100.949396762
-99.0119039585
-100.819184264
-97.8507447156
-97.5983966542
-101.526984111
-103.452902656
-99.0792837265
-100.255932474
-101.21820658
-100.761970337
-100.30491452
-101.15880968
-100.826416384
-97.1993908827
-98.5544124132
-97.6567199159
-98.5198629182
-101.273872029
-99.2114303989
-97.6750864172
-100.440140854
-99.1426310027
-99.8117508241
-101.583883734
-97.6977366922
-96.139681886
-98.5103331499
-99.2505797043
-101.156711164
-98.2635860547
-99.9979517083
-101.168240138
-97.963811628
-97.7942750681
-97.9291849216
-99.3825287277
-98.0060313794
-96.9731469607
-99.0743223295
-97.6564314305
-96.1460162391
-98.7040704735
-100.865883429
-98.8427529695
-97.5543936026
-87.9973246648
-87.8490194565
-87.9661428458
-88.266591159
-88.3706254196
-87.7398155555
-87.106791731
-87.2171937145
-87.3570414053
-87.1638801117
-87.3928937718
-87.8690698949
-88.0139653577
-87.6977001674
-87.2481831207
-87.1482605092
-87.3714301011
-87.3896021757
-87.3629084057
-87.4434488668
-87.4000203803
-87.3885265912
-87.6305697117
-87.9650737542
-88.023533272
-87.9963501833
-87.8473652566
-87.5713745481
-87.4307992351
-87.6011814844
-87.6571508743
-87.3913808972
-87.5688027189
-87.2675596277
-87.051856792
-86.9399841112
-86.6459367422
-86.3751913373
-86.6928029057
-87.6647178861
-88.7020273408
-88.5997555419
-87.4099634619
-86.3039097837
-85.9878883763
-86.0992023747
-86.5459424918
-87.2585651263
-87.0279678395
-86.3041576056
-86.3236198889
-87.4691815788
-88.6852423882
-87.7057892381
-86.2809458411
-86.1819208863
-87.0754029258
-87.8050426686
-88.0577882326
-87.6157533596
-87.4748346666
-88.3704843686
-87.957146702
-86.7491902289
-86.8739679534
-87.6538133901
-90.0619992994
-89.2295290393
-88.5605116604
-88.1849830164
-89.919748056
-91.0591917042
-89.0872053947
-89.123392513
-91.0811513503
-89.670463355
-88.3725856679
-88.7722663152
-88.5679952169
-89.5492179334
-89.900712454
-90.6809808316
-92.3542962896
-90.795676341
-89.6326502071
-88.5526395391
-87.3630781028
-87.549872266
-88.3731505199
-89.4704345498
-91.769609317
-91.9664388601
-90.01568505
-88.82755386
-88.4740069388
-87.4517267362
-86.7793858837
-88.9663189525
-90.2102834886
-83.9465867876
-83.9010152357
-84.0203378472
-84.1259896184
-84.2783900684
-84.0458178253
-83.5808278785
-83.3306459473
-82.9932218381
-82.6971581503
-82.9079562304
-83.5192935899
-83.5999782802
-83.2511165279
-83.2260073379
-83.1877947149
-83.0969794056
-82.917897927
-82.948745093
-83.2898782338
-83.3295161516
-83.2576022882
-83.3978193751
-83.2060611379
-82.7983141904
-82.8170467295
-83.1385105246
-83.2777712539
-83.1098661232
-83.1144440407
-83.2387311466
-82.8935214821
-82.3221432351
-82.8066212562
-82.5992159999
-82.8878872136
-83.6959060478
-84.4787711727
-84.4952624111
-83.752967389
-82.9387974638
-82.5187855028
-82.5908086378
-82.9816443869
-83.3239972228
-83.4074540439
-83.2184104264
-82.8297470939
-82.5466038731
-82.4704929495
-82.4424649443
-82.7147322004
-83.2990098476
-83.4564629289
-82.9463913577
-82.6082996091
-82.6368981321
-82.6377065623
-82.554624461
-82.4838772389
-82.3456203489
-82.161713862
-82.2878841838
-82.7555578726
-83.0004498919
-83.0507041032
-86.4909182553
-86.5390127715
-85.8048285146
-85.0043916103
-84.4241300245
-84.4251985513
-84.9646287064
-85.558926136
-85.4944262185
-84.5865728881
-83.8306723685
-84.0216098846
-84.8515187764
-85.6886248612
-85.8766356696
-85.141561904
-84.2565242819
-83.8487339864
-84.0699074661
-84.6484631167
-85.1918608393
-85.3332596627
-84.7637703371
-84.1439615669
-83.8776607275
-83.7554866372
-83.8794627718
-84.1016551014
-84.1657393697
-84.3426476145
-84.4258655686
-84.1716222253
-84.1016803224
-85.6813557185
-86.5770966716
-87.5970871141
-87.9962281095
-87.7833189273
-86.9362010418
-86.0870576954
-85.9253261903
-86.7071893849
-87.7580102685
-87.670419773
-87.2964160393
-86.5367355352
-85.8238736433
-85.9346365033
-86.4950646946
-86.9248690755
-87.4573126523
-87.7047710211
-86.3832179247
-85.0188642783
-84.8655337698
-85.865579261
-86.9241752859
-87.1600610373
-86.2599827872
-85.0667399346
-84.6155683611
-84.8967978497
-86.3600724512
-87.9776539782
-86.8709891422
-85.6418135081
-95.6554657976
-92.6000038292
-91.8077043248
-92.0246523346
-92.6009800746
-94.7628394562
-94.8732685431
-93.8754890058
-91.3535222669
-90.1707903408
-92.3740397317
-95.3600594329
-95.5483677698
-92.6509915667
-90.2745778387
-90.7132291958
-91.6913993241
-93.9038377525
-94.3122973481
-93.4017036195
-92.3061214447
-90.5725209831
-91.5383772332
-94.825303011
-95.2518262578
-93.2303502176
-90.1935442963
-90.4424173307
-92.746454582
-93.4532611712
-95.3731248221
-92.9805340312
-89.7758954435
-104.083396879
-103.101842247
-101.429922463
-101.959971714
-102.995814899
-102.269951029
-104.034983251
-102.47928811
-102.834652712
-103.98426602
-102.095549458
-102.091523797
-102.367702706
-101.76677117
-101.082364781
-99.6303747151
-98.9120320387
-101.697156736
-102.072437549
-101.659903493
-103.043110736
-102.892328954
-102.784327628
-103.054206363
-103.010990561
-101.323117122
-101.741636652
-103.592162547
-102.664244632
-101.939066864
-102.554620887
-102.641760192
-103.133805799
-102.868491359
-103.449095745
-102.230148034
-102.419828273
-103.122854117
-101.868967003
-102.914562471
-102.077212723
-104.279669509
-102.664469607
-102.562138326
-103.994325968
-103.799756443
-103.347887012
-104.101542892
-102.998796816
-102.320631389
-102.710979221
-103.866534734
-103.903649414
-103.051458906
-102.875500737
-102.033269681
-103.217063228
-103.041875887
-102.183496037
-102.445009949
-102.658859212
-103.424998288
-103.805893106
-103.73121268
-103.565781303
-102.811594491
-103.118835464
-104.576811759
-103.355896521
-103.447477113
-101.587922394
-102.48894276
-103.929911521
-103.620101486
-104.98316962
-103.761721207
-102.958545444
-103.406327866
-103.504511793
-102.29472469
-103.068026458
-102.443971949
-103.409590267
-103.474120807
-103.423476536
-103.660860789
-102.558139498
-103.532301954
-103.316199985
-103.856707793
-103.469179683
-104.268429474
-103.802485602
-102.930805476
-102.239745958
-103.688730911
-102.072784351
-102.303504034
-102.227591093
-104.756510187
-102.121687347
-102.36623102
-102.772272698
-102.389907912
-101.412428218
-102.766021025
-104.182987317
-103.768425858
-103.999263311
-103.743446499
-103.886024003
-103.329693438
-103.865398788
-103.498636348
-103.602073302
-102.705271346
-102.996854006
-102.895298179
-102.431114903
-103.747373719
-102.782221152
-102.41760159
-103.864276602
-103.730377504
-103.487486214
-103.355590637
-104.018007628
-104.231192898
-102.424130177
-103.290454357
-103.993573368
-103.820398238
-103.636502118
-103.237880471
-102.104362436
-102.243507806
-104.215310613
-104.171994017
-101.448675196
-101.959042895
-102.929714431
-101.718937432
-103.659228437
-104.06302411
-103.497938758
-103.269060527
-101.680453931
-101.582042976
-103.52569743
-103.288330135
-104.193536689
-103.604375543
-103.098257639
-103.997137781
-102.39977529
-102.46328348
-103.123716807
-102.268390892
-102.630167291
-103.27527741
-103.85381312
-103.423564462
-102.878824502
-102.865595107
-104.1286743
-102.203014798
-103.49082112
-103.361818966
-103.122630365
-103.785849579
-103.058418036
-101.799052937
-103.029251194
-103.858614317
-104.097897877
-104.032433513
-104.89079873
-103.422583476
-103.076710187
-103.552419079
-103.019012134
-103.067271767
-103.678122015
-103.207902762
-103.730506556
-102.787612337
-102.639556638
-101.40110458
-103.155399294
-102.852489379
-103.726416801
-104.275120533
-102.555091787
-104.987984979
-102.59847032
-104.115914762
-104.340722883
-102.375739971
-100.98975385
-102.513024205
-103.96548731
-103.273111248
-103.232386599
-104.821488503
-103.068977292
-102.673536373
-104.192350917
-102.104714363
-101.750957452
-102.659228758
-102.991261069
-103.469018131
-102.726862162
-102.00945545
-103.103662781
-104.20096529
-103.721846576
-103.284480609
-102.838181935
-104.738268693
-103.022293612
-104.325887823
-103.697626355
-103.219719538
-102.633086227
-102.94186136
-102.438436073
-104.380621254
-102.806959809
-102.485882716
-104.506042435
-102.841814641
-102.922921188
-102.95263924
-102.558801584
-102.964778316
-103.132895923
-105.189551535
-104.149116598
-102.303096691
-102.366001088
-103.004285556
-103.650013205
-103.108295672
-103.0534429
-103.742108171
-103.569039257
-104.441284985
-104.700856749
-101.923369118
-102.437435368
-103.736259605
-103.164263276
-103.700017603
-104.047977946
-102.578089888
-102.877600242
-101.953206106
-101.371436978
-100.612004569
-102.568040021
-102.559338447
-101.770410703
-102.906724867
-103.522385065
-103.849668129
-103.378030954
-100.67941852
-101.856196196
-103.28693028
-103.002344073
-102.890536158
-103.464467646
-102.874877393
-103.140473639
-103.36147395
-103.411205233
-102.448518572
-103.927083175
-103.726745852
-102.004791259
-101.28476383
-102.70071868
-103.780546637
-103.431871583
-103.383992634
-104.20337306
-102.181384646
-101.671242671
-103.742510599
-103.880000523
-103.759829325
-103.066504723
-103.783495944
-104.613759567
-103.365640637
-101.498508456
-103.439691234
-102.707660283
-103.633123154
-103.729337768
-102.833115626
-103.706721447
-102.531784614
-101.362856005
-103.182768983
-104.201658255
-103.591651346
-102.277859434
-102.711883324
-102.728542734
-102.048465394
-102.771676257
-103.320602074
-104.138111087
-103.567623908
-103.877853453
-103.250166888
-103.420824998
-104.125967246
-104.226882554
-102.6365023
-102.539551501
-103.526751102
-102.800363876
-104.002356271
-104.900214207
-103.791555412
-102.872409707
-104.20579881
-103.133230075
-102.472722488
-103.642501775
-104.382993338
-104.080899836
-103.865509599
-103.928432119
-103.194018695
-101.450514994
-100.871190206
-101.596241451
-102.138499421
-102.20791742
-103.438497353
-103.449982385
-102.788962531
-102.500128582
-101.845568613
-102.578569347
-102.685666253
-102.948076858
-101.141588308
-99.1601159865
-101.172694812
-103.696246561
-103.588410685
-101.851556677
-102.0179444
-102.036322451
-102.872220225
-102.380256134
-101.851875149
-103.486345765
-101.443445518
-102.672073672
-103.629925028
-103.557089587
-103.806324261
-102.792542561
-101.892586922
-102.331431738
-102.72575842
-102.126421623
-102.888260795
-103.09963055
-103.895899368
-103.675068826
-103.975355423
-102.784727206
-102.699472416
-103.574429998
-103.107223097
-102.817538535
-103.978859096
-103.438282538
-103.634630064
-103.602022243
-103.129663648
-103.203215299
-100.966194491
-103.875520398
-103.602650559
-103.020865421
-103.776574994
-102.868358626
-102.143372156
-104.118651854
-102.857135411
-103.066505364
-104.318732473
-103.725281896
-104.559213811
-102.831912066
-102.352005567
-103.805863883
-103.847706515
-103.351309501
-103.39948759
-103.785261429
-103.091390891
-103.610059217
-102.443674631
-103.620967365
-104.385329854
-103.471034449
-102.233673258
-103.853947812
-103.238870566
-103.570525529
-103.913416371
-104.156683077
-102.366854947
-102.486079874
-101.811768307
-102.395902562
-103.146112554
-103.07067035
-103.678188717
-103.058538812
-102.551772679
-103.410075629
-103.120398012
-103.224783722
-102.224123271
-102.227035401
-104.150120127
-102.145246089
-103.520526368
-102.136702044
-103.040755628
-103.952690427
-104.574654885
-102.62554659
-103.248466493
-102.796738889
-102.958838342
-103.530312204
-103.600029257
-103.20737202
-103.240344971
-104.318314373
-103.062036731
-102.970877667
-103.732908518
-104.356769766
-102.691441773
-103.561669333
-103.640245361
-102.971394998
-102.126671183
-102.290721441
-102.969932727
-102.045265417
-103.090187623
-104.32157012
-103.359692777
-101.565960701
-102.646578937
-102.978887225
-103.703755594
-103.19770635
-103.321420771
-103.779939209
-103.600818015
-103.734196977
-100.480488338
-100.937929278
-103.954545701
-104.240599881
-103.737856537
-103.639083446
-103.89887303
-103.210383393
-103.566858396
-102.274332585
-102.235124222
-104.223641842
-101.867327309
-99.9656083259
-101.045770014
-101.29111364
-103.37345177
-102.612701097
-101.680140339
-103.160499549
-101.482479936
-101.635123096
-102.758874946
-103.644922466
-103.283780572
-102.467516281
-104.337916453
-102.872349709
-102.573030189
-102.786456134
-103.408788032
-103.682038898
-102.656830186
-103.406183866
-102.024904878
-102.291548307
-103.489847763
-103.705727041
-102.749818905
-103.681623963
-102.755693245
-102.065515944
-102.196790665
-103.432761679
-103.9874698
-101.418263633
-102.178923307
-103.977101971
-103.395198201
-102.686079729
-101.257766467
-103.470221838
-101.692320027
-103.804875734
-104.131001001
-103.469912713
-104.069790977
-103.408096759
-103.680163707
-103.217444021
-103.23412163
-103.83968646
-103.082304452
-102.294778288
-102.257444682
-102.331016092
-102.56859344
-103.126653831
-102.693393918
-102.427894421
-103.479616371
-103.916870409
-104.078661646
-102.183509358
-101.79916483
-100.916669654
-102.826794901
-102.383166865
-101.936371366
-103.494613929
-103.137992907
-102.449231634
-102.446770845
-102.9006887
-102.69924062
-103.033120738
-102.696254849
-103.727162139
-103.975742563
-103.565248064
-103.086891125
-103.073430312
-103.501430307
-103.875960064
-103.430958693
-102.964900269
-102.752017502
-102.276873432
-102.691860499
-103.926477925
-103.336501224
-102.806182516
-103.618863153
-103.567242392
-101.882816119
-101.661683047
-103.471558705
-104.224049671
-101.777136073
-102.6373832
-103.440703307
-103.491091143
-102.035386248
-101.31551172
-102.74579133
-103.918112978
-102.008805032
-102.599496758
-103.510671404
-102.489325312
-103.332818432
-103.253479779
-103.69566413
-103.483653461
-104.97245061
-102.97683665
-102.901572156
-104.637463566
-103.311000706
-102.828127942
-103.608723282
-104.552170844
-103.70494273
-103.106345263
-102.601571357
-103.573229079
-104.384040691
-103.742532666
-103.06859008
-101.457907184
-103.842772288
-103.326675709
-103.12686286
-103.070130486
-103.76843376
-101.357582592
-102.017845333
-103.62654462
-103.453072008
-104.222253586
-103.429407358
-102.875584674
-102.516205244
-102.906969241
-102.812495331
-102.335420499
-102.742783497
-100.716030021
-100.588432269
-104.20744365
-103.973695176
-103.968574819
-103.274227604
-105.283140156
-103.78961117
-104.029145662
-103.969766848
-102.397362937
-102.390523196
-100.87905809
-101.1380084
-102.783638352
-104.761027585
-102.805161212
-102.747765387
-103.068034463
-104.272118696
-104.781744435
-102.144633781
-103.576296795
-103.561682966
-102.591240393
-103.542065817
-103.711277632
-102.713435635
-103.851314222
-103.077276542
-103.652903001
-104.004754514
-103.780685489
-103.643115138
-103.190029517
-101.95444192
-101.272415582
-102.682428421
-103.634484128
-102.484034231
-101.94147102
-101.58389329
-102.062146908
-103.383102147
-103.565699069
-103.422223524
-101.937346192
-103.33238757
-103.363161943
-103.120194155
-102.999027831
-102.662891525
-103.900591023
-104.079673681
-103.133034066
-103.744906488
-102.47628292
-102.728998519
-102.65001815
-102.899923101
-102.394461325
-104.310008565
-103.326313084
-101.598744799
-101.314662222
-103.861089746
-102.946588786
-103.122148201
-103.212540665
-104.503886096
-103.516770169
-103.485388568
-102.949158818
-102.316335942
-103.603850948
-102.47246256
-104.545468201
-103.24311358
-103.76693688
-103.932223974
-103.647774111
-102.80707952
-102.877047384
-103.358048923
-104.060968172
-103.628838741
-103.001135581
-104.004430726
-104.040571509
-103.208151787
-102.321454263
-104.237910631
-104.034270373
-102.444424345
-102.13659868
-101.891683149
-103.873417171
-103.855678833
-102.964292414
-103.048131737
-102.872884518
-103.159413351
-102.878562701
-103.557064142
-102.638428739
-103.113340552
-101.343584104
-101.296564586
-102.821491637
-102.238348207
-103.362112267
-102.290130574
-102.112391512
-103.103750922
-102.929354635
-102.165440471
-104.25049688
-104.25735194
-104.546651355
-103.217534834
-103.632662175
-102.916336765
-101.773667739
-103.007479185
-104.085441608
-102.746114231
-100.891265544
-102.758594333
-103.533613513
-102.093261635
-101.957373803
-102.986130004
-101.870387114
-100.516950848
-101.21411412
-102.953475007
-102.514123097
-102.64208503
-104.219446679
-102.335383168
-102.330554551
-102.895050461
-101.676080585
-103.373665807
-102.63009723
-102.640401593
-102.944325266
-102.898091448
-101.631124968
-102.446513575
-101.780824304
-102.714228381
-103.850455246
-103.017530897
-103.166882891
-102.96501347
-102.914729697
-102.925271803
-101.4130573
-102.811530497
-102.661792254
-101.444635231
-104.020595562
-104.563526412
-103.756964339
-103.391516375
-102.563618914
-103.206110405
-103.61836661
-102.269413603
-103.619099085
-102.105313628
-104.118545812
-104.078247846
-103.40303782
-102.465263346
-102.146393006
-102.999395022
-103.055029981
-102.856275586
-102.99177989
-103.967793183
-103.057110792
-102.787117041
-101.717685181
-100.974113166
-101.836922482
-101.969590608
-102.114607164
-103.278108715
-103.613227856
-103.38267935
-102.970495033
-102.742424896
-103.479673404
-103.86264866
-102.167099109
-104.41171912
-103.944489604
-104.478318274
-102.034889951
-101.201495199
-102.443835491
-102.226171924
-102.863862804
-103.183480547
-103.043008535
-102.732661938
-104.166610674
-103.713714308
-103.495031513
-104.130212482
-103.362935743
-103.845745021
-103.272250254
-103.187543366
-102.588695252
-102.631490256
-103.154340176
-102.696543516
-104.555941007
-103.988499594
-103.798336246
-104.144811
-102.497866814
-104.175542682
-103.16892525
-103.405479164
-103.141520913
-102.483712045
-100.957371896
-102.664848093
-101.901932703
-101.593286217
-103.432100706
-102.126381922
-104.231040543
-103.507975676
-102.876443428
-103.469894447
-102.126710887
-102.507825783
-104.06624423
-103.535726385
-104.319002401
-102.908560165
-101.892670959
-102.814344087
-102.917386719
-102.636353568
-103.318733092
-102.907163947
-103.842987785
-103.797907019
-103.781868935
-103.309817981
-103.970540562
-103.48714694
-104.228551295
-102.839813785
-104.594417139
-103.065784543
-101.544518947
-101.984779845
-101.625631076
-103.155137594
-102.308690589
-104.40548406
-103.980859134
-104.353909463
-102.791974882
-102.364835544
-103.464562019
-102.987521355
-104.445134184
-102.783545977
-102.287458355
-104.45143836
-102.406187202
-101.506293065
-101.558349422
-102.292064642
-101.890207227
-102.113896593
-103.27397812
-101.25133157
-101.773283173
-103.085031314
-102.802007478
-104.508668756
-104.044655455
-104.259328587
-103.748007317
-103.243472325
-103.546639749
-103.028548587
-101.67683226
-100.089869621
-102.758427644
-103.183809405
-103.698251995
-103.194885088
-103.731734606
-103.100714802
-102.985166032
-102.382217369
-103.161942018
-103.115305437
-102.446872425
-102.082094716
-103.233478896
-103.644931974
-103.01800285
-103.170217416
-102.849091921
-103.357980114
-103.061916496
-103.905585205
-103.275013759
-103.820540275
-102.865539482
-102.722749637
-104.831982676
-103.855208971
-103.926791661
-103.251874631
-102.492931926
-103.09550635
-103.200834174
-102.439658946
-102.948559703
-103.302433319
-103.814383275
-104.348238364
-102.788294437
-102.992161573
-103.200503364
-102.919526071
-102.724718571
-102.131719079
-102.788656246
-102.883270482
-102.803383848
-102.765579259
-101.610589515
-103.674854137
-101.021475867
-103.274349498
-102.874825937
-102.258201457
-102.636286597
-102.426748064
-103.701118879
-102.879778034
-103.754356263
-102.536126671
-102.673561813
-103.117763846
-101.822968689
-102.901745048
-102.865116813
-102.796880582
-102.127369408
-102.276401063
-102.996725167
-103.419606431
-103.243622366
-100.78631017
-101.044455194
-102.853470367
-102.701521173
-102.621005624
-103.720195238
-102.847932629
-102.92605614
-103.932055577
-104.011936902
-104.257287092
-103.59682538
-100.952998793
-101.225073495
-100.901991477
-102.782003785
-103.488136271
-102.733943856
-104.123604858
-101.270008728
-101.293936585
-101.419737406
-102.223032351
-103.711447709
-102.008119589
-102.509054559
-102.391359147
-104.303391253
-105.022306828
-103.751412055
-102.217217772
-102.258837963
-102.244994647
-103.409594771
-102.475025389
-101.7809043
-101.179679559
-101.809838949
-103.08138924
-103.896411241
-103.690527391
-104.172287185
-102.581730352
-103.663243259
-103.879007327
-103.87457835
-102.552966174
-103.519070251
-102.013274102
-102.490085191
-101.388411554
-102.940000745
-101.740692509
-102.108136107
-103.207153459
-102.148670388
-102.422137509
-103.823608332
-104.434144133
-102.6973717
-103.223399883
-104.438481323
-104.601025807
-103.780905474
-103.639317192
-102.056775276
-103.292090352
-105.052434505
-104.580645118
-102.70751823
-102.913891464
-104.003484528
-103.216346471
-103.75513417
-103.781825154
-102.85605814
-103.416546415
-102.663713608
-102.884569401
-104.231803628
-103.918862741
-103.588493711
-102.543241231
-104.212869125
-104.349408121
-102.361579182
-103.057413927
-102.173682927
-103.010311442
-102.05252685
-102.75563305
-103.021327283
-104.411970454
-103.67465161
-104.355255177
-102.561796613
-101.709656922
-103.906268334
-103.663274476
-105.166900887
-103.214960018
-102.567746644
-101.780241518
-104.093821165
-103.876333816
-104.053933741
-102.851936966
-103.186003528
-101.100433611
-101.870560651
-104.249332024
-102.822506803
-103.004269778
-102.686839925
-103.097638245
-103.039226876
-102.421378664
-102.851281049
-103.850794214
-102.856614432
-103.137706222
-103.468324931
-103.401584945
-102.412511944
-102.707772868
-102.90947332
-102.480997504
-102.202675804
-104.308756478
-103.559883762
-103.973859673
-103.836427772
-102.561116119
-102.654000048
-104.323473605
-103.224758491
-103.467601648
-102.023366876
-101.966717065
-103.132664502
-102.693159802
-103.260205864
-103.446780355
-103.655949075
-103.547100983
-103.933614773
-104.326064505
-101.449791777
-102.99185572
-103.82313926
-104.358301691
-104.388838507
-104.264836183
-104.592568095
-104.777682963
-103.26878451
-104.399867095
-104.153160471
-101.917134862
-103.765953035
-102.233579715
-101.276459507
-102.486510349
-103.475239058
-103.48086563
-102.627397289
-101.510406483
-103.456964709
-104.036096806
-103.725096003
-103.279477153
-104.354601862
-104.562584401
-104.07473941
-103.216700693
-103.089490858
-104.348844706
-104.12427987
-102.841780596
-103.382318559
-102.818772888
-105.044991001
-102.686598244
-104.524010996
-104.182961239
-102.51367973
-101.932864293
-103.487313047
-103.927840733
-103.113808795
-103.353668579
-101.445659086
-103.988324646
-104.196613405
-103.027306769
-102.314886672
-103.236843994
-103.706753349
-103.2364089
-102.879057194
-102.545767531
-102.715544433
-104.157405636
-104.409536266
-103.187098702
-102.485754736
-102.761159291
-103.747127719
-104.126035474
-103.79317773
-102.570638191
-103.308718839
-101.369425928
-103.356415272
-103.224949055
-103.748450741
-102.291203403
-102.58777228
-103.450388706
-103.531226271
-102.003575119
-101.315470225
-101.985352803
-102.893718872
-104.398925114
-103.777478298
-102.813509905
-103.544847838
-103.034169129
-103.293419693
-102.374625038
-103.183602222
-100.535348127
-100.992649993
-103.855698027
-104.10541257
-103.52595433
-104.783221888
-102.968769212
-103.200706073
-103.012379152
-102.896387076
-104.160788779
-104.227160633
-104.393015966
-103.221409707
-102.62387591
-103.265704232
-104.291908064
-102.671273971
-103.37597622
-102.972435796
-103.118239044
-104.472334696
-104.04737447
-102.688331668
-102.924291502
-103.012116129
-103.127693233
-104.736189063
-103.211263648
-103.848185147
-103.382076213
-103.983290205
-103.455794081
-102.588666577
-103.814458187
-104.489521661
-104.8375562
-104.516629676
-104.444630755
-101.971493263
-102.683945616
-102.8088044
-101.871776084
-102.08712016
-103.451288902
-103.938661575
-103.196553745
-103.063189042
-102.43160717
-101.579254663
-103.039670334
-102.881981461
-100.295469805
-101.916616031
-103.343863905
-103.172750087
-102.523673373
-103.183651221
-102.79081962
-102.617735082
-101.769108858
-103.647808876
-102.276001324
-100.77337156
-100.988828048
-102.136010068
-103.801760211
-102.106885551
-102.658357403
-103.602686413
-103.083680042
-102.922646805
-103.080016302
-104.151442773
-103.798357841
-102.907339221
-103.384939107
-102.098199107
-101.81393794
-103.268583293
-103.10111586
-104.362645299
-103.84864735
-103.187967995
-102.703672482
-102.402742545
-103.260254397
-103.981670789
-103.612441196
-103.57990706
-102.825741483
-103.968470803
-104.35060917
-102.587351144
-102.004185653
-103.042304654
-103.504824099
-102.456865224
-102.514874924
-102.933340415
-103.26201299
-104.060721461
-104.160720003
-104.461221841
-104.136513998
-103.910729764
-104.1274636
-100.381430657
-100.98366099
-103.703403816
-102.788049445
-103.748554113
-101.907773505
-101.125628849
-102.70826745
-104.655311051
-103.11004584
-103.701616823
-102.848717735
-103.596987055
-103.581352007
-103.119641943
-105.13304533
-103.554849524
-103.665974298
-101.543494966
-102.29537622
-102.034058036
-103.037979139
-103.848307016
-103.122171546
-102.313291741
-102.280121092
-103.462272383
-104.695180546
-104.26930261
-104.099173041
-104.528382889
-103.911504696
-102.436325528
-102.779686879
-103.334103786
-103.781632295
-103.823929206
-104.330296323
-104.432474741
-103.307331008
-104.160563511
-103.118518616
-103.743629813
-103.33049208
-101.842965286
-101.847216067
-103.62988749
-103.581892634
-103.116785756
-102.783476997
-103.217480479
-104.114304219
-102.368175845
-102.460795785
-104.143521136
-104.494646968
-102.142472107
-101.812874814
-102.286177825
-102.596628169
-103.642889595
-103.698782935
-102.337352384
-102.486022182
-103.158283614
-102.889637426
-102.537920657
-102.261051175
-103.794215832
-104.406687645
-103.941884741
-104.410419919
-103.186985815
-102.887048923
-102.866492546
-104.701303088
-104.241824497
-103.720044166
-103.771336069
-102.121094058
-103.826120694
-102.323609788
-103.787850719
-102.044368774
-102.405873214
-104.065436357
-102.674329472
-103.449605821
-103.241610573
-104.035667035
-102.571575238
-102.907889468
-103.09704344
-103.413291961
-103.276816642
-103.50301856
-103.057220033
-103.105494415
-101.886663546
-104.134184343
-103.539921302
-101.801844896
-102.171661223
-103.670615197
-102.971672791
-102.749270769
-103.100552841
-103.620959
-103.457093592
-101.766782086
-100.928547491
-102.090268811
-103.133028865
-100.784807334
-102.234009923
-101.629396516
-101.846389845
-104.030007153
-103.221304882
-103.905236497
-103.621447109
-104.667261976
-103.133956001
-101.4999142
-103.156931912
-104.050433642
-103.432331234
-103.725619803
-102.260122951
-102.868249752
-104.00934219
-103.356985081
-103.78291755
-103.748032033
-103.356196951
-104.314557556
-103.257953534
-103.123503065
-101.654659857
-101.545271645
-103.113057108
-103.061263257
-103.73234615
-103.271087764
-101.803089587
-102.053038348
-101.473707125
-103.322292587
-103.351219607
-103.221329098
-104.167250746
-103.410921419
-102.022590527
-104.355247855
-103.582826636
-101.305821229
-100.995968142
-102.798161136
-103.787770973
-104.915473259
-104.083566393
-101.194912572
-102.578314735
-100.644095211
-101.560097342
-102.552119575
-103.373610837
-102.60158545
-102.566305158
-101.019237271
-101.943344092
-102.592672959
-103.713113184
-103.062182552
-102.158432534
-102.421053091
-103.622427131
-103.716454602
-103.750711633
-103.253032657
-104.534324406
-104.224961159
-103.713555288
-101.607160118
-102.198246918
-103.286298876
-101.969533914
-102.360224921
-102.178701515
-102.077774044
-102.378311357
-102.553792172
-103.009949647
-103.285272325
-103.22686147
-102.987764345
-101.668586758
-104.068573194
-103.168634877
-102.737484142
-103.446619634
-103.77439291
-103.887393122
-101.871152767
-101.195823444
-101.236313042
-101.350752369
-102.149516
-102.192949937
-102.14848408
-103.064498757
-103.696661416
-104.30321847
-103.081686366
-103.732368539
-103.897594478
-103.717061395
-103.67372784
-104.609934787
-103.755140172
-105.475702387
-103.341500255
-103.591147068
-104.438933546
-103.459665044
-103.800883307
-104.020851967
-103.148185612
-103.091426306
-102.722881542
-103.800053955
-102.930302264
-102.123129191
-103.683683906
-102.752992135
-103.515287624
-104.25857455
-103.121459582
-103.196122339
-103.200931903
-103.979522645
-103.939169122
-102.681909526
-103.618404776
-104.722046089
-102.97311685
-103.201548705
-103.091860315
-103.588574935
-102.990562065
-104.691621732
-104.096929474
-104.663828611
-103.689483849
-103.126619102
-104.683922353
-103.394717951
-102.242599475
-102.898943577
-102.630877513
-103.227064085
-103.5130644
-102.943828577
-102.236438701
-103.150431319
-102.038519329
-101.835663718
-103.600401718
-104.665055096
-103.026579103
-102.854632662
-104.568454857
-103.808651949
-101.603818456
-102.474300539
-102.485261334
-102.138870672
-103.171660822
-103.407006739
-102.02327272
-103.407580108
-102.172133539
-101.1346563
-102.442336119
-104.028367829
-104.116156884
-102.181845748
-101.732817077
-103.61093507
-104.093490262
-102.570619629
-102.89473291
-102.427199221
-101.676717432
-103.600435021
-103.605304971
-102.270105048
-103.47691205
-104.047309874
-101.758175187
-103.467145621
-103.52728711
-103.77120768
-103.154363368
-103.06092021
-102.457175688
-103.635676198
-104.6972136
-104.139213293
-103.968164285
-102.850449184
-103.713222777
-103.18960304
-101.533628243
-102.808950107
-103.838301324
-102.295251589
-103.207473865
-103.087558845
-103.535915046
-104.593028462
-103.841765757
-103.576878556
-104.537191548
-102.769257236
-103.602974348
-104.504198536
-104.239251064
-104.297667115
-103.673675195
-102.3084368
-104.118136759
-102.325663009
-101.647888141
-103.661807893
-103.543581113
-101.704993444
-102.368380269
-102.354640372
-102.363010363
-103.453541257
-102.629658365
-103.203939142
-102.427360853
-103.87234301
-103.076556498
-104.092730823
-103.910060704
-102.973720302
-103.216144025
-102.4522729
-103.313536203
-102.440136941
-102.446556314
-103.063031033
-102.929773986
-102.55747552
-103.758443896
-103.846986942
-103.884288576
-103.215851472
-102.852339462
-102.441799665
-102.507281179
-103.8825353
-102.901549043
-102.335200307
-101.716080499
-101.809586335
-100.790450674
-100.793870853
-102.99568735
-102.115058659
-102.014115109
-101.73835073
-102.758578827
-104.58676537
-102.78827372
-103.752965829
-103.19306316
-103.940468195
-102.724700522
-102.506851173
-102.738600071
-101.781917715
-103.980123481
-103.804085832
-103.574727941
-102.335695888
-103.030697067
-101.966219608
-103.489916928
-103.219356781
-102.686433415
-102.816749676
-104.504553346
-104.966373155
-104.807993677
-103.063252376
-102.5318282
-103.671004799
-103.330521674
-102.893805314
-104.175780713
-102.772275988
-103.37084604
-104.537541427
-102.36955658
-103.539739606
-102.816974834
-102.232496985
-104.097453424
-103.252477661
-103.879902081
-102.749595119
-102.978539644
-103.14674803
-104.073565447
-103.796118969
-103.85240084
-103.575555307
-103.455355746
-104.411978308
-103.620464763
-102.692408191
-103.509434458
-103.64960864
-102.367888031
-102.521479218
-103.18191092
-102.576821408
-101.534468585
-102.791725776
-101.920637118
-103.452912104
-104.545531649
-105.200146532
-104.230948044
-102.629572681
-103.872101004
-104.463948812
-104.930575659
-103.836003172
-102.276154757
-102.651157208
-103.593325708
-103.128842641
-102.993648031
-102.05364827
-102.141664344
-102.505203586
-102.36779673
-103.430395456
-103.862206879
-104.035301323
-103.24525382
-103.403325963
-103.154120022
-101.483409594
-103.34580962
-101.335466612
-102.435152309
-103.00189968
-104.18193147
-103.571987136
-103.1564322
-102.579757637
-102.207714369
-103.580206459
-103.344992457
-102.548080242
-103.436513162
-102.777853413
-102.342592009
-102.850795191
-102.757396341
-102.470442016
-102.263672866
-102.143219978
-102.847543934
-103.999812516
-104.99567572
-104.203610957
-105.11416841
-104.381304926
-102.898775417
-102.206827149
-103.051641697
-102.495850419
-103.395019697
-102.487253768
-103.380478234
-101.861809366
-102.242882017
-104.256132201
-101.419639255
-101.444157544
-102.873875329
-102.010497024
-102.942843768
-103.42233783
-102.527342281
-102.880747417
-103.98499763
-103.787571048
-103.604396195
-102.735310981
-103.640245727
-103.914600359
-103.884310216
-102.815485382
-102.88523405
-102.970640317
-102.122418254
-102.928820269
-101.983143238
-102.403742707
-101.96675434
-102.155177517
-103.203061031
-102.41068396
-103.233740702
-102.325020953
-102.149737861
-103.087245235
-103.123126527
-103.134099705
-102.808436384
-103.531022852
-102.52206034
-102.737309952
-103.098450472
-103.744673351
-102.375725227
-102.180851542
-102.380857205
-104.10350636
-103.537607299
-101.872116467
-104.558003764
-103.963785569
-103.32768014
-103.233021189
-103.478540636
-102.739323797
-103.438766584
-104.652965859
-104.506920077
-103.719993934
-102.78936734
-104.133433715
-103.524123271
-102.807616907
-103.420752756
-104.553340948
-102.191366969
-103.070891121
-101.979552847
-101.998114208
-102.912001704
-102.386191761
-103.09961539
-104.703259683
-102.904836989
-103.604637864
-102.498265038
-101.720032744
-102.660358574
-102.25771092
-102.861335108
-104.500070436
-104.418222269
-104.931191314
-103.347552322
-102.726637484
-102.724956761
-103.085922213
-103.371746381
-102.983395431
-102.071311776
-103.207347551
-102.928521016
-102.339197677
-102.720517621
-103.696145907
-102.696939507
-102.172110612
-101.834639132
-102.807208282
-104.085007331
-103.618822802
-103.973316107
-104.400210436
-103.971625096
-103.361882353
-103.751803351
-101.847229121
-101.313288234
-101.737696767
-101.573923114
-102.668752777
-104.030356833
-103.695795115
-102.676355281
-101.875891637
-102.911437345
-101.019092228
-103.219503339
-102.116993725
-103.741277628
-103.194249453
-103.668102201
-104.322504873
-103.947276382
-103.364388428
-102.335438623
-103.464355734
-104.29479067
-103.396277317
-102.873664962
-103.429592153
-103.990694558
-103.456400891
-103.206746457
-103.174970792
-103.321435367
-102.941124856
-103.852186026
-103.829977258
-102.331124459
-103.064301987
-103.627569867
-102.96512511
-102.555251705
-103.117511205
-102.786457034
-103.152165906
-101.989482034
-101.905976969
-100.957289567
-101.592900424
-100.943327628
-102.857826383
-104.447769674
-102.993703748
-103.600859647
-103.542441556
-104.595022891
-104.598415477
-102.711010191
-103.100112478
-102.934870536
-103.365192105
-101.608971736
-101.992736151
-103.353257871
-103.165489868
-100.890614187
-101.353732607
-104.337991096
-103.728637914
-101.888780132
-100.790946526
-102.443042897
-103.705452609
-102.500152745
-100.840706702
-102.585054105
-103.142554105
-103.307880537
-102.154801497
-101.983846205
-103.923641675
-103.960999194
-102.780370433
-103.350091487
-103.324624742
-103.289413681
-103.556143905
-103.767458604
-103.61954481
-104.046503911
-102.273948238
-102.757531688
-103.033737987
-102.816980274
-103.259952833
-102.899784783
-103.055950512
-102.306429593
-102.401809086
-103.496800863
-102.722544394
-101.59147885
-103.003500845
-103.734157407
-103.035153893
-103.056021084
-104.372210244
-103.553701634
-104.320701796
-104.322502736
-103.578434142
-103.718152497
-103.661864432
-103.240538886
-102.276340486
-101.881173137
-102.163187559
-102.306377194
-102.815131603
-102.497448129
-101.468628473
-101.620101909
-102.911900071
-103.2274524
-102.408526608
-103.820158728
-102.74041377
-102.304233426
-102.364618759
-103.571240989
-102.06009089
-101.820369259
-102.389375704
-104.243540966
-103.286302916
-103.244508051
-103.465649738
-104.252639922
-104.458583911
-104.242074161
-103.716014061
-104.06770281
-103.988808738
-102.568672791
-103.399091187
-102.907283985
-103.58608514
-103.6632271
-102.917571377
-101.952980684
-102.675900891
-102.067735273
-102.845886054
-103.909684039
-103.805731814
-103.204800908
-103.376095847
-103.249374868
-103.583852071
-104.752373598
-103.943904255
-104.093292787
-103.878848314
-102.652696982
-102.602008832
-102.487027144
-103.1394927
-103.427632201
-103.280263249
-102.910816234
-102.37683061
-103.10612559
-103.132776635
-102.936462707
-103.275639829
-103.861505273
-103.705680683
-103.131501409
-104.274570901
-103.774643474
-102.43562178
-101.034525512
-103.633817632
-103.37837144
-102.916549209
-103.266629963
-102.572085687
-102.341309478
-102.48216219
-103.683495726
-103.830148995
-103.762334734
-101.985407208
-102.4594261
-103.900295853
-102.387036733
-102.405287639
-103.230073857
-101.675078089
-102.968293503
-104.882430526
-104.507487429
-102.685902604
-102.47112966
-101.77824188
-104.830779257
-103.385766577
-102.182170846
-103.276877793
-104.508205645
-102.794140211
-103.309545454
-103.500735452
-103.963532117
-103.790669976
-104.318529183
-103.173350432
-102.50519796
-102.694107505
-101.705635481
-101.07302127
-101.098718365
-101.594937853
-102.742596022
-102.340295425
-101.930891237
-102.636319068
-103.263394116
-103.264390716
-103.616815552
-102.947012296
-102.29353525
-102.743233351
-103.497268852
-103.54647529
-102.59900636
-102.435400879
-102.840685551
-103.592685009
-103.061647898
-102.14880099
-103.001672612
-102.69627572
-103.376459215
-102.11410893
-104.136815839
-104.234705248
-102.638006723
-100.93728853
-101.993294158
-103.207042365
-103.190220869
-104.369003169
-103.42098824
-103.437218386
-101.566568457
-103.649815128
-104.158597134
-103.629855419
-104.845321894
-103.399622382
-102.886054794
-101.94019147
-103.249177219
-103.294897554
-101.622956986
-101.75548074
-102.358776708
-103.286949476
-103.955040182
-103.299072419
-104.287551909
-104.160634755
-103.199425599
-103.137602421
-103.93212356
-104.734218049
-104.435221005
-102.804819726
-102.705118178
-102.143530033
-103.173615857
-104.291494661
-104.065725643
-103.347265807
-103.878942486
-103.944921418
-103.54788877
-103.098952264
-102.932058174
-102.187004493
-102.900921025
-103.165553073
-103.844207094
-103.037985181
-101.666030781
-103.610649147
-103.248663776
-102.417096574
-104.226153778
-103.599554406
-101.768783576
-102.217928601
-104.231741254
-103.942443186
-103.439209178
-103.639375996
-103.213695203
-103.1193704
-102.78700178
-101.540444291
-102.534481819
-103.847798865
-103.960042355
-103.243405308
-103.073822125
-103.000873869
-104.004971843
-102.973827779
-103.006754201
-102.505086568
-102.554966304
-102.91935835
-103.125880772
-101.128581416
-102.354924863
-102.8836274
-103.529337079
-102.668159286
-102.817037094
-103.027318824
-104.025493814
-102.016623522
-101.8192104
-102.778522298
-101.863182493
-103.578019264
-104.540064179
-104.414550087
-104.114701501
-104.662340368
-103.772069198
-104.265581605
-104.232378019
-104.460118648
-104.15940441
-102.673523507
-102.591737662
-102.092173934
-103.512728088
-102.366320925
-101.957290985
-102.557603069
-103.440116478
-103.849678096
-103.252534461
-102.641385744
-103.535871536
-103.159070638
-103.17297939
-104.209702573
-103.630092678
-103.103824213
-103.438050648
-103.803236525
-102.644676185
-103.573022244
-102.740445247
-103.373322941
-102.541815231
-101.701837051
-102.21648416
-103.135370491
-102.967416082
-103.167479804
-104.028933112
-104.175979082
-102.384089213
-102.273919967
-102.126988825
-102.245096385
-103.496048439
-102.015495537
-101.671113597
-102.640285228
-103.856720848
-103.566755308
-103.69545915
-102.936687323
-102.333034968
-105.400802331
-103.270045345
-103.12059734
-102.829951537
-103.144758442
-103.811639792
-104.461022363
-104.416252786
-103.727249725
-103.32291838
-103.967631279
-103.782594785
-103.235838384
-102.949916007
-102.592193949
-102.967161713
-102.743076758
-104.474037631
-104.929426703
-102.979815916
-102.729867576
-103.332496813
-104.407050267
-104.054909886
-103.238363335
-102.655055128
-102.343520685
-104.869478306
-104.520092623
-102.56273375
-102.129423994
-102.823116621
-102.707166065
-103.093888626
-103.509248716
-102.337317202
-102.203233111
-103.036699332
-103.80495921
-101.834031245
-102.084073866
-102.573790283
-104.322916964
-103.341140822
-102.847643463
-103.215126965
-103.40693265
-102.396684953
-103.060706659
-101.68303657
-102.349592184
-104.049017774
-103.568254092
-102.167093124
-102.644825202
-103.416198065
-104.230442893
-103.409398008
-103.544447949
-101.794134905
-101.073937277
-103.602798688
-102.814431683
-103.076358539
-103.507382876
-102.001288134
-101.896802946
-103.96406462
-105.004220209
-102.078198779
-102.167362989
-103.755091408
-102.974961307
-104.790870472
-103.80674521
-102.068600631
-103.056173729
-102.991859496
-102.908825325
-103.479863519
-103.31657533
-103.641255213
-103.476773431
-104.403475487
-102.398815568
-103.007596343
-102.183213153
-102.340722523
-103.284677178
-102.945064182
-103.450915721
-103.268767406
-104.03752648
-103.626547898
-102.215150445
-103.030857714
-102.641215366
-103.700208352
-103.1333536
-103.037190861
-102.540884866
-103.146584017
-103.424338496
-103.206646613
-101.743452382
-103.612295642
-102.133126044
-103.452180888
-102.439900016
-102.413126859
-101.30645512
-102.287773263
-102.660671395
-104.063407869
-103.271632391
-103.205570627
-104.242060733
-103.424817513
-104.079139746
-103.953801926
-101.120352982
-101.509119
-103.601349848
-103.127100789
-103.59907635
-103.031042815
-102.406708275
-101.470814128
-103.827174711
-102.825617319
-103.947675535
-104.518923391
-103.904768231
-103.003378749
-103.465072511
-104.45105484
-103.85641559
-104.075393947
-104.471283086
-104.245925844
-103.159991576
-102.949248863
-103.339446026
-102.554826882
-103.194621658
-103.638781055
-103.687972193
-103.68659694
-103.733778522
-103.87313155
-102.368518193
-103.580221232
-103.86900621
-103.280253498
-104.426581094
-102.74925232
-103.877030877
-103.917996533
-103.809576004
-103.934696379
-103.777310894
-103.657896734
-104.495980512
-104.086605829
-102.871857203
-101.675364825
-104.301709252
-103.659636468
-102.809921609
-103.988566091
-103.811721877
-102.950958839
-103.118778442
-102.177503777
-102.769601917
-102.635043902
-103.238498546
-102.69339803
-100.99482605
-100.71989703
-101.77079834
-103.450860813
-103.382743387
-103.089958466
-103.725213722
-103.171792988
-102.903249893
-103.732451379
-103.519571558
-104.555475534
-103.74883353
-103.355893099
-103.739397619
-103.129507749
-103.60579966
-103.895346875
-104.11198848
-103.25965129
-104.408192377
-103.672227545
-103.963259397
-104.403756832
-102.330087925
-101.022516221
-101.915908143
-103.10968243
-103.946143033
-103.702201165
-102.603559762
-102.596263912
-102.435814178
-102.75630031
-103.535895431
-103.76092409
-103.400606837
-103.719109203
-104.211638479
-103.609300335
-101.02090142
-102.758148849
-102.64239886
