linux; GNU C++ version 5.3.1 20151219; Boost_105800; UHD_003.009.002-0-unknown

-- Detected Device: B210
-- Operating over USB 2.
-- Initialize CODEC control...
-- Initialize Radio control...
-- Performing register loopback test... pass
-- Performing register loopback test... pass
-- Performing CODEC loopback test... pass
-- Performing CODEC loopback test... pass
-- Asking for clock rate 16.000000 MHz... 
-- Actually got clock rate 16.000000 MHz.
-- Performing timer loopback test... pass
-- Performing timer loopback test... pass
-- Setting master clock rate selection to 'automatic'.
-- Asking for clock rate 32.000000 MHz... 
-- Actually got clock rate 32.000000 MHz.
-- Performing timer loopback test... pass
-- Performing timer loopback test... pass
1024
Using Volk machine: generic_orc
gain = 38.0
-103.317541476
-102.666670075
-102.695705202
-101.637383135
-104.372411305
-102.519913571
-101.6898088
-104.256213871
-103.096151546
-103.128806271
-102.873378058
-104.070546012
-104.02528304
-102.389168919
-104.59480989
-103.359477715
-103.13449768
-104.142934589
-102.847845573
-102.748266032
-102.42656021
-102.005859297
-102.921237074
-103.693817074
-104.236988458
-103.780392319
-105.389363763
-102.994759667
-103.879109995
-103.788499323
-103.383585247
-103.602399946
-103.273366054
-103.148527793
-103.749011452
-103.646544692
-104.940511038
-103.98592438
-103.28965563
-103.491196687
-102.864417958
-104.377011882
-103.788199577
-104.326575768
-103.573052459
-101.814733056
-102.553406743
-103.657933048
-104.320748798
-102.981113907
-103.576579746
-104.336468033
-103.185553429
-103.967817213
-103.725837389
-103.170181025
-103.892229284
-104.739556381
-102.981510348
-101.304767509
-102.474998851
-100.325982582
-102.223493415
-103.304172561
-102.279350341
-102.658777031
-103.088500131
-103.659962699
-100.134667084
-99.6679857682
-101.13722864
-102.910333244
-103.408197188
-102.516012636
-103.728298281
-103.730863893
-103.225056293
-102.650715628
-102.630921526
-101.281978251
-103.317392589
-103.009616632
-103.770405432
-101.893617454
-102.490150786
-102.804722077
-103.4194172
-103.322453865
-102.138533546
-103.485268008
-103.770927197
-104.295539552
-103.496641814
-103.370406926
-103.422434419
-104.303471689
-104.146529361
-103.107426346
-102.882789931
-102.438342723
-102.625157054
-103.821694256
-102.126120521
-101.991386928
-103.710634889
-104.36975502
-102.588757192
-103.33469553
-102.533458456
-102.653936298
-102.265284277
-103.203593559
-104.041809112
-104.408637968
-104.604613754
-103.540917017
-102.51336041
-102.646650136
-104.428502704
-102.385820649
-101.977932657
-102.393729234
-103.425923836
-103.446954709
-103.742141082
-103.086664072
-103.13206358
-103.467389251
-104.019601983
-103.633062246
-100.58674714
-100.927128805
-102.625167754
-103.079163533
-103.596804041
-104.111927395
-103.166699444
-103.86178398
-104.235157688
-104.458669478
-103.484226819
-103.163772868
-103.374882204
-103.625357966
-103.223579103
-102.936352733
-102.438061855
-103.284913477
-103.073077326
-102.611770703
-101.811364528
-102.972079334
-102.800170888
-103.074516701
-101.677442249
-101.68383322
-103.010662207
-103.1850639
-103.84701491
-103.967212563
-103.9290638
-103.075492373
-103.291947055
-103.836603204
-102.100677126
-102.182138727
-101.03735016
-101.920868244
-103.551680582
-103.52407312
-103.087186054
-102.222714723
-102.782913501
-103.931244547
-101.864789068
-102.86705996
-102.416970054
-100.500274649
-102.788282127
-102.904843157
-103.678774338
-102.914016014
-102.216134375
-104.351425402
-103.544088831
-102.862716973
-103.292272092
-102.986180911
-103.28317318
-102.149373196
-102.576750487
-101.952605173
-102.35631009
-103.974932805
-102.312958293
-102.566070947
-102.317905049
-101.986760565
-103.272318389
-104.948722414
-103.860423678
-102.945812563
-103.417095365
-102.804418295
-102.705664305
-102.592825943
-103.061056723
-102.891509483
-102.455768764
-103.696813156
-103.93370506
-103.747493541
-104.644214067
-103.540855961
-104.256041271
-104.296273267
-103.377138937
-102.226097272
-102.967613205
-104.07663182
-104.016323031
-104.363490982
-103.908884171
-102.188277813
-102.876285328
-102.61747672
-103.65602387
-102.780529275
-102.4055532
-103.063816978
-102.938485911
-104.425328652
-104.334035927
-104.656643156
-103.467930271
-104.414129646
-103.817673787
-103.708551363
-103.387322043
-101.900826281
-101.588438481
-101.036183497
-102.395302149
-101.601004711
-103.272198231
-103.413025692
-103.633529468
-103.311257407
-102.606203748
-102.486989888
-102.29804098
-103.633796839
-101.830078438
-102.263257269
-102.509391864
-102.906351853
-102.978079174
-101.88112392
-102.734824579
-103.714951742
-103.229630468
-102.908462008
-102.763473794
-104.657766947
-104.544758644
-103.523500168
-103.143958365
-103.606667768
-103.78800001
-103.711410945
-103.121960474
-103.377105928
-103.296213918
-104.015034525
-103.325296738
-103.235649338
-102.696463851
-102.939088921
-103.57089439
-103.951413595
-103.482143428
-104.015186258
-102.529836149
-103.211865699
-102.474743535
-102.852792886
-103.586666409
-105.004697841
-103.595943689
-102.49084997
-104.379135571
-104.075866841
-103.001094904
-103.07057679
-103.154816453
-104.100987577
-104.262116712
-103.247701483
-102.948193359
-104.022678748
-102.938934431
-103.04666794
-102.134364034
-102.334502748
-103.544317162
-103.261830168
-102.970087385
-104.179184823
-103.967519013
-102.8438447
-103.528194488
-104.669836235
-103.71202669
-102.458968243
-103.379796614
-103.419112712
-103.288387742
-102.495201508
-102.436582195
-102.44983094
-104.064150115
-103.588032753
-102.019411564
-103.479730086
-104.276274988
-102.839736614
-101.865321165
-103.631066998
-104.26076499
-103.733050707
-101.522468652
-102.778265875
-102.92791141
-103.30727484
-103.914305402
-103.344040659
-103.443249709
-102.676643505
-101.145959763
-102.572252802
-103.568180075
-103.357243145
-101.813098835
-101.854783138
-102.14406893
-103.504267134
-102.263189958
-102.902484459
-102.652600367
-102.093493433
-103.665901536
-104.447065342
-102.657154114
-103.664266187
-103.689624254
-103.687529362
-103.738501827
-104.698664899
-102.662424541
-104.121834725
-103.164691202
-103.453459371
-103.54913493
-83.8566393518
-83.9827112094
-84.2507661994
-84.4607200739
-84.3275351537
-83.9235580546
-83.4290761121
-83.0975938432
-82.8873618943
-82.7955932223
-83.1446632854
-83.7929034823
-84.1141519814
-83.9032850256
-83.3761029284
-82.828578602
-82.5341584623
-82.5766241585
-82.9274671763
-83.4574486981
-83.8234193408
-83.6053492699
-83.0907145477
-82.7138050379
-82.5721561314
-82.8440652821
-83.6216735496
-84.2951899442
-84.076611268
-83.5238681717
-82.9778473518
-82.3638387037
-82.1894622785
-83.8365572016
-84.5783383673
-84.9284587877
-84.7633551746
-84.1950314883
-83.6530419943
-83.6496656795
-84.0696152884
-84.3905784817
-84.5445974911
-84.5825159778
-84.4037540442
-84.1664144146
-83.8210056541
-83.3879682112
-83.4404177394
-84.0293757544
-84.4547611342
-84.552634665
-84.5630652577
-84.4320066019
-84.0571448412
-83.5311216605
-83.2103231713
-83.3420727344
-83.5047891135
-83.3328428153
-83.1644445125
-83.0944825225
-83.0554677116
-83.1179954977
-83.0975422585
-83.0151883759
-89.8297375722
-89.0647023472
-88.4423147705
-89.0986297924
-89.9556455602
-90.6152100465
-92.3185252511
-91.5825463542
-89.6895287083
-89.5377880126
-89.2733058591
-88.5404998232
-87.8808110223
-88.3487350914
-90.6262168344
-90.5654458935
-90.0597479378
-91.0809350812
-90.0912802479
-89.5376393801
-88.8937128001
-87.8743223733
-88.1602715814
-88.0852000989
-88.4417510931
-89.9360313186
-90.9614905834
-91.1181703565
-89.9441754374
-88.8067749548
-88.2148864942
-87.7444305555
-87.7295543106
-86.7475402436
-86.6626038318
-86.7635927303
-87.0474749619
-87.2441270517
-87.1925390737
-87.234600479
-87.4575784254
-87.4962375784
-87.3786033823
-87.0815782358
-86.7761246566
-86.809109545
-87.0473899117
-87.1281487297
-86.8217722379
-86.6376240922
-86.9539081977
-87.2130174354
-87.1072935023
-86.9941315302
-87.0372572882
-86.733961503
-86.4527192682
-86.4411358031
-86.3722211507
-86.4454196151
-86.5568623522
-86.6471345745
-86.9436609217
-87.1687008308
-86.9531200123
-86.6239793695
-87.8921237235
-89.3572868713
-89.1442126307
-87.4841373606
-87.1614099548
-87.7745578803
-87.669798573
-87.0415950462
-86.8020842877
-87.2837838384
-87.6744737984
-87.7861315559
-87.6214415681
-87.8479920534
-88.2849578391
-88.3158095406
-88.6925756258
-88.6281558988
-88.5574131813
-88.6712358053
-88.5767731466
-87.4876936338
-87.1896343171
-87.1586247563
-86.5519639413
-86.8734796289
-87.1193604712
-86.50325104
-86.4568615786
-86.8782648186
-87.2471374322
-87.9101473861
-89.1236833977
-85.8025280221
-86.0135445376
-85.5182463888
-85.1960270081
-85.055195218
-85.0416744966
-85.4143457357
-85.9376957047
-85.8243796738
-84.9355072795
-84.2728758326
-84.7335708981
-85.9952842525
-86.5663414288
-85.9936583941
-85.3957919083
-85.048065685
-85.1608511489
-86.0138506377
-86.5669046579
-85.8569702963
-84.7482338172
-84.2908415649
-84.8350112112
-85.8080945438
-86.0543445077
-85.3043981982
-84.5166148353
-84.6975043615
-85.9549113122
-86.5308042907
-85.3405650149
-84.4196685807
-94.91234038
-96.1188075253
-96.2015631675
-94.4606226399
-94.3806401428
-94.7375278695
-94.8317422535
-96.8014088081
-97.0402605146
-95.3438790376
-94.8529667423
-97.3134459964
-96.5247093688
-96.0445088019
-96.6004172664
-94.5736039332
-93.734280374
-94.8209934897
-95.0318133917
-95.2584134057
-95.5095611637
-95.0757009981
-97.5572702643
-97.8732819965
-96.7336289171
-94.2917033953
-94.2384350151
-98.4376492417
-98.0723952588
-96.3981533429
-94.6906381257
-92.4991870469
-93.4058426457
-83.8318191802
-83.9393250842
-84.2694417366
-84.3273908155
-84.4268989332
-84.6721918546
-84.4545913534
-84.4539269595
-84.8130742843
-84.9403295428
-84.7074255107
-84.4624779334
-84.366953335
-83.9285631791
-83.307923325
-83.2122731292
-83.3948504542
-83.5381196281
-83.9647112052
-84.3367967907
-84.7432312641
-85.5095347356
-85.6297577656
-84.7984167612
-84.0805512707
-83.4803293905
-83.0843739594
-83.2604843899
-83.5179758906
-83.525713655
-83.259618145
-83.4106311776
-83.7390591322
-84.1828120892
-84.1322375133
-83.5881277708
-82.8859227034
-82.618943645
-82.9707257241
-83.4714943009
-83.6406709318
-83.4527249566
-83.3623940066
-83.7083625332
-84.1763119816
-84.2523433659
-84.0444924886
-83.7998689421
-83.5553943992
-83.4503851533
-83.2640184199
-82.9328733387
-82.7751244079
-82.9244416313
-83.4419515552
-83.9558474654
-83.8724549075
-83.4238127495
-83.2536041793
-83.4278215673
-83.4583311042
-83.1735250265
-82.8177342425
-82.7604138502
-83.2678269891
-83.9309554098
-85.1014546253
-84.6584941221
-84.1507668127
-84.0453640239
-84.4847884456
-85.4330699632
-85.9530300927
-85.4612335149
-85.2568729663
-85.2911674781
-84.9977562246
-84.7146215911
-84.6927225299
-84.8611508693
-85.1645984096
-85.1352699013
-84.5529972763
-84.272150234
-84.674699892
-85.4135606556
-85.8395391912
-85.534543545
-84.9771465787
-84.2001160247
-83.3582124106
-83.2948801718
-83.8354732105
-84.0762167922
-83.9150418359
-84.311934978
-85.5794730124
-85.9364538343
-84.7331907878
-84.6152473117
-85.1672863577
-85.5519502145
-85.1810284651
-84.6777297978
-84.4308087777
-84.6557676689
-84.3614762848
-84.1367011617
-84.8708372737
-85.8129729415
-85.8022503063
-85.0250026209
-84.4846657636
-84.0581290925
-83.8138276262
-83.994467657
-84.5504163855
-85.2425063781
-85.6259323806
-85.6123157723
-85.4400721618
-85.45829628
-85.3496667994
-85.1518580447
-85.0923232215
-85.3069204932
-85.1227457411
-84.8080197772
-85.114110469
-84.4713124585
-84.0239640342
-83.9899531344
-87.820485056
-88.405962617
-88.4485692214
-88.7867453339
-89.5036145018
-88.4899635633
-88.6709204605
-89.5760209089
-90.2153976263
-89.8612068643
-89.5226817298
-89.6240639908
-90.2068437353
-89.9421753927
-89.587648126
-88.8979351304
-89.1072916428
-89.8298805019
-88.7759968271
-87.6284539671
-87.2571434878
-87.9243636693
-88.5728884194
-88.6960720185
-89.0576304521
-89.750181482
-88.876620433
-87.2791177266
-87.5812616987
-89.3073544816
-89.4371850508
-88.318812047
-89.4337807742
-88.7927536393
-88.8262896171
-87.8467062166
-87.4679909959
-87.7600687475
-88.2956946546
-87.5456225381
-86.489086425
-86.8850571529
-87.7624761209
-88.8752587081
-88.7229790331
-87.3536998894
-86.1437693752
-86.5918769713
-88.3484910517
-88.3063824264
-88.3197503913
-89.2831010698
-88.6618013825
-88.1148026547
-87.5724417509
-87.0592839036
-87.5362286322
-87.5107716435
-86.8738522667
-86.5249392824
-86.3973602402
-86.934444524
-87.4944142619
-86.3395362082
-85.5331438545
-85.9351195171
-96.8415505183
-96.2597190965
-93.8429004365
-95.0277667428
-96.4475081621
-96.4169434632
-96.0127182156
-97.2921549892
-96.8043633312
-96.8885986374
-97.6872764582
-92.7533660848
-93.2369085124
-99.6074022158
-95.5128452574
-95.3675832581
-95.4026693091
-96.1204492647
-97.7882028028
-93.9721533085
-94.9405710647
-93.9157966584
-96.0423604266
-96.064690375
-95.153668593
-93.0954124468
-94.9254850034
-97.922230232
-93.0464637551
-95.6813175629
-96.6743435398
-96.0125138296
-92.6309972171
-83.7208729511
-83.735455183
-83.7500750323
-83.3758807279
-82.780411623
-82.6437939209
-83.2545081609
-84.1790212288
-84.4260793383
-83.9173663195
-83.434712004
-83.2363457335
-83.2614566579
-83.2551063553
-83.0483356817
-82.8319281886
-82.784828894
-82.9053015281
-83.1628522932
-83.474077278
-83.4753884758
-83.1281112315
-82.551936547
-81.9579551594
-81.868285981
-82.3888947619
-82.9266339196
-83.0330278443
-82.9794285778
-83.0681714042
-83.1035562136
-82.9867306407
-83.0269767095
-83.6845876382
-83.6324242649
-83.9957422883
-84.4586639735
-84.4463325708
-84.1042918825
-83.7113398836
-83.2980001815
-83.1417802951
-83.4353328672
-83.9500504486
-84.4000029831
-84.7179269925
-84.7822478057
-84.4224715979
-83.700079842
-83.1281590246
-83.2039976631
-83.8494140117
-84.4628073817
-84.7629006913
-84.7752267228
-84.3204039567
-83.6803980225
-83.1495603706
-82.8781578907
-83.1978768845
-84.1484585766
-85.0698261203
-85.1319272295
-84.4250750201
-83.6173729825
-83.0411265418
-91.4953208448
-91.7960451599
-88.7620055558
-88.0971314198
-90.7242680268
-93.4482310948
-91.2238204562
-89.5804592893
-89.8725082625
-91.726753852
-90.48786776
-89.6994898515
-89.2339536699
-90.5457262089
-92.7397702044
-91.0114382626
-89.1128651962
-88.7195765004
-90.4250553248
-93.1854495311
-90.0677131814
-88.6157355453
-89.8799629968
-92.3610703529
-91.4622077458
-88.5895738291
-88.1818114585
-90.0123085039
-90.8522212783
-90.3035677153
-89.3368639112
-89.3343427207
-91.5115257135
-83.7671283192
-83.8678042194
-84.2866687385
-84.1112652936
-83.5663985784
-83.3715762425
-83.8028475761
-84.3395036914
-84.0629253609
-83.5743420013
-83.6846759786
-84.2845401655
-84.4640426114
-83.7719596464
-83.297587911
-83.5969656284
-83.9261892459
-83.7430390474
-83.5206790147
-83.5818298311
-83.7654011561
-83.6164013957
-83.006941839
-82.6418557537
-83.1113624421
-83.8226863159
-83.6873194625
-83.1230983644
-82.999903517
-83.2807558797
-83.2640218503
-82.824448339
-82.7064623622
-103.407032359
-101.641754558
-100.53361808
-102.343470276
-104.215339806
-103.882898415
-103.22268374
-104.383278127
-103.579955337
-103.613748139
-101.940327311
-100.917815966
-103.509400429
-104.277533397
-104.108984544
-102.784928208
-102.154026981
-103.060488004
-103.098747477
-102.772476715
-102.520904386
-102.080852146
-102.250552623
-101.401929264
-103.373792929
-102.987887574
-103.04824139
-101.887509178
-100.806875718
-102.356972285
-102.909922559
-103.502370165
-102.53488653
-92.2664220729
-91.8775752733
-92.358906603
-91.8537875403
-92.2562382073
-93.0398336035
-92.1118077136
-92.2457686526
-92.5895562969
-91.6315735215
-92.8884682451
-94.7586220694
-93.5994877424
-92.3995716331
-93.6653893715
-94.5794579298
-92.7887035083
-92.7774403904
-92.9251991089
-92.6176727273
-92.1385942471
-92.0441786403
-93.3056544924
-94.9528327461
-92.8865853363
-91.1779974701
-91.9386530503
-92.2863742541
-91.3118115009
-92.0157293533
-93.3191140846
-93.9579554248
-93.766502095
-87.168734023
-86.7231730261
-86.0722114641
-86.179588823
-86.507447282
-86.4732253382
-86.6694533673
-86.9050260787
-86.4085673216
-85.6478817926
-85.2948739048
-85.332023796
-85.4961031061
-85.6184325435
-85.7352720574
-86.0468437921
-86.1411333274
-85.752570226
-85.352775953
-85.1369499576
-85.3683997495
-85.9639443819
-86.0490584073
-85.640625623
-85.3841529658
-85.4450949254
-85.7797766012
-86.3209872787
-86.7269781403
-86.9777788387
-87.1064569893
-86.4880732794
-85.6761954123
-87.0550444437
-88.1823174348
-88.7210070171
-88.2958128079
-87.9772449132
-88.0010760845
-88.7884073752
-89.2327963494
-88.8198171055
-88.55771495
-88.1906737312
-87.6012437617
-87.4258987644
-88.1281379262
-88.9558152974
-88.7189621141
-88.2770915126
-87.6725386119
-87.8305319922
-87.9857285962
-87.0189532209
-87.1990647778
-87.8470064678
-87.6142667948
-87.5778173046
-87.7112044623
-88.0297622615
-88.536636203
-88.8032911913
-88.2329858745
-87.4176972713
-88.0360320422
-88.6174760824
-102.342494194
-102.340286217
-101.625700453
-99.1583196719
-101.509901376
-103.480073358
-102.457032694
-104.21636251
-103.152093427
-100.279104964
-101.680791276
-100.862027638
-97.1206243112
-98.7765200603
-101.093318582
-101.087567477
-102.889094096
-104.692774629
-100.88961232
-100.287258408
-100.966953613
-103.930303223
-102.400828867
-101.700985667
-102.107494356
-104.317584611
-102.246475372
-100.306515788
-101.378160953
-101.544692566
-101.23969664
-102.657350172
-103.967016414
-101.553102198
-97.9321980783
-98.3401677828
-97.9895632507
-102.930204545
-98.8601522938
-98.3872646213
-101.149830348
-97.896225722
-100.644722352
-102.492105081
-100.897179167
-100.447364198
-98.1100530252
-98.4544953074
-102.074996699
-98.8235090762
-100.335223605
-101.814933178
-100.056903616
-99.0979295967
-97.912213699
-100.571296045
-99.9611016178
-102.398292696
-101.053553728
-97.5538326039
-98.6209183989
-101.933678033
-99.2376921715
-97.8543798329
-100.335547556
-99.4521631393
-86.0528430834
-85.7327196596
-85.3831651641
-85.2179473862
-85.3987201063
-85.5044089205
-85.6108377953
-86.08333912
-86.3760933248
-86.1048369143
-85.8673538613
-85.9023794183
-85.9498979958
-86.0511071482
-85.9645979642
-85.5811435894
-85.2971927565
-85.2991671866
-85.5779765808
-85.7548299427
-85.7667168854
-85.8133215256
-85.9289241232
-86.1821576458
-86.4804487126
-86.3987676531
-85.9296556333
-85.8958956556
-86.4245367102
-86.6877926946
-86.3498713837
-85.8826636117
-85.7844968616
-87.1775251972
-87.264543142
-86.9674696182
-86.4123644872
-86.1000961927
-86.3929662242
-86.7586723307
-86.7563958108
-86.7461925035
-86.8180037166
-87.0183663809
-87.500505768
-87.3873271617
-86.6454392997
-86.2709544456
-86.329401013
-86.4959048364
-86.5752506554
-86.743031569
-86.8841190178
-86.6125345784
-86.4112540192
-86.5103520679
-86.5697260307
-86.2934985071
-86.0811401809
-86.666754686
-87.3813629195
-86.9490044188
-86.3398126257
-86.3889099181
-86.4880458029
-86.4646656764
-91.6204575435
-89.5330905979
-91.3369814193
-95.5722626633
-93.964620571
-91.3394872852
-90.2772352097
-90.3086491062
-93.2567583432
-94.3078593568
-91.1867263059
-90.8080921396
-92.3125839146
-93.533807715
-91.536966369
-89.6666493508
-90.3737254634
-92.2509306598
-93.564728963
-91.9629385169
-90.6080619281
-90.9954432349
-94.3559079879
-92.5910837918
-89.2922641581
-88.9108128999
-91.5765198363
-94.6338449906
-91.5789722029
-89.9273182007
-91.5450649895
-92.6909790497
-91.2889330504
-85.9786576022
-86.0635228684
-87.3870349046
-87.9674445938
-86.4685297185
-85.3635138801
-85.5131984544
-86.4086217204
-87.1843635861
-87.1668208774
-86.2622977122
-85.6468043211
-85.716166104
-86.0444855184
-86.8876001675
-87.3063028348
-86.1990668144
-85.5930458897
-86.0205231621
-86.6298294384
-87.4105786632
-87.5430931882
-86.5101429018
-85.4106712922
-85.420957714
-86.3369539688
-87.3437519007
-87.1671500343
-85.6453290308
-84.9055753545
-85.4820647018
-86.7337541552
-87.1634541133
-86.147675847
-87.8739889298
-89.153644927
-89.2514459083
-88.4780669899
-87.422578716
-87.3719333111
-87.5108850819
-88.0734260509
-89.6893545516
-90.2614849954
-88.440197827
-86.9723509959
-86.0844792322
-86.2382409198
-87.5845795282
-89.5692857548
-90.1798670303
-88.8664258718
-87.2564378159
-85.8176178852
-85.7414917824
-87.0484218993
-88.5764831651
-89.4389530596
-88.5825739286
-86.8198095344
-86.0182041968
-86.3842671509
-87.8546274754
-89.0307430361
-88.7953193523
-87.7086985523
-86.2410157388
-87.313742127
-87.6771617054
-86.4270285515
-85.3467008255
-85.5143591866
-86.2356786691
-86.4864488655
-86.6052007755
-86.3724084274
-85.5589755965
-85.341219748
-86.1600349076
-87.5340399949
-88.161989786
-87.2322023165
-86.2004535587
-85.8135413331
-85.9951085307
-86.8540263299
-87.5579139671
-86.9884633515
-86.1499879151
-85.7988591446
-86.1478632661
-86.8651658681
-87.351598837
-86.6380087372
-85.5511500283
-84.9374389464
-84.7676155802
-85.3951173396
-86.1878101226
-88.9208236426
-89.2472142862
-89.2660651867
-90.0998803922
-89.3879865919
-87.6236671037
-87.2463092153
-88.13144149
-89.6248968064
-89.9406969099
-89.4358213328
-88.9565893682
-88.4545479059
-88.0262459423
-88.2837521559
-89.3073023246
-89.7756068783
-89.4654562147
-88.4177318791
-87.7933218243
-88.0482943069
-89.4988980241
-90.3024086685
-89.8436115151
-88.5431856897
-87.4652277758
-87.2830446154
-87.592782242
-88.7070856387
-89.6981690564
-89.2330827903
-87.9994127105
-87.1897319934
-90.821623744
-90.3328129945
-90.8338160119
-91.7414606419
-92.369517592
-91.6365960638
-93.4369362823
-94.5527318776
-91.165628292
-89.6602678503
-90.1246597323
-91.1633661275
-93.5030045434
-94.9608961509
-93.5800233585
-93.1377025776
-91.9350274013
-90.982044167
-90.6574198874
-90.2472825288
-91.7264224164
-93.7528473555
-93.2844162547
-92.2398450851
-90.379183434
-88.9292929711
-89.4795158
-89.7217077079
-91.2323915032
-93.0772978497
-93.944192453
-93.0161199018
-90.0006409232
-94.7839465887
-95.1794270813
-93.9523743437
-93.7631726963
-93.8566405191
-93.8378771524
-94.7863579953
-97.1528699414
-94.7195532086
-93.5987257844
-94.2970855537
-95.5525314766
-94.999114876
-94.0921971454
-93.9786674755
-95.3560687671
-95.2399767693
-95.4798035031
-95.5976783912
-93.7236381895
-95.2028658769
-95.033816177
-94.0287848933
-94.7411787426
-94.9982997301
-93.9748608334
-93.9758625403
-94.0453300164
-94.4846096065
-95.0055811244
-95.1690189078
-95.5081604243
-94.0006401842
-90.0838144249
-89.2161601434
-89.4900400873
-90.652223173
-91.472557856
-91.1961032764
-91.1473752296
-91.3144496592
-91.5493093925
-91.5991642642
-90.9892991386
-91.0707984097
-91.8458085377
-91.9243540234
-91.4015251929
-90.6668951915
-90.3877677309
-91.0152594072
-91.2352684082
-90.5143310381
-90.9962749759
-92.7944230103
-92.2220725264
-91.2844886745
-92.0125687672
-91.5829583437
-90.9717171161
-91.3010234752
-91.2695939726
-90.1083003635
-89.4175849032
-89.8835630076
-91.0647636
-84.5339221518
-84.4925611078
-85.2442964335
-86.1005641819
-85.8726784986
-84.804236116
-84.4284216887
-84.9272398174
-86.1568246693
-87.6399108664
-87.4172244356
-85.7254270358
-84.8991994138
-85.3174048007
-86.0944184279
-86.1932048115
-85.2135028601
-84.2449275965
-84.2531230098
-85.0733613129
-86.2453834048
-86.7470683197
-85.9510155465
-85.2983077796
-85.168133185
-85.1970711827
-85.3824265554
-85.5364783987
-84.9268816762
-83.8200083887
-83.9308429165
-85.0367149039
-85.5322864009
-85.4864244992
-85.3112291414
-84.7871566908
-84.2448222554
-84.1307876447
-84.4265293258
-84.8301598949
-84.4246254634
-83.7620974879
-83.8340066334
-84.287825555
-84.7201992485
-84.9259064493
-84.4942214762
-83.8257640953
-83.7617108531
-84.2436249856
-84.7580167118
-85.0080635625
-84.7274994289
-84.1601554061
-84.0398426381
-84.3357931485
-84.6160744206
-84.5224553439
-83.9748974502
-83.5680239961
-83.6769815185
-84.2297129506
-84.7985654241
-84.6693877478
-83.9607625957
-83.3192560952
-94.844953359
-97.4992686897
-94.3258966353
-92.81190602
-93.0121981324
-91.6811504264
-91.7672352842
-92.8458090181
-94.4435145378
-97.8825336681
-96.2900088214
-94.791571497
-92.4373262543
-90.6021911868
-91.5562317752
-92.5646926986
-93.0005877071
-95.3699716492
-96.419804174
-93.5926733744
-91.8581125265
-92.3265894219
-91.9863951023
-91.4810803569
-91.4219324314
-93.4024754956
-95.3826535376
-96.0682210527
-94.5832328027
-92.8378834566
-90.5836264244
-90.1269252234
-92.3610220257
-97.5695091629
-95.344801515
-99.0011675875
-102.416128608
-99.486080721
-100.530251093
-101.749675607
-100.035872195
-98.7100337762
-100.190822129
-103.278194755
-99.8698905214
-99.130066381
-97.8406501192
-98.5771405693
-103.073564653
-100.125532702
-99.1238672766
-102.261093191
-100.662304086
-98.9491780495
-100.550075858
-101.225514692
-99.921055334
-100.206747032
-101.544874309
-102.833708429
-100.551918682
-101.401203184
-99.3956326438
-100.309064522
-100.037910833
-99.8432743423
-87.7585325668
-87.4409359607
-87.3006317831
-87.2655755211
-87.0883157047
-86.9565380213
-87.1330433196
-87.4244497903
-87.8172075036
-88.2403623079
-87.9360781526
-87.2625100755
-86.8814641231
-86.6917972854
-86.6616328382
-86.5627390408
-86.4414178725
-86.5717896516
-86.5320522289
-86.5229145986
-86.6984977862
-86.7358056659
-86.8894702406
-86.8873231332
-86.7529487958
-87.130497152
-87.5061514021
-87.1933125908
-87.0236859574
-87.4399084363
-88.0457074215
-87.9822108818
-87.5330876115
-86.1670372715
-86.0752344047
-86.2944379642
-86.2603349695
-86.1623757146
-86.1415620909
-85.938291373
-85.7196925406
-85.7981800771
-86.1697916509
-86.5871937636
-86.8143593702
-87.0531027401
-87.1713100941
-86.9360771935
-86.8480432057
-87.2175426961
-87.6535356277
-87.8730699234
-87.7576530538
-87.3999211921
-87.0107461917
-86.8465337914
-87.032985136
-87.0370354539
-86.5171468382
-85.9474116018
-85.8149826973
-86.143441498
-86.689429096
-87.2332960181
-87.4522728003
-87.0373339617
-95.4314016063
-92.8723506269
-94.2202592508
-96.5988418965
-97.5724623489
-95.1475021103
-93.0808430963
-93.4404078589
-95.1322324709
-98.1127949232
-96.2832363063
-93.3590165334
-92.2641955308
-94.679350013
-98.0570648822
-95.3890195436
-93.0563720474
-94.2510352326
-95.0385346079
-98.323959211
-96.6415498867
-91.8605006911
-92.3506667204
-95.274610875
-95.4781285231
-94.36969867
-94.113675405
-92.6263134438
-93.6108672886
-93.9840050433
-97.1852721615
-94.804369618
-91.3196078107
-84.6804198719
-84.4467528506
-84.6359603822
-85.1619934419
-85.4839205482
-85.2258772301
-84.6804974093
-84.228890375
-84.263557748
-84.9897271136
-85.7725952205
-85.920771397
-85.6635209009
-85.0552914025
-84.3119641794
-84.1191290749
-84.7871378139
-85.2122035629
-84.6990790886
-84.2325958725
-83.886413669
-83.7300240699
-84.1258941825
-84.7513127623
-85.0989582337
-84.8710697622
-84.1685822346
-83.5601582144
-83.6056294519
-84.4624118207
-85.5307754244
-86.035879355
-85.373008181
-82.8131593189
-83.0040280463
-83.5164186292
-84.0244952986
-84.545810126
-85.0656162514
-85.0815059626
-84.5401783148
-83.9102697075
-83.4574437664
-83.3283048321
-83.4451674478
-83.6805396092
-83.9288050414
-84.1971788246
-84.70918506
-85.0822013139
-84.8190031904
-84.3269066191
-84.0250721006
-83.6801663021
-83.2480577765
-83.0821022473
-83.1149697998
-83.3244298351
-83.7974920624
-84.4645423421
-84.8175140728
-84.4763156337
-83.9240981426
-83.3551381879
-82.996903715
-82.8916154243
-101.848639723
-102.484551571
-104.081465529
-103.48013603
-103.771426056
-102.319329723
-102.459561379
-102.414752549
-102.626807398
-102.149628743
-101.551844458
-103.529621973
-102.792506196
-103.244057183
-102.857320269
-102.742956718
-102.82213369
-102.20845701
-102.837460374
-101.215972976
-101.683152496
-102.574135512
-103.651642462
-102.684255157
-102.79446312
-101.643398898
-100.513652948
-101.271739631
-101.903637439
-102.145597719
-103.065807587
-103.201358174
-102.987242546
-86.0895690624
-86.1381614254
-87.0514829234
-87.5252881655
-87.0876082367
-86.1907093661
-85.4607716299
-85.7513980404
-86.7199765298
-87.2619316427
-86.865231702
-85.8718846046
-85.0843405264
-84.7643436356
-84.9244924136
-85.2485856922
-85.4410177791
-85.848828162
-86.2628365421
-86.3055295169
-86.2995902833
-86.210648964
-86.0732201054
-86.383559577
-86.9448311734
-86.9610881705
-87.2296550677
-87.0779773555
-85.9936495508
-85.7141016687
-86.1998111333
-86.5438774254
-86.3938868975
-83.8974361467
-83.6232527183
-83.5757833407
-84.0504612329
-84.3824376499
-83.8410849081
-83.0961030849
-82.8966894666
-83.1586227589
-83.6199590484
-83.8599257421
-83.6541977263
-83.483391623
-83.7559716451
-84.1298935647
-84.220665694
-84.0684039416
-83.8501397838
-83.8844534153
-83.8697633796
-83.4907155576
-83.5622593851
-84.2599363097
-84.6326124489
-84.1185218959
-83.4137888888
-83.1873325282
-83.2856581099
-83.2943114501
-83.1006417318
-82.8830932793
-82.9297118127
-83.2979859199
-85.7427864988
-86.3131950583
-86.2646562286
-85.2654167354
-84.3949528218
-84.235009601
-84.3330474227
-84.2929938801
-84.556418332
-85.2295040571
-85.8263455957
-85.8945544874
-85.1603278918
-84.4508648986
-84.2316270058
-83.9490070438
-83.6719550599
-84.042292871
-84.7883558471
-85.0212096436
-85.1208985531
-85.1361091884
-84.7164113177
-84.3350325439
-83.7064335246
-83.042672708
-83.2179852767
-83.9980189839
-84.6467987405
-84.9997116278
-85.4243951158
-85.3476800208
-84.9517628931
-102.999353416
-102.977775567
-102.463399934
-101.660189228
-102.149622264
-100.004811839
-101.335666882
-101.377530829
-100.800325295
-98.8464834931
-100.341313417
-103.632048464
-101.957330162
-102.126721716
-101.82242541
-98.6851312662
-99.3085985688
-103.349745693
-101.999421456
-103.532182935
-97.257724241
-97.1250630703
-101.58816016
-103.247696476
-104.424557929
-102.496816667
-103.005237369
-99.0807487032
-98.1946460593
-100.238310075
-101.981200567
-101.216200842
-100.520545133
-87.3895575506
-87.3081318128
-87.2691227094
-87.0908072401
-86.8052323028
-86.689080914
-86.7764485993
-86.7986458283
-86.5174751558
-86.2350573587
-86.4340237326
-86.8675640425
-87.0907171971
-86.9914409162
-86.4364671655
-85.9041273834
-86.0015734972
-86.4515216088
-86.6570733383
-86.7377832419
-86.9517876424
-87.2406620808
-87.2922192904
-86.7913746945
-86.1784419258
-86.113026862
-86.5514396676
-87.0296676919
-87.3695654475
-87.8142487555
-88.2755100306
-88.1111117769
-87.44730255
-88.3359708062
-87.6897603816
-87.1671924316
-86.8960159074
-87.1768376218
-87.7767626973
-87.2608549238
-86.8094369276
-87.6984241745
-88.4952608118
-88.1643434058
-87.8881269448
-87.9921735791
-88.106511168
-87.969984949
-87.3238606852
-87.1093739264
-87.7866575512
-88.1780871456
-87.6698934769
-87.2724850119
-87.2673505047
-87.879739147
-88.8313731356
-88.8832837776
-87.7658640419
-87.1956896336
-87.2725632548
-87.569329905
-88.7443370887
-89.1470166974
-87.647906446
-86.9531806755
-84.3210340122
-84.0785055612
-83.9034822603
-84.0867828055
-83.978967121
-83.467382974
-83.5913724111
-84.2265528295
-84.4455591145
-84.4818623449
-84.6313374445
-84.2480588997
-83.3062035934
-82.6441296109
-82.4485716701
-82.559690254
-83.0616147725
-83.5911162644
-83.6244187192
-83.3411651838
-83.1086470975
-83.1011782131
-83.3444108015
-83.6357348795
-83.747020217
-83.8561513255
-84.104731068
-84.313193271
-83.9617186961
-83.1025335469
-82.5625285429
-82.5703421363
-82.8011181931
-90.447816919
-90.0241920635
-89.5740115036
-88.9799450343
-91.2123748632
-92.18792794
-91.8122019547
-92.6039805735
-92.2755915362
-91.6027053536
-90.3065738416
-89.0271691368
-88.971991691
-90.4582730249
-90.5115675508
-90.2185076014
-91.1780094063
-92.8898355981
-92.4698995128
-92.2645144508
-91.4999703501
-89.5358616397
-89.349864894
-89.8907784033
-89.8909307519
-90.2270421678
-91.1897709196
-92.7013332936
-91.459430911
-90.0215984244
-90.2412482371
-89.4659841933
-88.570999385
-92.7230227377
-92.3740358015
-93.0436020986
-92.5710328055
-91.7749611563
-91.8415189587
-92.1685131592
-93.6693212617
-93.612796065
-91.967535881
-91.740533992
-92.1305600827
-92.4513297909
-92.1177381478
-92.1268981712
-92.2450373555
-91.7849162924
-91.9307071904
-92.302489802
-91.8823322736
-92.0093141162
-92.8905796858
-93.0502859746
-93.1658171702
-92.3488723929
-91.9805147803
-91.1014210605
-91.0754644929
-92.9173313544
-92.89584801
-92.5909924391
-93.5770008944
-92.7919779474
-90.0914046838
-90.7023788199
-91.397061789
-90.5061747988
-90.3038675565
-89.988039468
-89.7543634146
-89.916645126
-89.2091198169
-89.2224615296
-90.3880527108
-91.3809253762
-91.8016371477
-92.3922610364
-90.4864481013
-89.8545517858
-90.5752026203
-89.9440616377
-89.8892931615
-90.2017722267
-89.1809025197
-89.6687330065
-90.7008151052
-91.6139379503
-90.6479335167
-89.5513125594
-90.9611045049
-91.2953790638
-90.0185127771
-88.5101322379
-89.1507155844
-90.6484339051
-90.1864226683
-100.339694145
-101.717046991
-101.836068798
-98.6953004253
-99.2542635691
-98.1460849907
-102.428047789
-101.152309515
-99.4894085981
-100.445123358
-102.771133729
-101.651530578
-103.210914834
-102.07584261
-102.330465112
-98.3121221371
-100.874042333
-103.598211929
-98.1368604545
-99.0908420833
-103.114612075
-103.317361727
-99.926152809
-101.790105134
-97.772088182
-96.1188085596
-98.4112970263
-99.9469220717
-97.9419732332
-99.2267398046
-98.3317976805
-103.44356986
-101.486294088
-103.760629997
-103.924062451
-101.997023049
-103.080703841
-102.169504284
-100.660393967
-102.286675066
-103.529026923
-103.255954152
-104.220631939
-103.312261326
-102.446102586
-103.105374263
-102.626470395
-102.296210944
-103.004313324
-102.865538259
-103.2280567
-102.691595047
-103.949569858
-102.514972188
-101.45292026
-101.522679529
-101.255228912
-104.338059735
-104.090005151
-102.868996941
-102.383738796
-102.626371468
-101.956588336
-102.06891558
-103.858848274
-104.584978611
-102.949384714
-101.589155546
-102.584480823
-102.106454409
-103.576103492
-102.748007224
-103.130946783
-104.501686726
-102.265024229
-103.247539953
-103.095994911
-103.101816752
-103.983350298
-104.31774601
-101.512670122
-102.494680934
-104.237379939
-102.787114039
-101.458610975
-103.221236548
-103.021240165
-103.379100308
-102.414172938
-101.925510566
-102.341324918
-103.60989778
-102.844695376
-103.374728245
-103.554990658
-103.119817904
-102.816989341
-104.940245412
-104.250542287
-103.783294705
-102.509366523
-103.286969009
-104.428797064
-103.327535664
-102.853773637
-103.332943003
-103.904551977
-103.765190106
-102.288108261
-104.266948754
-103.677318355
-102.789113879
-102.396637215
-100.848860663
-102.936980304
-103.606580768
-103.82657026
-103.009453293
-103.430359952
-104.588198852
-103.611566491
-104.064677376
-104.051541929
-103.338034371
-102.532838156
-102.132719139
-102.607636939
-102.251264155
-103.242304845
-102.910331391
-102.76424975
-103.110684792
-102.488096781
-104.120343573
-103.951124368
-102.122624826
-102.60724843
-103.813334259
-103.833804782
-103.177932186
-101.639625913
-102.974543838
-102.671228963
-103.552353565
-103.162086651
-103.830549359
-103.675876489
-103.992324474
-101.880127041
-102.476485791
-104.361904168
-104.317534228
-104.30946899
-103.587766019
-103.757281076
-104.050828336
-101.976242345
-101.694684258
-103.994633149
-103.85029344
-103.776499979
-103.483529425
-101.429842528
-102.608377765
-101.889901067
-103.166626395
-102.576307543
-101.911606311
-101.547829264
-103.87227557
-101.979220387
-102.016244981
-104.39662693
-103.795912222
-102.671188047
-103.275896464
-103.719726785
-102.38516225
-103.530109896
-103.814270719
-102.963887849
-103.144479457
-103.508913408
-103.221522497
-103.145129689
-102.492188375
-104.261336902
-103.847147475
-103.557353369
-103.669658079
-102.872452563
-103.627428904
-101.362871574
-101.293783349
-103.552998724
-103.563277261
-103.657404144
-103.474160187
-103.676903871
-101.707947975
-102.694163034
-103.370435764
-103.338525774
-103.954829265
-103.344936824
-101.482850264
-100.386799741
-101.639700123
-103.297079339
-102.810983571
-102.699170318
-103.447491092
-103.295060855
-104.505269739
-103.485452022
-104.005082697
-103.366430139
-102.361015332
-102.055581524
-102.776298269
-102.214242764
-103.146875202
-102.934376789
-103.074103662
-102.969061861
-103.169114036
-103.05508266
-102.225833228
-102.43866073
-102.387225349
-103.875341459
-103.843498819
-102.713878327
-102.26598039
-102.960621137
-102.256928992
-103.364741561
-103.206276351
-103.136721028
-104.915765306
-103.058147418
-102.749720997
-103.100040541
-102.592853498
-103.383784631
-102.8450391
-103.14436637
-102.821933379
-103.926366328
-103.377286448
-102.594352062
-103.34529896
-103.889727536
-102.53824689
-103.764790835
-104.609587246
-102.911846629
-102.659553157
-103.280694015
-103.007554342
-102.884894191
-102.3484115
-102.644060417
-103.300720786
-103.661475649
-104.561938891
-104.031248944
-102.931117298
-102.73786489
-102.331627413
-102.909358162
-101.430894531
-103.348740588
-103.689053424
-104.527926634
-103.217497382
-102.191933557
-102.807240549
-103.579852298
-102.565518991
-103.292118
-103.688921534
-103.605865986
-102.701205102
-101.232525801
-102.243105257
-103.983649982
-103.222718913
-102.76853777
-101.41051878
-102.010800759
-102.397806935
-102.234687825
-101.281067381
-102.284307598
-102.904970532
-103.473878205
-102.402842826
-102.69701036
-103.089011072
-103.177675036
-104.275219474
-103.75815898
-103.704104434
-102.702825726
-101.285830551
-103.335656521
-102.317436547
-103.035020735
-103.592821597
-100.947490551
-101.489791854
-103.235256296
-103.732550639
-103.072043862
-103.059570346
-103.896176028
-102.557431961
-102.030578643
-102.982304909
-103.46916107
-103.577403144
-104.765901888
-104.463092614
-103.834510713
-102.555317154
-102.312313538
-103.314587421
-103.78229054
-104.046889423
-102.135993532
-101.727368542
-103.306987249
-103.639144803
-102.918932578
-101.708590449
-102.410176171
-103.034391229
-102.658059609
-104.026442025
-101.861213671
-103.477674186
-101.899587032
-102.269633414
-102.578089316
-103.097866517
-101.209125016
-101.89800031
-102.105459352
-102.221126141
-104.273957086
-101.947218329
-101.862755467
-102.997814589
-103.544056315
-103.386864029
-103.117999009
-104.234988437
-102.821168528
-102.832848072
-103.326690664
-103.162193002
-103.599488177
-102.57499013
-103.195442335
-102.723342353
-102.913422037
-103.797685035
-103.881585937
-103.744646034
-103.101848379
-103.70608828
-103.877795188
-102.477289823
-102.917929579
-101.827500741
-103.108913355
-103.539334119
-103.920315897
-102.811620149
-103.154535515
-102.994966222
-103.550950442
-103.94192625
-103.521142291
-103.101486299
-103.241861538
-103.371905385
-104.193782348
-103.353665502
-102.611994129
-102.674099306
-102.841020448
-102.956581227
-102.436160516
-103.330844168
-103.004677806
-103.198714057
-102.25212839
-102.215272799
-101.514372432
-102.857481951
-103.766301266
-103.533925424
-102.784132952
-102.101694158
-101.866560387
-102.769448556
-103.981126244
-104.22903238
-103.112096575
-103.10105649
-103.965065257
-102.761484828
-102.646752722
-100.854340161
-102.918171799
-101.680113355
-103.495415217
-103.373996674
-101.737293688
-102.317563972
-104.056935211
-104.328983149
-102.662984578
-102.944287919
-103.323827179
-104.673265549
-103.29744527
-103.883508053
-103.655151707
-102.821418118
-101.90942413
-102.052691091
-104.058730573
-101.858602406
-101.574049785
-102.148569071
-102.745126574
-103.191636675
-103.770363272
-103.42857675
-103.712381396
-103.711386436
-103.593833492
-103.55454936
-102.877216238
-102.956871495
-103.622524636
-102.982859713
-102.658678823
-102.088102846
-103.083440303
-102.902471821
-102.45710419
-103.965470774
-103.665608664
-103.541356932
-102.616330588
-102.871030263
-103.242961555
-101.325919358
-102.584034799
-102.164518672
-102.755132151
-103.622477702
-102.773260265
-102.594151649
-104.256338484
-103.027862275
-101.98424289
-102.522210009
-101.784004341
-103.046196048
-103.401903077
-104.160195365
-104.270257011
-103.513264142
-102.36547044
-100.766317635
-102.35433199
-104.53935146
-103.685099208
-103.408495717
-102.814818634
-101.745630181
-102.579186485
-101.695301428
-101.354159448
-103.096782009
-103.67322204
-101.961644784
-104.647359235
-102.858417687
-103.263222289
-103.182381354
-103.848417009
-103.920553201
-103.050721122
-104.055957405
-103.355867779
-103.616477649
-101.879877126
-102.977556029
-102.396574389
-103.919821068
-103.721787017
-103.226305159
-103.697892889
-104.175422018
-104.67879948
-103.852637531
-103.29967596
-103.075068336
-103.972087219
-104.469432217
-104.368473063
-103.661809728
-103.078777659
-102.538153354
-103.288279603
-103.273187117
-104.268090907
-103.670844024
-104.209875008
-102.709530099
-104.245316064
-104.008946873
-103.196836425
-103.434692938
-104.290522004
-103.954758176
-104.045462679
-102.815681167
-102.753091605
-102.632670813
-101.353623422
-102.967930497
-102.413668596
-101.454482255
-102.197728775
-103.089861593
-103.615393267
-103.716846108
-102.04704306
-101.36876589
-103.220476981
-103.424510908
-102.07275023
-102.545718127
-104.454431062
-103.742892117
-103.421765984
-103.653687497
-103.456718161
-104.349247261
-102.832401579
-102.009130229
-101.804985783
-102.997889265
-103.019363919
-102.760931637
-102.968338881
-103.512511699
-103.955469118
-104.80579392
-103.956887423
-103.314933815
-101.963225139
-103.940260724
-104.002684273
-104.020796937
-102.582431837
-101.862737514
-103.253942656
-104.562288963
-104.709279617
-104.000542383
-101.986161961
-100.904356049
-102.848820336
-102.594785077
-102.573639396
-103.109424117
-102.288698317
-101.275320912
-103.065112802
-104.515673648
-103.424487271
-103.476224976
-104.127568634
-103.983895121
-103.919598998
-102.967598811
-103.720866565
-102.864446374
-103.481871494
-103.998916125
-104.07095464
-102.705749146
-103.385148543
-102.101812075
-101.48667008
-103.967171205
-101.994734009
-99.8622337288
-101.227247231
-103.70032614
-101.997206225
-103.110180025
-103.80758799
-104.560094139
-104.174487404
-103.901435532
-102.14074499
-103.96951147
-104.720698459
-103.475007296
-100.883478936
-102.849011235
-100.840852044
-100.346588611
-101.615918619
-102.692099537
-103.729354921
-103.311235732
-103.843661138
-103.416233107
-104.144251355
-104.188947253
-103.620517493
-104.301332774
-102.985931411
-104.973277304
-103.235218691
-103.638422816
-103.197372148
-102.304964821
-102.935080783
-102.380718341
-101.972409322
-102.877729579
-103.168622424
-102.977809753
-101.206755476
-101.72627373
-103.064542592
-103.652738132
-102.333640894
-102.234842977
-102.730392233
-103.285999202
-102.269748254
-103.212755194
-102.793184857
-103.739066861
-103.378776275
-103.409817525
-104.381034131
-103.64743379
-102.797217834
-102.488761165
-103.643914321
-103.903133581
-104.244383921
-103.331876785
-103.576542306
-102.819416052
-103.501789807
-104.304348494
-103.971657033
-103.284442912
-103.804889394
-103.513994715
-101.063290921
-99.4276857289
-102.105970451
-102.587487027
-101.740553335
-103.083856802
-102.642572187
-102.689064086
-102.88453195
-103.001969695
-103.773094356
-103.801168386
-102.487393839
-103.418567672
-103.474739678
-103.902877435
-102.202859991
-101.677074944
-102.430489417
-104.546461416
-103.147623959
-103.696796872
-102.852613705
-103.477560878
-102.933576977
-103.60559453
-103.992472246
-103.496177073
-101.975797582
-101.155004057
-103.06807353
-103.054033678
-104.384059768
-103.705296858
-104.13814632
-102.068387455
-104.441500253
-103.533080645
-102.385833785
-102.590258359
-103.298946791
-103.796552563
-103.256542701
-103.087555307
-102.780073444
-102.462441927
-102.494110198
-100.653714241
-102.470990951
-103.29021506
-103.276857969
-103.432645706
-103.501965676
-102.489562427
-101.371687016
-103.189073213
-103.864862088
-102.206238396
-102.771433696
-102.904221138
-102.979283777
-102.705312584
-102.745044527
-104.243315562
-102.973645727
-104.183441439
-104.239003239
-103.172662503
-100.328297385
-101.80150902
-103.458919377
-103.724285839
-103.740693239
-103.304237818
-103.62920858
-103.855372879
-103.119433586
-102.59495594
-102.889160472
-102.77387009
-102.565001042
-103.188116131
-102.831421396
-103.675681281
-103.418814493
-102.69292658
-102.668790457
-103.431059651
-103.327665182
-103.138414672
-103.401663093
-104.295111361
-102.565084321
-101.002266164
-102.436006862
-103.641770094
-103.229560008
-102.243157427
-102.198412569
-102.97012245
-103.013187919
-104.734827168
-105.180750016
-104.039299417
-102.205002326
-103.339728617
-104.300702405
-103.867001974
-104.270819614
-104.266547848
-104.359002118
-102.87895081
-102.114615906
-102.158737444
-103.464805855
-102.575909818
-103.229264888
-102.995592873
-103.963190531
-102.628136575
-103.616642237
-103.421418604
-102.216747372
-103.87359102
-103.619882588
-103.510129289
-104.203908763
-101.773036004
-100.958420253
-102.063065015
-102.999781472
-101.894650185
-102.598292134
-102.866305157
-102.637250097
-101.664795545
-102.947649818
-102.846280686
-103.515784944
-103.573275843
-103.076228924
-103.828713103
-104.563553072
-103.211208047
-101.976881428
-103.582488483
-103.234647333
-103.65915909
-102.021170601
-102.969707638
-104.222135377
-103.277959158
-102.359930017
-102.858056122
-102.592978359
-103.745495561
-104.744929079
-102.186950379
-103.309385332
-102.71438925
-102.739797936
-103.038149914
-102.64589055
-101.154157763
-103.787593346
-104.149795176
-104.944415499
-103.327389834
-103.902613153
-103.65012378
-102.921394961
-102.33626079
-101.597744017
-102.91212342
-102.611375482
-103.569801918
-103.625693284
-104.084001335
-103.72882545
-103.053648753
-103.428016954
-102.640342394
-102.093482176
-101.523129585
-102.033686553
-102.281417737
-102.662318959
-101.315492042
-101.29124211
-103.67228606
-103.818778664
-103.463532095
-103.494558819
-103.136612046
-102.350539732
-103.346139737
-103.722203202
-102.896092819
-103.320881405
-102.262649644
-102.1729608
-103.690685939
-103.107271243
-101.742460173
-102.355212635
-103.196090348
-103.477224841
-103.104158395
-102.520502951
-102.141219387
-104.811088988
-103.145081122
-102.678362422
-102.486193301
-103.695328176
-102.526097015
-103.479787472
-103.14410403
-103.63595757
-103.541932602
-103.601702507
-102.718783715
-102.419189795
-101.480171103
-103.44235397
-104.080886898
-104.009636116
-103.607024485
-103.028405161
-102.764864582
-103.712978704
-103.190348332
-103.962047121
-103.558629137
-103.973644684
-103.33289263
-102.727869066
-102.889028643
-103.996454881
-104.415158336
-102.61145043
-102.55801051
-104.273723757
-102.599204122
-102.680782585
-103.969525658
-104.100255255
-102.277124048
-103.204587103
-102.984043971
-103.982345439
-102.689419189
-103.089645327
-102.064820475
-103.34132224
-102.978714372
-103.338705037
-103.634836206
-103.444884926
-102.560670208
-102.095378982
-103.030818663
-103.027346423
-104.527335545
-104.050833155
-103.218000193
-103.228309874
-102.765021664
-103.392009727
-101.406916052
-102.336756492
-103.175029213
-103.290132826
-102.814554621
-101.179425409
-101.889332752
-102.711035556
-101.902642725
-103.594660529
-104.028161709
-104.186283574
-102.737982416
-102.906183715
-104.802887629
-104.228123384
-103.58207466
-103.135584494
-102.173078584
-102.452969347
-103.765093105
-103.516193563
-101.781019059
-102.553253435
-103.635796262
-103.299313217
-103.699940935
-104.380344437
-104.392884762
-104.366671963
-103.078852455
-103.166807546
-102.394120764
-101.977487722
-102.507105569
-103.40853797
-100.687212756
-100.446654596
-101.6953836
-102.796223301
-104.389872075
-103.273963346
-103.791960556
-103.089810744
-102.997052154
-101.746275892
-100.529140885
-102.901447654
-102.678057691
-101.76966498
-103.413671285
-100.438898917
-99.6071819595
-101.778560256
-104.28119141
-103.078843467
-104.491349561
-103.125619222
-103.788103572
-104.122539263
-102.791909675
-102.859463496
-102.079556374
-103.33579173
-103.970555935
-102.970600238
-103.550612973
-103.287980802
-104.261833435
-103.851864209
-103.689230392
-104.497760395
-104.204878854
-103.083834626
-103.641168614
-102.98756159
-102.495857997
-102.028268324
-103.593866382
-101.476372977
-101.706773318
-103.107462537
-103.761874111
-102.523659248
-102.926604114
-103.142680503
-103.467459113
-103.295232934
-102.76547084
-103.400680473
-102.274203487
-102.062903938
-101.136361993
-100.662675831
-103.180483493
-102.936141803
-103.276699047
-104.04163521
-104.532838601
-103.7609301
-103.935601117
-102.062735754
-104.381826635
-103.766787935
-101.863290712
-103.009441604
-100.96865669
-102.758898207
-103.527098467
-102.976561349
-103.777768632
-103.014406728
-103.117998037
-103.702922715
-102.600044137
-100.504773635
-100.677253041
-102.227118777
-103.150284137
-103.387251046
-103.792693392
-101.96572519
-102.797547891
-104.196412846
-103.780123692
-103.222484979
-102.996479785
-102.641435378
-101.664779782
-101.229576393
-99.7317072515
-100.974753439
-103.1264724
-104.087113554
-102.817905207
-102.316894829
-103.739669346
-102.982833965
-104.29884756
-103.608035706
-103.205291675
-103.991318329
-104.89743241
-103.820673938
-102.423793078
-103.183135601
-103.687095807
-102.611704974
-103.218400627
-104.186053252
-104.403973296
-103.884305965
-102.615071952
-104.066563794
-102.580732147
-101.271991618
-103.184387928
-103.581331824
-103.304435283
-103.010206218
-102.379593659
-103.332259953
-103.46694834
-102.242466817
-102.988149133
-102.673165023
-104.128104878
-104.606482995
-103.091286582
-103.241425275
-103.488140151
-103.764595349
-103.165536044
-103.167501756
-103.305495122
-103.762040921
-103.266461694
-102.3087984
-101.20451024
-101.535203343
-103.917915919
-102.823580322
-102.739908387
-102.989197413
-102.532463641
-103.487369123
-103.958259022
-104.520650065
-102.749287432
-102.861552207
-102.451006188
-102.868536012
-102.000652462
-102.268206835
-102.888143433
-102.860148734
-103.457468705
-102.093746225
-103.582245159
-104.053386087
-104.516003474
-102.928914236
-103.190687922
-102.577811563
-102.246531559
-102.283068622
-102.047690622
-101.484058827
-102.898787428
-102.823249794
-102.967545619
-102.255173289
-102.819249733
-103.109335861
-103.977663779
-104.095934102
-104.076786932
-103.576991245
-103.104341803
-103.678537353
-103.005595616
-102.223016272
-103.314896192
-103.13133732
-102.086208193
-101.948835512
-102.025484666
-103.518231198
-104.263602954
-103.166117377
-102.097093781
-102.378548772
-102.079335009
-102.535743656
-104.111896039
-104.276871788
-103.615367478
-102.707199659
-102.905053189
-103.408777987
-103.224024863
-102.252585121
-101.957129817
-102.841721628
-102.878264439
-103.512951584
-102.720315439
-102.062216001
-103.062855439
-104.450316078
-102.653481628
-102.905378899
-103.766263283
-103.887494054
-102.645127901
-103.159913733
-101.040258554
-100.225121739
-102.229973776
-103.820249352
-101.91504223
-103.675456618
-104.176535389
-103.337862972
-102.030271
-102.119034658
-101.404010872
-100.805249358
-102.253831359
-103.147097272
-104.158440306
-103.349690683
-103.565007858
-103.804513773
-102.955088055
-102.779280573
-104.325317185
-104.842823179
-102.915147639
-102.820653359
-102.925676504
-104.402055976
-103.884329538
-103.013149975
-103.555274015
-104.370893847
-102.651348632
-101.825648576
-101.89524364
-102.271535183
-103.348460826
-104.60348539
-103.062133944
-103.573789203
-104.344269559
-104.854258942
-102.328554113
-103.02537463
-104.321609438
-104.291153867
-103.379201788
-103.27204787
-101.531784828
-102.11731632
-102.49504575
-102.055499856
-102.197759961
-103.339652939
-101.392892027
-101.762712167
-103.253549959
-102.788199261
-100.343099144
-100.661742112
-102.609664717
-101.481940284
-101.638976047
-101.667640732
-104.135614742
-103.597157779
-103.310778222
-103.571743321
-101.95510209
-102.442395175
-103.195274164
-102.896119904
-101.435507462
-101.092866228
-102.743963496
-102.345904391
-102.064630359
-103.364087431
-102.168046703
-102.606838359
-103.473942898
-102.689938982
-102.543194693
-103.959760024
-102.791556909
-103.088164256
-102.880573826
-102.902914171
-102.42608205
-102.840333056
-103.417250486
-100.605006136
-101.25122493
-100.652000291
-102.027343936
-103.184875407
-102.821895254
-102.367653106
-102.710561303
-102.559344143
-101.618503977
-103.414725521
-103.736927443
-101.95333195
-102.527592226
-104.681830503
-102.229699992
-102.368351377
-103.43601438
-104.540562613
-102.033232841
-102.432526309
-104.714683273
-103.203249325
-103.231017956
-103.836039096
-103.147865311
-103.388348873
-102.947495646
-103.190884244
-103.84105329
-103.177701637
-103.090390397
-103.07921169
-103.844799836
-103.928660887
-103.878939013
-103.444968746
-103.410752317
-103.371249831
-101.561099444
-101.957056921
-104.088601844
-104.481718426
-103.903326866
-103.808877152
-103.840410179
-103.668615127
-104.996146922
-103.527991567
-104.038802057
-104.082568417
-102.939841248
-103.984518313
-104.465113937
-103.597677225
-103.656044402
-103.126870001
-103.765380356
-101.61272367
-102.174514654
-102.974431956
-103.133120855
-102.708750887
-102.698162106
-103.456930037
-103.756475393
-103.913299274
-103.62547993
-103.635424767
-104.041895666
-104.705679355
-104.208918791
-103.569307359
-104.282920123
-103.660831057
-104.128836597
-105.209105973
-104.013312068
-102.774343227
-103.61256062
-103.284269576
-101.943080133
-103.164039672
-103.556840157
-102.756922364
-102.588373236
-102.437154281
-101.75595558
-101.306431641
-103.058792519
-102.723144772
-103.772031541
-102.928143025
-102.815644003
-103.248320957
-103.455987705
-102.282489485
-103.17387047
-103.92086612
-103.28816136
-103.112807976
-103.947362248
-103.959333416
-103.577585702
-103.522940447
-102.79581334
-103.260172059
-102.69183084
-102.248793662
-102.332100151
-101.484471986
-104.296549451
-102.110592576
-101.43374874
-104.330477895
-103.547264393
-103.185099758
-103.092024528
-104.147276918
-102.29319126
-103.35960271
-102.290630409
-101.278139969
-102.128023386
-103.517542528
-102.040623797
-103.31073454
-103.265692502
-104.262330447
-102.707229129
-101.092385881
-102.336674503
-100.837144847
-101.370366353
-104.316676956
-104.297229789
-104.329371023
-102.76020281
-103.528401692
-102.340067404
-101.212741492
-102.693897148
-103.239620365
-104.035203698
-103.492138923
-102.353758213
-102.25489871
-103.354348506
-102.493434055
-102.131582796
-102.820879324
-103.146305567
-102.014531151
-103.239400508
-103.040540838
-103.154539762
-103.896296152
-103.469296637
-103.388113429
-103.541144467
-104.15166839
-103.282240888
-103.59827235
-103.760304378
-103.775239233
-104.287303009
-103.021361497
-103.297382142
-104.105479256
-103.690560282
-103.224191163
-102.215527781
-103.831050152
-102.9590535
-103.076314264
-104.529283887
-102.686585925
-101.682836382
-102.434853379
-103.492335939
-102.65285326
-103.349332281
-103.229267214
-103.269247343
-104.183267981
-104.020852366
-103.372144417
-103.811085375
-101.557028655
-102.33675081
-102.45638455
-103.121534469
-102.16824947
-103.353336863
-102.74073835
-103.143756332
-103.872581946
-102.376030763
-103.46877125
-103.645569821
-102.35320081
-104.015150415
-103.954285719
-104.543110956
-103.218293885
-103.560502782
-103.587103766
-104.099750459
-103.328972814
-102.114243124
-102.641288218
-103.315758563
-102.734978205
-103.337633315
-103.471650772
-102.436423542
-102.544346094
-103.507765547
-103.242982558
-103.515507702
-103.646970559
-103.946220253
-103.644671962
-103.681477177
-103.005061887
-103.310500218
-104.162173589
-103.613177029
-103.355133905
-103.228390945
-103.955147019
-102.974264922
-103.816969445
-103.141123922
-103.957893089
-104.485693741
-104.376523645
-103.768144802
-103.806796836
-104.314196175
-101.377253986
-102.32186468
-104.211690148
-104.335738215
-102.9796766
-103.796449557
-103.129630519
-103.47364757
-103.55752971
-103.859731582
-104.015560635
-103.693579266
-103.72180749
-102.625817001
-102.55985515
-103.657887197
-104.74506241
-103.676799611
-102.890609319
-102.743742092
-103.738281364
-103.707270861
-102.593096334
-104.487353972
-102.133149799
-102.549242601
-103.045587857
-103.096656296
-103.561157404
-103.421551647
-104.134853633
-105.025560785
-102.42738572
-103.167437539
-102.218060249
-103.948587687
-103.583045476
-103.17639805
-103.703458675
-103.455956893
-103.286282713
-102.152311602
-102.142169372
-103.422779447
-104.336089816
-102.779753401
-101.370174439
-100.98607284
-102.834331353
-104.266208584
-103.999208553
-103.843081566
-103.329297233
-103.52096209
-103.405456668
-103.954469904
-104.048647325
-101.090885446
-102.403611079
-104.336212025
-103.135427081
-102.556356497
-103.972528885
-103.536553131
-103.374279461
-103.134425496
-103.724654212
-102.499606012
-103.343870047
-104.435032369
-103.115345903
-102.019962948
-103.462174203
-103.374054742
-103.14951828
-103.927642842
-104.065380356
-103.555423045
-103.785090702
-104.232599088
-103.505751588
-102.756521163
-102.943696011
-101.999687861
-102.581389957
-103.243532341
-104.644738411
-103.784346308
-103.535437881
-104.378392486
-104.251580465
-104.142430959
-103.078342066
-102.675865197
-101.540011358
-101.90342731
-101.31325916
-100.948658787
-102.083976853
-103.344042707
-103.195518509
-103.902893734
-102.814466419
-101.721170132
-102.842973212
-103.492758248
-104.818259277
-104.618170629
-104.252325297
-102.183424465
-102.487872074
-103.080843546
-102.373143637
-103.821750249
-103.411913638
-104.010636567
-103.483069961
-103.40718539
-102.71758336
-104.084745086
-103.650434285
-103.62646851
-101.841075614
-102.916972583
-101.343125152
-102.322809163
-102.918068784
-101.461364015
-102.731282608
-103.667491181
-104.672455574
-103.379320128
-102.809614446
-103.184491537
-103.742306014
-103.171430605
-102.791711353
-103.919471215
-103.600568956
-103.822504892
-101.522876956
-102.006425513
-103.612332665
-103.67840873
-102.341335211
-102.93766421
-102.168559235
-102.80096698
-101.762125168
-102.546130985
-103.094125077
-103.21605788
-102.612565288
-103.661866635
-103.627486819
-101.312098908
-102.899396656
-103.246011727
-102.498271498
-102.544536841
-103.154402566
-104.000823012
-102.811404625
-104.734457268
-105.287051955
-104.441481801
-104.748224916
-104.087438302
-104.602905359
-102.558192461
-102.009322949
-103.346379063
-102.154018679
-102.796722945
-101.862790889
-103.631593797
-103.2020718
-102.523198524
-104.156724633
-101.457723298
-103.14082433
-102.959288969
-102.19302219
-102.22314781
-101.399054019
-103.293039936
-102.673560936
-103.010074139
