linux; GNU C++ version 5.3.1 20151219; Boost_105800; UHD_003.009.002-0-unknown

-- Detected Device: B210
-- Operating over USB 2.
-- Initialize CODEC control...
-- Initialize Radio control...
-- Performing register loopback test... pass
-- Performing register loopback test... pass
-- Performing CODEC loopback test... pass
-- Performing CODEC loopback test... pass
-- Asking for clock rate 16.000000 MHz... 
-- Actually got clock rate 16.000000 MHz.
-- Performing timer loopback test... pass
-- Performing timer loopback test... pass
-- Setting master clock rate selection to 'automatic'.
-- Asking for clock rate 32.000000 MHz... 
-- Actually got clock rate 32.000000 MHz.
-- Performing timer loopback test... pass
-- Performing timer loopback test... pass
1024
Using Volk machine: generic_orc
gain = 38.0
-102.206501513
-102.717135269
-102.070367493
-102.051025148
-102.123954642
-101.814630359
-104.04539731
-104.532961987
-103.61432695
-104.015246793
-103.423098093
-103.053302478
-103.209012073
-103.54258193
-103.471577329
-102.745386102
-101.966391053
-103.547922745
-102.833121086
-103.611425683
-103.870213202
-102.829841196
-103.288189657
-102.931618432
-102.777487711
-100.749725016
-103.226358628
-104.038563008
-104.312484822
-103.412845067
-103.088953476
-102.395926976
-103.140815538
-102.863611984
-102.690885689
-103.26896293
-103.401369528
-101.092570374
-101.161392241
-103.475472591
-104.130215344
-103.433087327
-102.184617306
-103.997580415
-104.177502278
-103.60463098
-102.711271522
-103.180965932
-101.477924336
-102.401436362
-104.198721292
-103.263751526
-103.563054391
-103.668516581
-103.16188541
-103.322755387
-103.810773049
-104.262669408
-102.054943942
-102.95575828
-103.193991994
-102.890444555
-102.717431825
-103.792564749
-102.551194107
-103.015328178
-103.396472104
-103.346532019
-103.714190288
-102.818621107
-101.942609099
-101.889311759
-102.959386096
-104.007583425
-105.091942509
-103.563477173
-103.757604593
-102.968594884
-103.844186418
-104.57039051
-104.17909673
-102.714976693
-102.988118323
-102.336354947
-101.145733084
-102.623133014
-102.067378192
-103.047478975
-104.064390577
-103.925628923
-103.213502814
-104.010640546
-103.439060595
-102.327382374
-103.002811855
-101.979154097
-103.244409336
-103.367237967
-102.883926952
-102.178537136
-103.414760551
-103.807918693
-103.72766606
-103.098322453
-102.609294755
-101.986618271
-102.211439885
-104.578345332
-102.838451944
-100.71559183
-101.970324213
-102.45515974
-102.775198356
-103.029525412
-103.346336045
-103.441323715
-103.1346375
-102.288100769
-102.867975132
-101.472390557
-103.177633657
-103.422064404
-102.321557538
-102.695443336
-103.59565188
-103.576451948
-101.767800756
-103.543791553
-103.128183805
-103.095176699
-103.316916458
-104.110973773
-103.788260054
-103.109567335
-102.352065851
-103.424035748
-102.622662483
-102.128082703
-104.266653346
-102.797812978
-102.457196275
-102.698520895
-101.972999066
-103.067147866
-101.326695576
-100.455169411
-102.097658702
-103.023185044
-102.98331912
-102.862399334
-103.295694209
-103.151686328
-102.284273111
-102.88248248
-104.970398208
-103.687383484
-103.96706289
-103.732000257
-104.597821094
-103.947275598
-104.179681565
-102.197651727
-102.626316221
-103.420858688
-103.389294226
-101.460385104
-104.644537229
-102.436415235
-102.155013507
-102.802058681
-101.327457777
-102.518202054
-103.192860478
-102.597710205
-100.563965606
-102.197133392
-102.534495696
-101.839683877
-103.692588235
-101.418770898
-101.168321189
-99.3008007538
-97.4371360487
-97.9361346559
-100.702530155
-103.321472029
-102.909745945
-99.8927628045
-99.4194454658
-103.268356264
-103.28642717
-102.346702777
-99.412769595
-101.472899748
-102.135031465
-103.874248315
-103.21006542
-103.577147863
-88.6405464378
-87.8508157622
-87.5284587485
-87.918339651
-88.1024425552
-87.9248552575
-87.8444951597
-87.6734241338
-87.2570695549
-87.4369071804
-87.8590706257
-87.6644645244
-87.6179102503
-88.0232497505
-88.1014213441
-87.9553361936
-87.617590957
-87.2682070025
-87.672319996
-87.9134389488
-87.7903613645
-88.1471066948
-88.1057763071
-87.2215529353
-86.7225915403
-86.9503960582
-87.2626460144
-87.2393927479
-87.5916368549
-88.2050593042
-88.0342349755
-87.9201990028
-88.10515661
-84.8881025557
-84.7041035958
-85.0990495039
-85.8437862416
-86.319789865
-86.3792199088
-86.4182832137
-86.3877319253
-86.0648939624
-85.8386167385
-86.0671623656
-86.2839986307
-85.9480292881
-85.3528078604
-85.0632250502
-85.1920824216
-85.5626103019
-85.7661503928
-85.7136546796
-85.6485544663
-85.4920383358
-85.2847619836
-85.3795602674
-85.6926555355
-85.8710013677
-85.8716758943
-86.013730295
-86.3694769599
-86.645318334
-86.6004472543
-86.4766266178
-86.5341981743
-86.7011964011
-91.9253593356
-93.0126220188
-92.4118786697
-91.7542906022
-91.5106933781
-92.8412200009
-92.2472316164
-90.512342595
-90.3146430365
-90.2166402331
-90.8439884777
-91.6138085526
-91.4311710369
-92.2330210368
-91.4104189139
-90.0061333334
-89.8207856446
-90.5029586508
-91.1049723908
-89.9530615149
-90.1712302483
-90.2251977516
-89.9460390823
-92.4453625708
-95.5813688613
-91.6207916372
-91.3326862124
-92.9107757155
-91.6589922285
-91.4995275975
-91.1920492118
-90.8010014768
-89.8985219106
-91.7948786319
-90.7890327281
-91.904577117
-93.4012906252
-94.3111354963
-94.2494497982
-93.4402082999
-92.9729810063
-91.7680214202
-92.6709170753
-91.2481993653
-90.199144209
-91.6284361844
-93.9667086597
-92.342455881
-93.0594972872
-95.5650593486
-93.929402634
-91.8230263863
-91.7523347583
-91.6489554225
-94.8925226585
-93.1022024198
-92.5145070847
-92.6570143443
-91.358183734
-90.5063685195
-90.934583372
-91.2840204661
-92.3640690001
-93.9788816864
-92.6739438417
-90.7143232649
-90.4141612432
-91.2259081616
-91.4510746765
-90.9247265482
-91.2883514499
-91.8144041473
-89.0623534111
-89.2198005519
-91.0823071301
-92.4342177247
-93.8285440935
-90.4177862284
-89.8597101609
-89.9319137136
-90.7917929409
-90.5791936648
-89.5240652989
-90.3837001692
-91.6714192939
-89.0606695119
-90.1236572146
-93.2445987637
-90.7597171671
-88.8827790886
-90.1161018202
-91.9845231363
-92.4082429298
-89.9213058143
-89.0764371025
-90.7730029038
-91.8681429488
-90.0235388064
-87.7871535392
-90.6589627565
-91.556793944
-92.6999774098
-91.6727649129
-90.2502748377
-91.303472156
-92.4243797178
-90.6920686331
-90.9592379966
-92.6903533942
-89.8928570171
-89.1602649533
-91.2333833936
-90.6017358772
-91.1246784576
-92.1720456887
-90.6177978162
-90.1694835023
-91.6535922826
-91.3967549306
-90.5586370231
-90.0901279651
-90.0062204179
-91.6867629484
-90.6896021638
-91.0544628182
-90.8128472287
-90.8213308363
-90.2145404694
-92.1937689202
-91.3259503184
-88.6188089804
-88.4528112536
-83.3338898109
-83.734766006
-84.2930411599
-84.3571421353
-83.9906480338
-83.6784096884
-83.8316281053
-84.1476861962
-83.9758233264
-83.8694429534
-84.1670866609
-84.312477828
-84.1552013836
-83.9808784635
-83.9210222364
-84.1917499569
-84.4034126006
-83.8400291634
-82.9108469697
-82.3703122152
-82.5100686832
-83.4070028896
-84.4192710547
-84.5689607943
-83.8582433935
-83.0093181158
-82.6626867694
-82.9189706976
-83.2396691342
-83.3097083045
-83.1593460225
-82.7910400126
-82.2524662764
-87.6977507518
-88.7864081082
-90.0840427697
-90.21721184
-89.3850967608
-87.8086864974
-86.4230503675
-86.8319491294
-88.6204937101
-90.2910314248
-90.1709762377
-88.2033493849
-86.5252522888
-86.0011208858
-86.8087778225
-88.8246851452
-90.1084232145
-88.1087433184
-86.5386354278
-86.5994073348
-87.5079041736
-88.0777354802
-88.6143910959
-89.1783158329
-88.052262762
-86.6986637409
-86.2627741029
-86.7542976767
-88.3288652417
-88.8791115936
-87.9355975504
-87.39594553
-87.0317408613
-99.3561193217
-97.4965381299
-93.4568811474
-92.4636080547
-94.2900015604
-94.7552980289
-95.5431212972
-98.0334081662
-96.4731783726
-96.0707786262
-95.2693870188
-92.5964554019
-93.0973246808
-96.4656068306
-95.9032233929
-95.6882228237
-96.7194447613
-96.4184450598
-94.5918627167
-94.6432977463
-94.2572129813
-93.5575504989
-94.4806360812
-94.5164778771
-97.2708478331
-97.4583595799
-95.2509639709
-93.1063164464
-92.5483561568
-93.2067920813
-92.7557413424
-94.5764048616
-96.5447382448
-102.07097069
-101.792723749
-99.4981563572
-99.0105052942
-104.42458725
-102.973116223
-98.3556489065
-100.725173165
-104.045341566
-99.4638380314
-100.433585888
-100.800705245
-101.669291192
-100.224984959
-100.478123809
-102.247162114
-101.244674292
-99.9677375018
-99.8624317957
-101.209084525
-103.756481397
-101.45391913
-102.192769573
-102.083412177
-101.468684752
-101.545575647
-101.241633772
-100.090673609
-99.4885804626
-100.919501441
-103.64020883
-101.732518518
-98.0123002397
-97.6080260478
-100.054122011
-98.271382432
-98.661901135
-95.9547922928
-96.0541843147
-97.3871013879
-96.9819012383
-98.9247578367
-98.1685201957
-95.4129316739
-97.0354026493
-98.2479895665
-97.4074507862
-98.0866997705
-98.2226451338
-98.7509676158
-99.9067292238
-96.8937956458
-98.3392734786
-99.9089856751
-97.3139280956
-95.2468471757
-95.6058168919
-96.6049949733
-99.0051503461
-98.657183047
-97.1693064317
-95.7170044484
-96.8529906419
-97.1102812416
-96.4193289206
-98.3671518967
-94.7508196069
-94.5290290783
-94.961425
-95.5526690192
-95.1085302096
-92.5211194026
-93.5912560104
-96.2097876062
-95.2940995185
-95.0425856563
-95.4162371761
-94.5697161458
-93.5381599924
-94.8912239956
-93.5422328954
-93.0255648877
-95.0402221864
-95.1297686546
-95.9466434945
-96.2969355023
-93.9275415968
-94.4285051572
-94.7883866069
-95.3792552836
-95.0998340488
-94.8214230986
-97.6744215607
-94.8320487196
-95.8640085485
-96.3045578635
-94.534202417
-94.9758268979
-95.6104560509
-92.0651980887
-92.5805376855
-92.7097850903
-92.1811832495
-91.5454608092
-92.70127679
-93.218671074
-91.2909760718
-90.5429246316
-92.8131422155
-92.9858654245
-92.563627866
-94.418564354
-94.2132403465
-93.1308418437
-93.0201075429
-93.3593953921
-93.4022851421
-91.9218372354
-91.9266229016
-92.8342766123
-92.1585473272
-93.0775325006
-93.6237246361
-91.5042502369
-91.7070696441
-93.0374529894
-93.365626234
-92.6524695898
-91.9050102349
-91.723217336
-92.4201204327
-92.4175397829
-92.0886319432
-91.846725826
-92.5905288194
-92.8280321917
-91.2797145017
-91.4104731316
-91.7231387711
-90.8515756735
-91.2246689577
-92.5446711638
-93.88243317
-93.7163637394
-92.8022748851
-91.7417830341
-92.4546983836
-92.5271193225
-92.4528948054
-92.7050490777
-92.0953018854
-92.2994144561
-93.4395770282
-92.022373557
-91.4468884712
-91.8543461859
-91.645213238
-92.514435821
-92.7813182958
-92.5829457971
-92.3427311755
-91.416575017
-91.7944899862
-93.3600014156
-93.4631410259
-91.0012273857
-92.2106110975
-90.3379372098
-89.0678483413
-89.7776767141
-92.07113115
-92.3321053412
-91.218906631
-89.9472067015
-91.8597294462
-91.146042374
-89.1217806045
-90.3480118177
-90.9593846016
-91.2873751483
-91.5734398
-89.6818836869
-87.6306379787
-87.966098849
-90.0496396667
-91.7067486949
-89.146149785
-90.044206913
-90.9082562424
-88.9723137113
-88.5348869862
-90.2760958294
-91.3473286548
-91.1540664241
-90.0997060495
-89.3858845462
-89.2232004863
-88.9167913613
-88.3266910925
-88.6675491544
-90.3715442494
-90.2212109403
-90.481860574
-89.2618329529
-86.900927058
-87.0637095555
-87.9990468792
-89.4681593733
-89.8180313704
-88.6363564347
-88.1765715356
-87.2751425516
-86.7060089762
-87.637937308
-89.0917662158
-88.4030693814
-88.6344000952
-89.0592187215
-88.2748149999
-87.4616760352
-86.6192670059
-87.3428877791
-88.499006908
-89.0675110013
-90.1524360331
-88.6835372117
-87.2171638792
-87.8217600898
-88.9007816085
-87.476960291
-88.1898735028
-90.992502896
-91.7540596555
-91.3525539865
-92.5651649766
-90.1311955526
-90.2428671661
-90.9447271851
-92.7747510459
-94.4020892381
-92.569383076
-90.4966768999
-91.7389676295
-91.7362860126
-90.6003467227
-89.8173434383
-92.0589758265
-91.551873638
-91.2921863476
-93.8093873029
-92.1692246007
-91.5566416376
-90.6383193614
-90.139964469
-91.2194830218
-90.9221675217
-90.9066387439
-92.6096152719
-93.9911117421
-90.5224165212
-90.5079572415
-90.505316226
-92.2606940607
-92.5991749749
-84.9575261816
-84.5508483017
-84.1208719881
-83.984454123
-84.4125801216
-85.2287483166
-85.4144505645
-84.8223503549
-84.3983913259
-84.1166572961
-84.0143216488
-84.146198588
-84.0368138092
-83.6836042052
-83.490869617
-83.5639893895
-83.8217886144
-84.0240023443
-83.8041842093
-83.495756269
-83.264418939
-83.1174519602
-83.3754464798
-83.8867150585
-84.0879938471
-83.50769176
-82.843082853
-82.9362188798
-83.558063107
-84.3900908016
-84.8560979768
-84.2063652772
-83.3197221136
-85.3524045265
-84.3114587778
-83.2792258737
-83.3780984022
-84.5209860324
-85.015890464
-84.3850629709
-83.6841695811
-83.7533556458
-84.6322589943
-85.2141269565
-84.9937541821
-84.4151370957
-83.9047617708
-83.9044293103
-84.2508759904
-84.4069707839
-84.1353147861
-83.9938096837
-84.4358303479
-85.0250434651
-84.9903176315
-84.3235400986
-83.4019954777
-83.092046836
-83.7771606878
-84.5116942048
-84.1593588097
-83.2021913412
-82.844299245
-83.3150233945
-83.9419432923
-84.044571012
-98.7242231634
-99.7702640841
-98.7555847024
-97.9513977954
-99.6884894608
-96.5486906096
-95.2942303982
-102.183569438
-98.6349608188
-99.4087522258
-103.530112389
-99.3722294212
-99.4603650297
-97.2051526588
-97.1485465708
-101.639542024
-99.4907525474
-97.3851222145
-99.5381379666
-98.4781909228
-99.2300448728
-99.2037197313
-99.9990165416
-100.059164843
-99.5952252274
-98.6342201252
-100.475274394
-100.943127773
-100.188790649
-98.1561652944
-99.9656437514
-99.25800703
-101.174336419
-87.4214664542
-87.2635637804
-86.9734791385
-87.1626751099
-87.3063107202
-87.3286959478
-87.580578394
-87.8139067506
-87.7956408819
-87.5754178336
-87.3585079629
-87.2533884812
-87.2828031036
-87.3846059153
-87.6041881087
-87.7264689472
-87.1376478674
-86.904487152
-87.2894979241
-87.4063447567
-87.4520838352
-87.5787566771
-87.430582662
-87.0776548879
-86.7929645926
-86.5964049829
-86.4906960512
-86.5218785509
-86.447980596
-86.5510251385
-87.1292389853
-87.8418373476
-88.2432435858
-88.232181514
-87.5988836706
-87.7774324222
-88.2805250246
-87.4349273806
-86.4207359879
-86.4706014286
-87.2150343816
-87.5469271393
-86.9354784768
-86.6584241493
-87.5316883534
-88.4051409845
-87.8704255342
-87.053164303
-86.6264441903
-86.460034344
-86.4918617353
-86.303200504
-86.2945301548
-86.8374263082
-86.9871029164
-86.627568282
-86.3474678899
-86.1390998761
-86.1780287982
-86.3580742097
-86.4357861947
-86.3753370472
-86.5911273739
-86.9664129354
-86.8102067376
-86.6655115469
-87.8788868628
-90.0563677043
-90.8252242433
-89.8818140441
-89.2241044842
-88.147293475
-88.1098974493
-89.1135057624
-89.9483231752
-90.8030505738
-89.3629236872
-88.8617302451
-88.1055017468
-87.6187411653
-89.0613464147
-88.8534004583
-88.7772686403
-89.8331482647
-89.0410692753
-88.432427837
-89.3334250254
-89.5553172686
-88.8514024892
-88.6977124488
-89.1959454238
-88.7107079548
-88.3995365973
-89.0780801054
-88.97616544
-88.8054249672
-88.9828905948
-87.5615343666
-87.0286355593
-91.388785258
-94.0751989077
-92.9176198775
-91.4744697456
-92.765523466
-92.5388442637
-94.0902556387
-92.2225646421
-90.9540151554
-93.1667311537
-96.8172813568
-92.1961562199
-89.841222914
-92.2433166435
-92.3902399241
-90.7888396213
-92.140106783
-94.3372222491
-92.0760300572
-92.8475803364
-91.7810482972
-91.1097997106
-91.9080150277
-89.935383716
-91.9284208081
-93.8141510933
-90.4432364015
-90.8635036228
-92.9265785733
-88.9648487431
-89.4373111864
-92.5069974487
-91.8182043842
-90.9832860921
-90.4062754655
-92.5704328729
-91.9855113284
-91.3248413741
-91.4166962174
-94.356482832
-92.7407693544
-93.3245818031
-91.7880485801
-92.2916580497
-90.628428146
-90.6310346222
-89.6397170882
-90.1344392557
-92.6623799749
-92.0262776557
-93.8196580475
-92.5079863342
-91.6285888228
-90.6801236597
-91.0746352552
-93.8445570619
-93.0962843995
-89.0406679315
-91.0117599136
-92.4231468951
-91.2543374692
-92.3318795879
-91.8049523612
-90.2576492961
-92.7172697802
-92.5892024977
-85.9339382507
-84.8278822493
-84.7577904994
-85.3887676617
-85.6073224892
-85.8258354687
-85.7673349617
-85.1042714555
-84.7760040896
-85.5630034253
-85.9670326949
-84.9093513033
-84.3155588114
-84.610887546
-85.7591575324
-86.9478660908
-87.1934718146
-86.656534349
-86.1264967751
-85.5658961603
-84.9808041531
-85.2028080809
-85.2804491436
-84.5576007725
-84.8644696307
-85.6717216068
-85.7901553735
-85.7915283728
-84.7143760704
-83.9015892762
-84.4302643958
-85.0082923016
-84.578779454
-85.1433785747
-85.0743194799
-85.6163712881
-86.1093697957
-85.5510625395
-84.8513398617
-85.0299507807
-85.5130429938
-85.4727470755
-85.5505543411
-85.630689404
-85.3859765181
-85.2757214776
-85.2348296532
-85.004920741
-84.5126438726
-84.043691939
-84.3690137463
-85.6030858306
-85.9122031335
-85.0693952674
-84.7964071066
-84.7081044299
-84.3646574309
-84.4835808033
-85.5577439796
-86.6428493159
-85.8131811632
-85.3280503482
-85.7291175805
-85.6401764981
-85.1304257279
-84.5071042622
-89.8274965236
-89.7182772487
-90.255887025
-89.5856043818
-90.5675769189
-91.5735810749
-90.6983270391
-90.8273306799
-90.9684692519
-90.3485355143
-91.1873300073
-91.2367714302
-91.796463
-91.1734587751
-89.1902613557
-90.1819666998
-92.3031474925
-90.6155919092
-89.2298813196
-89.2196180576
-89.9502445814
-91.7438776561
-91.2189337417
-90.4774254586
-90.6626210607
-91.6258730286
-88.9987371268
-88.9624480727
-90.6540704099
-91.0543065233
-90.0850671183
-90.0298731866
-90.9538038659
-91.6389207435
-94.6883120092
-93.9126393087
-92.7874190146
-92.26798619
-93.4823475297
-92.4043353835
-91.8963016971
-93.1060874712
-93.5186965289
-94.3852503167
-92.827848939
-91.3983476915
-90.6113298259
-92.0542032066
-94.5854346326
-93.8864024106
-91.6859298878
-90.2805933915
-90.7166055482
-91.9626691933
-92.1734173078
-93.1706334688
-95.5922749276
-92.558495332
-91.7606149839
-93.705019783
-94.0334462695
-94.918190642
-92.6495615053
-90.9658619094
-92.5297428509
-90.8831300904
-90.285317246
-89.1772840995
-88.4833390421
-90.1780077714
-92.8575000109
-91.7433409711
-91.0312754704
-91.7643953673
-92.8490761487
-92.2585304087
-90.4239921675
-89.120922018
-89.3338378776
-90.7571518006
-90.7377691521
-91.8031022228
-92.9925420299
-91.6098687184
-91.3746339586
-92.5778489766
-92.9256820204
-91.2411241557
-90.0300620576
-91.0143272742
-93.8331627447
-92.3424931639
-92.436639511
-94.7323385926
-91.3435467313
-88.4770809947
-88.367766385
-90.2920974014
-93.5402617971
-103.330652302
-104.291078327
-104.994854732
-102.236418341
-101.747103601
-102.607510792
-102.012704983
-103.476764283
-102.122892714
-101.725281677
-103.628635434
-103.073856113
-101.522618509
-101.477573078
-103.138202483
-103.058276814
-102.857412397
-104.02478369
-104.6744604
-104.226907643
-103.15098844
-101.008248491
-103.176854097
-104.307671741
-103.592784017
-103.387529527
-102.34610072
-102.228742019
-102.561756715
-103.990304102
-103.81002348
-103.15166315
-102.406430545
-103.174225181
-101.711483696
-102.255464618
-102.949557338
-102.469951187
-102.546428302
-102.5104076
-104.017030976
-102.890263814
-102.93393526
-102.831600312
-103.716541229
-103.299613812
-101.663206576
-100.524402666
-99.961267916
-102.356379132
-103.000986435
-103.286905695
-102.163844094
-101.815614716
-103.035746003
-102.104208541
-101.112533645
-102.110351644
-103.774710545
-103.90241602
-103.604254895
-102.767313726
-104.001660243
-103.394349599
-104.463444522
-103.692719127
-100.242866698
-102.303508062
-102.43245079
-101.599089556
-102.469675801
-102.864500152
-101.928879663
-102.650878815
-103.895116368
-103.604728086
-103.630387903
-103.429804102
-102.73712123
-100.705426011
-101.860876082
-103.015258897
-102.467748025
-102.971889213
-102.53802921
-103.952609166
-102.893702568
-102.869278049
-102.356453068
-102.352204072
-101.004584035
-102.00940526
-100.584335991
-101.641095152
-102.236048969
-102.988928244
-103.13965612
-102.356669446
-104.574709247
-103.101873874
-102.730455635
-103.614895305
-102.537307938
-102.594756648
-103.82233422
-104.103554727
-103.636081292
-103.118772935
-102.924759937
-102.195436005
-102.868250976
-101.160419628
-100.191658567
-100.820584149
-103.018602757
-102.5066148
-103.077723902
-104.029012617
-103.915716552
-102.550162252
-102.935122399
-103.750659171
-103.173331403
-103.411452676
-103.378796226
-101.271523231
-100.508449502
-101.971749999
-103.051707414
-103.28230077
-103.83291031
-103.345006792
-104.085175289
-104.057023675
-102.432242774
-102.372822752
-102.348577553
-103.881799506
-103.415804297
-103.215913758
-104.04767379
-104.00577689
-102.648116798
-103.25164647
-104.385488153
-102.11592784
-101.366970782
-102.953780351
-102.332697026
-102.801435549
-102.781388621
-102.27385169
-103.372701179
-102.548494462
-102.833995454
-101.991503388
-103.813488991
-104.082679247
-103.720136446
-103.018748393
-103.142427386
-102.328533317
-101.677805866
-101.803250404
-103.017646744
-102.992314192
-102.07467978
-102.77590755
-104.257167084
-102.924109037
-102.581330699
-103.644950991
-103.242386511
-103.865795489
-102.533307549
-101.621237288
-102.550894475
-102.428922781
-103.166753822
-103.783552579
-102.169959178
-102.289043022
-103.767051225
-104.09029081
-103.027335954
-102.563755767
-102.976309893
-102.944496445
-102.869810033
-103.115238103
-103.60600625
-103.041342773
-104.279272928
-103.001701626
-101.958472405
-102.213064641
-104.161633123
-103.992165614
-102.558951386
-102.956834977
-103.544931108
-103.455116291
-103.682867042
-103.539091774
-104.020053291
-103.496642875
-102.957572277
-104.149432461
-103.874469235
-103.17683177
-102.285875336
-101.674923343
-103.346291661
-102.807928453
-103.464765507
-103.523553156
-102.338090732
-103.021890579
-103.356399189
-103.492808744
-103.536161495
-103.993619733
-104.746066055
-103.437124953
-101.712690097
-102.453810734
-102.648992497
-103.757084426
-104.602875265
-103.276833778
-103.109823717
-104.809816741
-103.407481079
-101.865717367
-102.194116594
-102.320453731
-102.932523102
-102.899331664
-102.265447448
-103.045992459
-102.195594215
-103.130448427
-102.899875351
-103.268841523
-103.971925549
-102.453385155
-102.837468573
-103.564559438
-103.953343315
-103.581055051
-102.979723666
-102.97641179
-102.911967723
-103.336680063
-103.282118773
-104.416415274
-102.167958728
-101.987359252
-102.49307779
-105.037138939
-102.907210542
-101.598169047
-101.623688959
-102.688161199
-103.335856101
-103.47838683
-102.563874661
-102.527594488
-103.62684616
-104.842045516
-103.425545179
-103.080033963
-101.991993252
-102.857271766
-103.95488268
-103.537155634
-103.339284797
-102.912196636
-104.11413187
-103.549456185
-103.96591846
-103.289915452
-102.891944567
-101.949188423
-102.92987914
-103.534457683
-103.267530746
-103.224685455
-103.084554271
-103.294762937
-103.081802009
-103.409508513
-103.85436304
-102.230016812
-102.269382697
-102.889490216
-102.015565902
-104.736382311
-102.211133356
-101.672478349
-104.382765347
-103.631849382
-103.154939614
-103.46456693
-102.701155369
-100.967907933
-102.284574151
-103.447645205
-104.684823682
-103.736731339
-103.304118802
-102.256355456
-103.193814979
-101.66111742
-102.483302839
-103.034116385
-103.58329245
-102.74954096
-103.639927548
-103.123081449
-103.373410888
-104.237118808
-104.028862398
-103.632216195
-103.060207668
-102.85310068
-103.470028984
-103.908734941
-102.641828409
-103.783000604
-103.344738874
-102.69336043
-101.986774545
-101.763580956
-102.312001959
-101.382963222
-102.159212252
-103.406655
-101.219223603
-102.673181689
-104.28669036
-103.636389699
-102.866399614
-104.18420987
-104.927724723
-104.081308228
-102.541329884
-102.78457241
-102.618056396
-103.442532335
-103.450774431
-103.979591375
-103.164586754
-103.543884093
-102.723117857
-102.232263723
-101.684070242
-103.42865121
-102.934213462
-104.057174068
-104.515686608
-102.422665191
-102.251340833
-103.015473388
-103.868388209
-102.998812259
-103.658995084
-102.7584843
-102.513021951
-102.3842539
-104.346035174
-104.044432122
-102.658620249
-102.855350069
-104.49645478
-104.250825669
-103.548491059
-102.652886146
-102.736892756
-103.902974458
-102.450999798
-103.515401566
-103.529344914
-104.043070717
-102.444622404
-103.267987075
-102.603941898
-103.282304807
-103.5939712
-104.203782734
-104.728212281
-103.383346273
-103.57226549
-103.136186228
-102.00274918
-100.15216008
-104.071820431
-103.72402066
-104.441837235
-104.292594468
-103.13082495
-103.375026888
-104.080296216
-103.99196279
-104.192757064
-103.791794484
-103.59688542
-102.669619208
-103.074095966
-103.090400054
-103.417868941
-102.220135547
-102.056152232
-103.964357466
-103.622248863
-104.122457619
-102.811766252
-103.138814019
-102.694976953
-103.02085085
-104.137233619
-102.832882956
-103.153119995
-103.008556779
-104.696168536
-104.336437156
-104.467196305
-102.007982614
-101.596019214
-103.269607919
-102.105821631
-103.15057557
-103.066012107
-103.385693539
-103.590150606
-103.380354702
-102.811680823
-104.275044003
-103.435731031
-103.464380291
-103.435282171
-103.266725497
-102.059758301
-101.641355214
-103.110006071
-103.92081351
-100.799186026
-103.26460179
-102.312305197
-102.924499999
-103.890423654
-103.9073381
-103.185776828
-102.8250668
-103.305376072
-102.791539482
-102.183578842
-103.311839272
-103.289073022
-103.10567691
-103.690348522
-103.590795264
-103.584813545
-103.483224989
-102.523338628
-103.309907698
-103.074106548
-102.282716106
-102.804993932
-102.260443061
-103.416933657
-101.907300892
-101.785207704
-102.048261813
-102.898750471
-101.195090238
-100.985610108
-102.51744119
-101.998547744
-101.338350797
-102.856436618
-102.968716318
-103.786558337
-104.366518235
-103.791081468
-101.36628861
-101.676246528
-103.261001536
-102.274643607
-100.004759959
-99.6313098715
-103.127952959
-103.303259414
-103.379174612
-103.449356194
-103.371932859
-104.532891544
-102.481034988
-102.376637803
-103.567228382
-103.678960839
-103.613768109
-103.435376609
-104.692879368
-103.879727593
-104.000591998
-103.87444109
-104.03627689
-103.036198006
-102.904869989
-102.462027478
-102.966411522
-101.462963128
-102.354298572
-102.58717456
-105.073632768
-103.895831174
-102.675375169
-103.87412533
-103.139344585
-100.71409911
-101.653641022
-103.823554221
-101.12953094
-102.87087389
-103.951902617
-104.091261787
-102.938968001
-101.958308217
-101.333244916
-102.343158892
-102.925839511
-103.324754853
-103.688907126
-102.691671686
-103.648773269
-104.357414789
-102.804966504
-101.268266243
-102.981082206
-103.133113054
-100.994756517
-101.378807662
-103.050196488
-100.810214043
-101.549811339
-103.543150976
-103.525111456
-103.340588773
-104.176813157
-104.474915027
-103.837156301
-102.781061587
-103.442321858
-104.885223164
-104.332561378
-103.524577495
-102.803263334
-101.812372126
-101.158508474
-102.066041686
-104.595159436
-103.81994855
-103.609482425
-103.597142587
-103.849228049
-104.958394597
-103.076746444
-102.917708405
-102.430600571
-102.068304528
-101.502157192
-103.584918145
-102.353531929
-102.578103618
-102.055048424
-103.010838864
-103.62477186
-103.75726006
-103.525863239
-103.099851508
-103.843871702
-101.498378615
-103.093739804
-103.978649388
-103.72882545
-102.864692353
-102.819964645
-100.985441602
-103.266198243
-102.56435512
-104.01292435
-103.296414394
-103.275477929
-101.021750525
-101.39694994
-102.548522021
-103.781628144
-104.551935148
-104.138518747
-104.234526379
-102.302633811
-101.150158131
-101.904232613
-103.774596751
-104.069778071
-103.776806834
-103.937892738
-104.252939848
-103.630375511
-103.30824095
-103.314780951
-102.750851684
-103.107758221
-103.569086335
-104.712777175
-104.267738437
-104.228420366
-103.713473551
-102.69313131
-102.747749919
-103.411098151
-103.123661668
-102.937695596
-102.837825087
-103.594267956
-103.371201759
-102.15567841
-103.591512989
-103.30670678
-103.082565655
-103.588287231
-103.189919518
-103.492933752
-102.535385036
-104.439507893
-103.983227346
-104.059867537
-102.485217933
-101.484813572
-103.941944655
-104.713868343
-105.108232694
-103.718526301
-103.123351278
-101.70083841
-102.228403914
-103.047194378
-102.65743728
-102.217615559
-103.695223473
-103.306303872
-102.814042048
-104.506294828
-102.640260272
-103.53743676
-103.452276394
-104.712131397
-103.597342978
-103.385143031
-102.967054088
-104.829023747
-104.196858407
-103.353982194
-102.591220595
-101.95089052
-103.187373197
-102.629566023
-102.184215998
-101.204164152
-102.649360041
-103.431614966
-103.169146156
-103.315015165
-103.415543771
-104.10401769
-101.368301238
-101.79583033
-102.898464676
-102.085109999
-102.768453785
-102.786405114
-103.793884657
-104.050333267
-103.13722043
-102.718344659
-103.071386535
-103.748855629
-104.338062738
-102.579026255
-103.04900394
-103.504848177
-103.924844056
-105.379668687
-104.142715987
-102.101169721
-101.414394513
-102.483331666
-103.024875242
-103.633456518
-102.380853924
-104.205810046
-103.457983268
-104.23654379
-102.501698636
-103.56408809
-103.257591584
-102.166860226
-103.286800961
-103.542108676
-104.015845821
-104.392495519
-103.434605483
-101.801598489
-102.946163138
-102.739566055
-102.394662604
-103.331184037
-103.873675826
-103.528983837
-102.222281416
-103.707001153
-103.648822318
-103.203150222
-102.949214901
-103.617691316
-103.215053759
-101.943863654
-101.630206384
-102.119118559
-102.664680294
-104.206527923
-103.734109251
-101.882303321
-102.981317302
-103.957572382
-103.165752192
-102.689005687
-101.79757852
-103.087834518
-102.344344112
-103.565604268
-103.304999664
-104.102856107
-103.590305893
-104.078126219
-103.459380148
-102.255258535
-104.661041635
-103.770177321
-103.595876069
-101.648658508
-100.799483446
-102.64485948
-102.737210545
-102.945347144
-102.522590137
-103.144928253
-102.525396373
-102.405683787
-103.022533169
-103.425686693
-103.018780371
-102.686191169
-104.451997187
-102.805696854
-103.870577985
-103.474735809
-102.941559341
-103.406987698
-103.190972856
-102.348225106
-101.668661929
-104.185202076
-102.795526421
-102.505798851
-102.649928865
-103.164545499
-101.948571713
-101.768247983
-102.115504543
-103.876121672
-102.340550541
-102.281974554
-103.01824217
-104.230006426
-103.472906177
-102.7462971
-102.767752382
-104.314785408
-103.296338455
-104.493005731
-102.137309874
-104.238932794
-103.327896692
-102.748366882
-102.312610878
-102.890972682
-103.181550979
-103.657827776
-103.878799685
-102.689713564
-103.232927724
-104.153291618
-104.154749711
-105.533367419
-104.351355261
-104.690384001
-103.637900664
-101.774445055
-102.901467993
-102.324377912
-103.450705887
-103.911573525
-102.746551346
-103.298954896
-102.702896675
-103.079548479
-103.91407233
-103.279215936
-102.605843005
-103.465517092
-102.273693004
-102.159111468
-100.846248485
-103.162438438
-102.182968942
-102.876392566
-103.368046631
-103.61973533
-104.159981245
-103.512205934
-102.80556452
-102.598941974
-103.42830154
-103.551624743
-101.725273686
-101.339740481
-103.124433683
-102.597676298
-103.852686251
-103.401710466
-104.11391838
-102.676308172
-103.314555562
-103.974907551
-103.602819332
-103.014292865
-102.506168541
-103.445206594
-102.35975156
-102.329883673
-103.9016559
-102.655861751
-103.953018625
-102.88283289
-103.098200242
-103.597861
-103.711828364
-103.781496432
-103.31094246
-103.427789785
-102.998909013
-103.556501154
-103.113754752
-103.26507155
-103.050720803
-102.402913436
-102.572697047
-103.48813874
-103.76573719
-104.788311516
-102.265746121
-103.345983381
-103.638841678
-104.320965437
-102.807564734
-102.043850707
-103.769015496
-102.621812014
-103.396817148
-103.517967651
-103.163656003
-103.107653841
-103.842512405
-103.30548227
-104.263276991
-102.363845663
-102.194071293
-102.169939127
-102.001454456
-103.604683881
-103.394327851
-101.075350508
-103.754636804
-102.001949953
-103.246206229
-103.939841507
-104.355734998
-103.622307072
-102.278037227
-101.859593387
-101.112743083
-101.649359255
-103.919217999
-103.56436522
-103.111370088
-103.96420986
-103.722505872
-104.280099143
-104.345612719
-104.466800786
-103.973845866
-103.531201333
-102.083864014
-102.408985231
-103.546072749
-103.683009447
-103.629364177
-103.387547794
-103.661724187
-102.485051893
-103.544234976
-104.285707334
-103.504425399
-102.485179012
-102.311619107
-103.526197012
-102.256401144
-103.881063451
-104.300483372
-102.950462948
-103.122865467
-103.352269047
-104.589718268
-104.091675207
-103.527022657
-102.713898102
-103.496821363
-102.690040248
-101.778663055
-102.453942224
-103.094565799
-102.477095578
-103.089146218
-105.136170434
-103.304266896
-103.218385378
-102.679456818
-103.022834534
-103.532732444
-104.241183408
-104.383307604
-102.784202842
-102.294924883
-103.184403387
-102.796829139
-103.482113134
-102.178046384
-102.356907855
-102.835553188
-104.21643843
-104.634313154
-104.020017009
-103.301686453
-103.617165836
-103.228066003
-103.253919594
-101.205748042
-102.597351891
-102.560842869
-102.481938909
-103.478066918
-103.047751479
-102.491698168
-103.135823876
-102.404898125
-104.193060765
-104.165220738
-102.770657951
-103.412614185
-103.537771066
-102.830871354
-103.973578809
-103.469185654
-103.285774964
-101.669532526
-102.789631027
-101.95198253
-103.638176338
-104.733320507
-102.84730349
-103.624238971
-104.325600783
-102.651633165
-103.341548682
-103.88972947
-102.717620875
-103.329536312
-102.088628263
-102.336449378
-104.047716724
-103.805929161
-103.590807183
-103.952735572
-103.292221177
-103.735134448
-103.367278448
-103.488042089
-103.008469917
-102.34712074
-101.830433388
-103.050627353
-104.044443749
-102.583302123
-102.726679814
-103.286249041
-102.308687631
-102.557193673
-104.585835564
-103.204765879
-103.956821408
-102.775931202
-103.22932072
-102.696245737
-103.464147003
-102.772023224
-103.860448274
-102.535462083
-104.410996179
-102.843331395
-102.29609996
-103.025336262
-102.504252907
-102.817792753
-102.054140631
-103.005864557
-102.914986887
-102.584995656
-103.517769113
-102.080582247
-102.289221273
-104.305054748
-104.66294596
-103.735670663
-102.511887557
-103.230672871
-103.327274601
-103.218066156
-102.908445957
-103.291158841
-103.088489192
-103.65545194
-102.241527731
-102.831644587
-103.116013479
-104.830862389
-103.06293348
-102.100258899
-102.269119206
-103.677545325
-102.854030595
-101.929736514
-104.061054706
-103.422560544
-102.755467368
-103.552487816
-104.196176588
-103.498318477
-103.248645416
-103.262368946
-103.927437154
-104.036703519
-101.290484962
-102.114858617
-103.371635459
-102.359870712
-103.143282895
-104.329336344
-101.656766732
-102.885300981
-103.444972238
-104.054317904
-104.398230398
-102.6872453
-101.397633894
-104.024827196
-102.961518746
-102.720751443
-103.18584
-102.782374665
-104.147418152
-102.475913809
-103.209068968
-101.338454438
-102.026514976
-101.795524063
-102.922341474
-104.140280118
-103.362503253
-102.625188574
-103.078006013
-104.182337057
-103.327646485
-102.634358499
-102.771149878
-104.023054969
-101.713503927
-102.26403608
-103.297255887
-103.160459641
-101.59815809
-101.866134
-104.419818869
-104.22069833
-103.837574897
-102.958440218
-101.610006697
-101.930601419
-103.012531535
-103.675480925
-103.002032457
-102.079958838
-103.177454352
-102.90947332
-103.132430493
-102.839739044
-103.639117046
-102.547714921
-103.716818593
-100.574904948
-100.254815489
-103.065407856
-102.767339423
-102.838785757
-102.69864089
-101.259611165
-101.441253333
-103.427999211
-103.137380185
-103.456154025
-102.345068739
-104.17537863
-103.130321085
-102.322070712
-100.2948874
-100.390799537
-102.241835354
-101.21947549
-102.351986558
-103.837629948
-103.508881155
-103.427699687
-103.750571112
-102.569046731
-103.784166555
-104.244753395
-104.3585784
-103.778428177
-104.813317274
-102.960995405
-102.971438529
-103.21000024
-101.628443356
-101.888064565
-104.426252736
-103.090708741
-102.91159395
-102.971825632
-102.456048833
-101.712378856
-103.429455731
-103.164588063
-103.274682287
-103.740450982
-101.868612291
-102.837314315
-103.235542172
-102.673257419
-103.143574185
-102.59106365
-102.470615312
-103.759309643
-103.811877692
-101.176319595
-103.296303693
-102.941410361
-102.774102911
-102.438344662
-104.104048177
-102.618664445
-101.858421106
-102.78273838
-103.520269078
-102.028100972
-103.89822324
-103.527977683
-103.227528141
-102.279459562
-103.089345404
-103.441535191
-104.022823967
-104.215688883
-102.725292025
-102.18142407
-102.663840523
-103.142607205
-102.472890012
-103.095603349
-101.30069843
-100.788023029
-102.441905565
-102.834416925
-103.872333376
-102.458821571
-103.861948521
-104.15348444
-102.677699126
-102.696038509
-102.765990557
-103.001711087
-103.878696639
-103.474823373
-101.341605704
-100.807570579
-103.100904195
-104.21494572
-103.819065301
-104.271078977
-104.007645843
-103.052590226
-103.622063326
-103.138457957
-103.621737018
-103.67732904
-102.573732271
-102.243071625
-101.617892578
-103.475717041
-102.605570092
-104.781733032
-103.746918798
-103.363107106
-102.200495543
-102.149365939
-102.32749173
-100.25251205
-101.524579232
-102.282598251
-102.176962281
-103.074375596
-102.645712441
-102.076969048
-103.13286927
-103.190552874
-101.41073085
-102.665983751
-103.032960008
-102.667025396
-104.207465297
-104.371072369
-104.524228166
-104.247611584
-104.137117701
-103.378455706
-102.317126485
-103.644764482
-104.171550586
-103.393686162
-103.234060414
-103.179909762
-102.499364135
-102.393682626
-102.719461886
-101.443997152
-102.885600649
-103.136254538
-103.926049112
-103.477044341
-103.64296709
-102.319874709
-102.214282225
-103.207458323
-102.199979491
-102.828174606
-102.150728857
-103.307080291
-103.380202614
-104.288003952
-103.524869191
-103.088085117
-103.468568978
-104.214833965
-103.601569623
-103.5926066
-102.530611639
-103.274005653
-102.215841989
-101.915932212
-102.90484069
-102.680023741
-103.882154062
-103.250418014
-103.815590774
-102.999001357
-103.166907133
-103.351590471
-102.703774657
-102.748234201
-102.994987004
-104.500465434
-103.352022218
-103.210681865
-104.117162202
-102.684650617
-102.171099357
-100.373706453
-102.566405864
-103.210011489
-103.703418642
-103.74477813
-103.155727013
-103.73251295
-103.278219626
-104.083657424
-103.990708418
-103.075626457
-102.872816554
-102.695576471
-102.922911587
-103.009247944
-104.003111587
-104.948304713
-104.695638412
-102.763673219
-102.438408372
-103.656632911
-103.112543654
-102.044983552
-101.32844708
-103.115591942
-102.20517296
-103.140256465
-102.440659887
-103.009280484
-102.790595514
-101.8078587
-104.522983508
-103.773567472
-103.555772353
-102.442195276
-103.575796457
-102.131034091
-104.138483511
-103.692119422
-102.178154652
-103.412122993
-102.76842599
-101.867395313
-101.542208003
-103.822984184
-103.691422952
-103.096358467
-103.00173947
-103.132147425
-103.520614504
-103.028878614
-105.080461821
-103.987702491
-103.27154346
-104.061282921
-101.355871546
-102.275167274
-103.372330225
-103.216680479
-102.691670217
-102.2049745
-101.323622822
-102.945838715
-102.921275771
-103.11533522
-102.419683746
-100.604841598
-102.770410962
-102.643746467
-102.835485502
-103.150290011
-103.51475061
-103.588802368
-102.482824547
-102.775802466
-103.790477481
-101.78480734
-103.573521184
-103.397492809
-103.761104386
-103.337252398
-103.634276909
-103.864716286
-105.205202178
-103.426051801
-102.276210528
-101.756013815
-102.432467111
-102.581252834
-102.720441358
-101.303382997
-102.718503317
-102.716230072
-103.208591996
-104.33365835
-102.895895222
-102.441407417
-104.399168313
-102.896478804
-102.08188598
-100.786972582
-102.034204922
-103.022032841
-104.181607856
-103.317947803
-103.108695168
-102.349183481
-103.523298532
-103.968145375
-103.525998809
-102.895213246
-103.127925687
-103.523590498
-102.789118084
-101.657719186
-103.308495457
-102.564425553
-104.845182075
-103.069145447
-103.472946952
-103.90691933
-102.9388934
-103.38807103
-103.918093895
-103.783091966
-103.716910804
-104.406332461
-104.194757235
-103.964927862
-102.027919513
-101.140896253
-103.326919403
-101.852022777
-102.833959044
-101.715831874
-103.524215392
-102.434754294
-104.029694663
-104.34989676
-102.634340822
-102.535592387
-103.167965389
-103.752645658
-103.661595327
-103.523610413
-103.208809306
-102.870283336
-101.574111532
-102.782256532
-102.497074407
-102.132634974
-101.108969439
-103.66902735
-102.966845416
-102.313415008
-101.642114738
-103.560135161
-102.828163394
-102.947876883
-103.036092153
-102.945059824
-103.475658301
-104.618091927
-102.837722139
-101.467962491
-102.662826185
-101.428690669
-102.365738207
-103.786126873
-104.27679142
-103.206438667
-102.980170503
-103.469664375
-102.691387454
-103.093733361
-103.415363042
-103.096362335
-103.26555309
-103.700348734
-102.975875992
-103.677438103
-103.92463733
-104.5957225
-103.838445859
-102.093493433
-102.29140263
-102.909543404
-103.162035931
-101.739774513
-102.814322944
-103.286123109
-103.755283091
-103.558094624
-102.736324592
-103.145354929
-104.130127013
-103.031506395
-102.860457661
-102.228658084
-101.619413666
-102.531457734
-102.880743429
-103.083051477
-103.201629939
-102.483067184
-102.746509119
-102.488736784
-102.374755518
-103.036037479
-103.088981469
-101.95367383
-102.182833391
-103.305725115
-103.56207404
-103.67440454
-103.2449603
-104.855770941
-102.718192211
-102.90665452
-103.590798154
-103.630147712
-105.16485598
-104.651841004
-102.972309872
-103.060367173
-103.462245383
-103.662655322
-103.460333731
-103.977687074
-102.402382104
-102.531560465
-102.657386005
-103.384208225
-104.6098914
-104.513457582
-103.0641305
-104.306546816
-103.390679875
-103.685857423
-103.208766637
-101.931352621
-103.036277476
-100.989881248
-100.980829846
-102.711908105
-104.550691086
-102.579444868
-104.452318249
-102.872013611
-102.378768986
-103.901838642
-103.738715201
-103.442929581
-102.371687291
-102.030686575
-103.746077976
-104.38217982
-103.651886775
-102.048879675
-103.725986426
-102.456354232
-102.507160165
-100.921727099
-101.720661041
-103.61540707
-102.203017684
-101.882041096
-103.259104148
-103.770192754
-103.880289298
-104.479602936
-103.410368051
-103.268184911
-102.722608568
-103.677836793
-102.978946831
-102.408304605
-103.702562852
-104.203816425
-104.551377281
-103.56563515
-103.096707225
-103.327481614
-103.002788512
-103.307729274
-102.409888037
-103.483168615
-103.385002488
-103.32279138
-102.734151714
-102.582046435
-102.684908608
-104.068850996
-104.510875683
-102.961656231
-104.379953717
-103.779953168
-103.711316623
-103.07031887
-103.008413063
-103.849506352
-104.452179516
-103.991190003
-103.832326061
-103.722677879
-103.011894849
-103.957959119
-102.836863415
-102.54746978
-102.786562977
-102.620253975
-102.398646485
-103.036886272
-101.897530716
-102.786821991
-104.19543302
-102.111445449
-102.489500204
-102.12300348
-103.327600253
-102.534676665
-101.785714407
-103.618138714
-103.829138136
-102.491400368
-103.474848341
-103.287789136
-103.650012838
-103.854862749
-102.975388847
-101.573923568
-101.546732764
-103.988784987
-103.744309637
-102.701962064
-104.009952337
-103.434226417
-102.956365254
-103.449238378
-101.650593804
-103.664750739
-101.584408898
-101.883640524
-103.208503355
-103.603467323
-103.008425381
-101.950162665
-102.613006755
-103.596638033
-102.199368594
-102.491942984
-103.143158435
-103.907204851
-103.304153627
-104.206173756
-101.852854429
-101.355324516
-103.468916989
-102.700440034
-103.654462972
-103.348306436
-102.799678071
-102.821485283
-103.570729728
-103.488486205
-103.269041074
-103.830142889
-103.34909006
-103.751442413
-101.784541405
-103.133323369
-103.014841016
-102.510370424
-103.323598603
-103.99685739
-104.088329661
-103.670563694
-103.343629154
-103.908891167
-103.768913517
-102.6320049
-102.610309633
-102.133692573
-103.293349877
-103.123127824
-103.182396806
-103.549558147
-101.948779088
-102.762330565
-104.062938745
-103.819980914
-102.768589776
-101.044990962
-102.643485392
-102.201964843
-103.860109704
-103.714902684
-103.147330441
-103.631554786
-102.813995838
-104.852692411
-103.818309352
-103.166098708
-103.718361154
-104.525577097
-102.960379973
-102.485036213
-101.439427578
-102.663129849
-102.908002427
-103.474037125
-103.537596239
-103.414682514
-104.264789361
-102.858430807
-104.172591523
-102.51243443
-103.04695059
-103.73852761
-103.134611162
-103.075286123
-103.17440829
-102.520839736
-103.149320556
-103.591378971
-102.421102477
-102.851246321
-102.682287191
-101.799356584
-103.820318654
-104.651679148
-103.282602544
-102.777744987
-102.849555358
-104.042982136
-103.712241738
-103.193338691
-102.675587556
-103.173077806
-103.272900767
-103.122187758
-100.707210267
-102.384356217
-103.539585045
-102.412345907
-103.395940949
-101.839476338
-101.954929108
-101.969234046
-103.149938881
-101.224667952
-100.794600441
-103.441237523
-103.310703048
-104.248262867
-103.364325005
-102.601827049
-101.789503925
-101.11850557
-101.243722823
-102.956607444
-103.613022374
-103.518969357
-102.80961686
-103.055015295
-103.687756496
-104.551293922
-103.374615529
-103.00711131
-103.316264066
-103.268218444
-102.67859457
-102.968245309
-103.049801062
-101.254149012
-102.296913908
-103.254440679
-102.319942635
-102.292382027
-101.999503079
-102.338007634
-103.278171901
-101.25792477
-102.22930796
-104.140137067
-102.719152485
-102.110579219
-102.794529268
-102.896289193
-104.18742501
-103.241726222
-102.916623119
-103.440001006
-102.374112986
-102.972683268
-102.794278211
-103.860238058
-102.751449439
-103.474078262
-104.18083823
-104.170584195
-102.983526387
-103.281121797
-103.039775956
-103.508395611
-102.850379742
-102.919824087
-102.806908246
-103.813877176
-103.852322969
-104.324298436
-104.027525035
-103.542317973
-102.405552375
-103.66081087
-104.581738976
-103.961940507
-102.026849564
-102.801370802
-103.501973815
-102.587870618
-101.893206482
-103.706780058
-103.100246357
-103.839812681
-102.982670061
-101.85096287
-102.971775833
-103.325067745
-102.86270048
-103.902943022
-103.726501763
-102.417024631
-103.240606192
-102.138652985
-102.360026865
-103.568087016
-104.306943339
-103.694075977
-102.692636392
-102.678717529
-102.438935819
-102.040695581
-101.16656115
-102.912219806
-101.333040462
-102.981208698
-102.454519938
-103.44485035
-103.351636276
-104.693817014
-104.52562816
-104.511251575
-103.474421792
-103.785020072
-102.96360774
-102.46080024
-103.050663712
-102.650487583
-102.961697165
-103.47390809
-104.104770162
-104.248432217
-101.955889271
-102.60891186
-102.756545902
-102.456979003
-103.571624654
-103.63517408
-103.338033349
-103.637419099
-104.593446566
-102.141512226
-102.117308602
-102.903433642
-103.613111681
-103.912173978
-103.10613302
-102.745341509
-103.423080023
-103.221472073
-103.727569893
-102.417371128
-103.580973607
-103.585253962
-103.167042104
-102.621951291
-102.279110009
-102.687500512
-103.608910426
-102.549097964
-103.101657008
-101.805893243
-101.966099353
-104.04572537
-102.870214801
-102.234608532
-100.0551143
-102.9569205
-102.709423365
-102.222927176
-102.757367424
-101.906323473
-102.336240227
-103.212483062
-102.327511442
-103.520009316
-101.907326385
-101.942894777
-102.246417596
-101.847313735
-102.840934138
-102.026135572
-103.158788771
-103.267612218
-102.924574664
-103.293525937
-103.19808116
-101.907092547
-102.054939885
-103.55134234
-102.688667051
-104.168369038
-103.154376434
-101.23121741
-101.853459631
-101.808744716
-102.375718947
-100.924895296
-102.304752615
-103.995456104
-104.564018508
-104.516669906
-102.627386874
-102.089398104
-101.972979158
-102.466060564
-104.059021022
-101.951527368
-102.986571844
-102.502954075
-104.235761015
-104.347981662
-101.82504387
-101.530041073
-102.341710397
-102.659455514
-102.757365934
-102.190841535
-102.698816771
-102.952900244
-103.586639346
-102.29018706
-102.009048927
-101.04322354
-101.737241361
-102.767882373
-103.470016338
-102.87573417
-103.015765089
-102.80507953
-102.181056996
-102.870897453
-104.215016194
-104.233439503
-102.466813037
-104.457578839
-102.153326273
-101.217325296
-102.053423659
-103.052720414
-105.111307694
-103.376833273
-103.859666644
-102.838345032
-101.072133769
-102.81193168
-103.598273073
-104.328550792
-103.997679974
-104.093955399
-103.300149529
-102.453568335
-103.283426894
-102.306974307
-103.858663873
-103.701146665
-104.066729026
-103.885277955
-103.25586688
-102.277818057
-101.341983149
-103.190586471
-104.01946923
-104.256407949
-102.874121536
-102.633633221
-103.155517898
-102.81209802
-102.937762408
-103.596153427
-103.415304766
-103.87461575
-104.589230978
-103.997668074
-101.755546069
-102.393657128
-103.216715273
-101.925413093
-103.009786612
-103.315064314
-103.658328851
-103.682276074
-103.496843276
-103.454145303
-102.931746905
-103.404593257
-102.880167785
-103.750268353
-103.140578485
-103.106159186
-104.32121542
-102.002026111
-101.765219895
-104.046010137
-103.504957597
-103.807597102
-104.843520978
-104.656004286
-103.581361737
-104.764391982
-102.171040232
-102.968562648
-102.466323176
-103.877729593
-103.886110213
-104.551290318
-103.131645357
-103.020462521
-102.887606741
-102.822630575
-102.304889608
-104.681456268
-103.32715971
-103.376098597
-103.623391363
-105.393048383
-103.344431045
-102.17401367
-101.760740489
-102.548720623
-104.359049967
-102.779397727
-103.202583067
-102.100812443
-101.926551403
-102.094085522
-102.233681714
-103.530199651
-102.157104583
-103.270757263
-104.237110425
-101.818431755
-102.471003231
-102.613537382
-103.656944982
-102.670578444
-103.77861863
-103.598419968
-103.469188815
-102.429948343
-103.624559279
-103.887426379
-103.888223078
-103.719299305
-103.096407459
-103.520208667
-104.610182786
-104.161411106
-103.845828519
-103.930812528
-103.069702487
-103.807806684
-102.528807375
-102.596378529
-101.521324709
-103.005382243
-104.467583904
-103.499073416
-102.811593887
-101.180460345
-101.366630981
-100.791188786
-102.44162502
-103.866876499
-103.814277563
-103.449320884
-101.882684501
-103.156608678
-103.604519383
-101.624276831
-102.521382937
-103.409692116
-102.956684535
-104.08500895
-104.033778788
-102.761923493
-104.963768656
-104.517498283
-103.493237456
-102.55138544
-102.264018251
-102.539179242
-102.77300475
-102.458259703
-103.34736279
-103.727491619
-102.127160547
-102.894748295
-102.121087364
-102.771998397
-103.52950552
-103.05594157
-103.682996904
-102.2973861
-103.086947086
-105.034500227
-103.933363466
-102.643390433
-101.742719768
-102.550671611
-103.845938449
-102.738872567
-102.290615951
-103.099736028
-104.150532614
-103.571220135
-103.393516695
-103.802444646
-102.798390449
-102.931264995
-103.96231347
-103.841579402
-103.062598616
-102.424664176
-102.89100404
-102.618037919
-100.977442901
-103.55170528
-103.485707963
-101.280458826
-102.636160195
-102.094138235
-102.011884839
-103.214025033
-103.525691381
-101.755347245
-103.553699127
-102.500227765
-103.437880138
-104.78124462
-101.754158753
-103.952961306
-103.076839175
-102.311428905
-103.046959194
-103.541659399
-102.60144136
-104.376035896
-103.944602059
-103.096228254
-103.265169395
-102.987816213
-101.992311693
-103.354299252
-102.816323873
-102.661124486
-102.742333987
-103.339441595
-103.864538176
-103.18843283
-103.384079765
-104.673499117
-103.381076332
-103.792322608
-104.102858545
-102.981229414
-101.923642708
-101.745897995
-103.345979626
-101.739141086
-102.25600218
-103.938720662
-103.321320632
-102.682552661
-102.367063125
-102.711155307
-104.347549559
-102.492063855
-103.476608782
-102.332155564
-100.300493504
-100.546877078
-102.602497843
-103.944236883
-101.849332376
-101.133929655
-101.829544863
-101.765487496
-102.757788381
-104.56854126
-102.704236685
-103.194731446
-104.262953161
-103.827311248
-101.719543035
-102.476765523
-103.094995289
-103.908972779
-103.465758525
-103.715144635
-103.830528367
-104.255696091
-103.356060763
-103.831796868
-102.620539367
-102.521529195
-103.552505
-104.659462418
-103.819247646
-102.783730729
-101.654815733
-102.822793089
-102.248402554
-103.823062674
-103.458460056
-102.722932708
-102.771670574
-103.020577179
-103.223447343
-102.637508767
-104.087469077
-104.290465569
-102.905242875
-102.162426884
-102.447385079
-102.565041826
-101.981394546
-101.757134146
-103.039509042
-103.364132682
-104.015592499
-104.038596242
-102.946780295
-103.30512141
-103.630289493
-102.713577882
-101.205496116
-102.452076437
-103.311722419
-102.080623572
-104.673802682
-103.403097315
-102.559619863
-102.671245329
-101.218403607
-102.976272583
-103.306341759
-104.361340855
-103.768272347
-104.00569781
-102.296557049
-102.637732072
-103.244759183
-103.079722181
-103.941713619
-103.735991453
-103.817496073
-104.386623739
-103.753418759
-101.324570527
-100.086615506
-102.909818813
-101.244735318
-101.718898
-101.921215447
-104.475143037
-103.543170981
-103.162909386
-103.134178062
-103.884875992
-104.345338983
-103.812632522
-104.57579436
-102.640991592
-101.718156375
-102.693862775
-104.109558791
-102.427548741
-102.475981426
-104.044379999
-102.849915912
-100.690011367
-102.585385331
-104.786166887
-103.421120923
-103.90934433
-103.262240022
-103.387863865
-103.102294404
-103.761221207
-102.868923837
-103.667077634
-104.415324713
-103.850923827
-102.582567566
-102.884953749
-102.124059766
-101.353918185
-103.782221087
-102.433975532
-103.424818556
-103.200917706
-103.85682107
-104.129062678
-104.266586671
-103.244059184
-101.158213478
-103.277742729
-104.386213367
-104.731632127
-104.017070819
-101.554124832
-103.040186379
-101.714402787
-102.838638135
-103.582115752
-102.991813872
-101.754387812
-102.269316623
-103.139179875
-101.281871704
-103.225940856
-103.635520375
-103.870376908
-104.443052696
-103.267670221
-102.936172556
-102.228963213
-100.867800453
-102.225918427
-103.63826872
-102.095835649
-103.821619219
-104.160328371
-102.783184594
-103.762022136
-102.899276837
-102.533458173
-103.201488275
-102.905454777
-104.438905884
-103.661169125
-103.458024604
-102.403928201
-103.413135942
-102.779271285
-102.089652702
-103.519372947
-102.431670228
-101.470886397
-102.568947962
-102.939784974
-104.037777882
-103.073573631
-101.586557999
-103.211075999
-103.324043199
-104.131048447
-103.209585361
-104.540660598
-102.433712378
-104.461416473
-104.676642848
-104.189271001
-104.402358563
-103.263682186
-102.079401825
-104.04090241
-102.843143786
-102.621939733
-103.907484174
-102.837905869
