linux; GNU C++ version 5.3.1 20151219; Boost_105800; UHD_003.009.002-0-unknown

-- Detected Device: B210
-- Operating over USB 2.
-- Initialize CODEC control...
-- Initialize Radio control...
-- Performing register loopback test... pass
-- Performing register loopback test... pass
-- Performing CODEC loopback test... pass
-- Performing CODEC loopback test... pass
-- Asking for clock rate 16.000000 MHz... 
-- Actually got clock rate 16.000000 MHz.
-- Performing timer loopback test... pass
-- Performing timer loopback test... pass
-- Setting master clock rate selection to 'automatic'.
-- Asking for clock rate 32.000000 MHz... 
-- Actually got clock rate 32.000000 MHz.
-- Performing timer loopback test... pass
-- Performing timer loopback test... pass
64
Using Volk machine: generic_orc
gain = 38.0
-114.00130701
-112.002872397
-112.615687807
-112.772776924
-112.794814843
-111.57352905
-111.784769748
-112.595820122
-112.888952974
-113.17096234
-113.697360392
-113.066740168
-112.600247841
-112.40045307
-111.670353221
-112.499935912
-111.245008734
-110.831397591
-112.206566835
-112.149321298
-111.205011282
-109.855260002
-110.147293616
-107.195936505
-105.527550739
-106.763154061
-109.633008441
-109.592225287
-111.785987327
-112.773714184
-111.095374178
-110.627730053
-111.072085334
-112.78749196
-112.054353045
-112.582506001
-112.815669534
-112.411440388
-112.718588779
-111.610879865
-113.082222528
-111.949544394
-112.699473078
-112.560603397
-112.709855549
-111.948248236
-113.178294209
-112.425728643
-113.129334805
-114.14222448
-113.8722748
-112.008718718
-113.005623945
-113.615490705
-113.210587225
-113.442476312
-112.808821218
-113.979062889
-113.276754317
-113.641915817
-112.884564489
-113.324582109
-113.48402462
-112.578708174
-113.035156594
-112.973254546
-111.597034717
-112.07097139
-110.689968493
-111.032176983
-110.616893291
-106.546896961
-104.441191852
-106.570406427
-110.086962617
-110.866487399
-110.980225406
-111.754733257
-111.842357319
-112.038338318
-112.344362206
-112.793893311
-112.33871002
-111.711342994
-111.84420352
-112.537553993
-113.312404616
-113.004209271
-113.064412289
-112.325670229
-111.813146208
-113.455765896
-113.044165362
-113.302718581
-112.384450123
-112.353040012
-113.583534481
-113.614826935
-113.682676315
-113.787723259
-113.401170458
-113.479317226
-112.829575966
-112.51684334
-112.153836033
-113.031768927
-112.868324144
-112.943128297
-113.13527569
-113.18661122
-112.111542371
-112.154550834
-111.861263087
-112.737948508
-112.638616122
-111.7462022
-111.35816155
-110.755249413
-110.799925624
-107.18537364
-105.785691092
-107.699487974
-109.92247464
-110.715515915
-111.675508665
-112.17507429
-112.266261994
-112.638035654
-112.399247773
-112.522291412
-112.327827309
-111.267881716
-112.255259332
-113.382418652
-112.750705905
-113.241315549
-113.759351978
-114.100633687
-114.018977026
-113.044565451
-113.623118172
-113.82994377
-113.356570379
-113.004729562
-113.016319912
-113.090793561
-114.271554604
-113.886499724
-113.662308601
-114.385092362
-112.9960167
-113.170520927
-113.272254869
-113.146313718
-112.450354915
-112.35568156
-112.777622112
-111.70984371
-113.282648972
-113.018410034
-113.067191167
-112.967201369
-111.40659206
-111.174127612
-111.816922057
-110.680320105
-110.104504546
-107.728771245
-106.092287966
-107.396000196
-109.875005553
-110.431606999
-111.681075655
-110.686665316
-111.745988747
-112.203886805
-112.868024061
-112.649098555
-112.443141062
-112.604218881
-113.427316353
-112.406659534
-112.685890654
-113.223611297
-113.635095356
-111.642188587
-111.1292752
-112.326407471
-113.177818388
-113.595836744
-113.821819861
-112.619128263
-113.896854385
-113.383171355
-113.78073473
-112.740716894
-113.905598117
-113.528967369
-113.124607082
-112.509392287
-112.459183318
-113.747564968
-113.606497123
-112.985992292
-113.062498994
-113.84570107
-113.343868768
-111.709013471
-111.914699755
-112.386208251
-113.155077236
-111.762299233
-111.613440233
-109.566354874
-109.618078541
-107.606857857
-106.070898565
-106.999272973
-110.257922008
-110.795362598
-111.521735541
-111.95892352
-112.233920601
-111.787176039
-111.552920957
-112.510251155
-112.47701956
-112.443639201
-112.757566718
-112.680616146
-113.140245395
-113.329180334
-113.748374805
-113.001044295
-113.127983965
-113.800814315
-112.418790276
-113.324352389
-113.953411239
-113.524723252
-113.723071715
-113.542503259
-112.690046119
-112.433958444
-112.89973049
-114.632309096
-113.359000372
-113.272572058
-113.792937636
-113.63379383
-112.873354865
-112.369354758
-112.043561978
-112.881534183
-113.165301567
-113.052936764
-112.855100045
-112.132485883
-111.06563332
-112.50368759
-112.087232317
-110.360225327
-109.758412363
-107.57268559
-104.056130275
-106.183608067
-109.486975768
-112.164763538
-111.650439871
-112.389695144
-111.557963101
-112.620787222
-112.854437705
-112.506413964
-112.646177994
-112.762181191
-112.731632363
-112.837174789
-113.628991045
-113.198451301
-113.678926192
-112.245846638
-112.722893964
-112.106436831
-112.28180682
-113.421298591
-113.536351066
-113.550561263
-114.294956322
-113.317956113
-112.775889811
-112.953217087
-114.048251825
-113.003672084
-113.423334573
-113.986926704
-113.81813989
-113.650342742
-113.796982129
-113.421678962
-112.465607093
-113.517851155
-112.190793652
-111.624325173
-112.719434255
-111.811208565
-112.246636049
-112.551413799
-111.172585945
-110.552670905
-109.701052313
-108.070621851
-106.248447162
-107.503878783
-110.33181147
-112.271407769
-112.172532494
-112.066461843
-112.057631221
-112.696373679
-112.593889304
-112.029586384
-112.292865982
-112.197120094
-112.088371297
-113.621400551
-112.505662405
-113.987293212
-113.665809207
-113.224171828
-113.2032779
-114.02948798
-111.960756986
-111.868912944
-112.077348904
-112.077458834
-113.064118343
-113.995781504
-112.821052511
-113.219598422
-112.852442149
-111.746653349
-112.469291907
-113.497391336
-113.639767919
-112.75761181
-112.750322317
-113.663185784
-112.860567256
-112.706135151
-112.786206969
-112.295917807
-112.937027608
-112.737708492
-112.322704308
-112.763748304
-112.282583085
-111.120952394
-110.004099655
-108.074449989
-105.085352705
-107.83230204
-111.078461883
-111.924407104
-111.747711432
-111.731474958
-112.361207242
-112.722334651
-113.843089221
-112.483209149
-112.702681402
-112.559231069
-113.446764806
-113.03631753
-112.544611425
-113.151828172
-113.40186547
-113.654751795
-113.221082136
-112.963262943
-114.224323651
-113.145183309
-113.461856184
-113.161080045
-113.764271593
-114.273235584
-114.282223018
-114.13333079
-113.669992605
-113.314993048
-113.994261265
-113.999615187
-113.070814859
-112.331437549
-112.224338429
-111.997932371
-112.626681923
-113.033833537
-112.921044909
-113.18259374
-112.831022805
-112.46001909
-113.227559783
-112.45698401
-111.763314006
-111.483073009
-110.906974998
-107.009919211
-105.567753839
-107.387711385
-110.443587934
-111.15275873
-110.98410003
-110.92224403
-110.701666195
-110.582896556
-112.881605122
-112.300264607
-113.156945966
-112.237449286
-113.799978059
-113.956910017
-112.796838991
-112.584422812
-112.676685131
-113.356379598
-113.276662342
-113.130506576
-113.50009686
-113.423239006
-112.750887479
-113.248013295
-113.138029924
-113.647413024
-113.610713097
-113.299320901
-113.855579693
-113.699006494
-112.309684178
-113.199380299
-112.916611136
-112.480720017
-113.263400983
-113.625262855
-112.864858969
-112.460037533
-112.218047282
-112.907311217
-113.165149295
-112.585145505
-112.918116657
-112.865117195
-111.126897822
-110.898421966
-109.805876073
-107.146569876
-106.160487171
-108.141696547
-110.947042325
-111.179351302
-111.478879836
-112.344114862
-111.817873736
-111.502536124
-112.48301464
-112.494165403
-113.373389932
-113.540013045
-112.051351938
-113.011256439
-113.553789819
-112.95228783
-113.614552285
-112.378978487
-112.676208543
-112.925759789
-113.710945852
-112.87221793
-113.374888046
-114.044091831
-113.593838461
-113.166393825
-113.500075637
-113.354937884
-113.423618678
-112.793889553
-113.214082574
-111.904636791
-112.404749489
-113.280458451
-113.001826355
-112.927325062
-113.299122064
-112.820365474
-112.553386619
-113.16030067
-112.850528221
-112.569535899
-112.580889863
-112.115576611
-111.114242616
-111.095181027
-108.643762988
-108.191789394
-106.689060657
-107.85927997
-110.270045424
-111.62493208
-110.513827493
-111.869485458
-112.776443339
-111.212791574
-112.962740954
-113.48123972
-113.909770331
-113.154640293
-112.996655315
-113.49835516
-112.62789018
-113.364823077
-113.474430759
-113.572851567
-113.388203486
-113.864591647
-113.469447487
-113.720753057
-114.389711446
-113.526509813
-111.967709602
-113.062287124
-114.029626833
-113.425409754
-113.04500818
-114.494456566
-113.021070925
-113.587842807
-112.773619925
-113.935045995
-112.267749523
-112.502490552
-113.345807742
-112.074042126
-112.60920796
-111.846740571
-111.961722721
-113.242206263
-111.904084731
-112.134448038
-111.383654156
-108.336891686
-97.9572857662
-88.7892152973
-86.1439241685
-89.8116119996
-100.762176715
-109.10365364
-111.826232014
-111.888263152
-110.864849652
-113.093197225
-112.942553114
-112.648465443
-113.001626096
-112.87454646
-112.085580273
-111.830087287
-112.934710761
-113.479834297
-113.606552403
-111.46783151
-113.467457796
-114.515117738
-114.318856917
-114.175930108
-113.64424303
-113.019889513
-111.418362847
-110.998474822
-110.323398371
-110.260235113
-110.033381366
-109.372743834
-108.217391889
-109.934585865
-108.322236445
-105.922843847
-104.855100165
-105.559283976
-109.175305623
-107.163834556
-101.58585502
-99.5730634564
-101.095435073
-94.0707661743
-86.0813050627
-83.7741388499
-76.9500432469
-59.7938083255
-50.0134205344
-47.1481536844
-50.5900086613
-60.7372326405
-73.2385136476
-69.7112134968
-73.3383876601
-83.2019110735
-101.500755186
-102.373469731
-104.977435506
-108.839057453
-106.578632379
-103.43635526
-104.537689652
-107.536978633
-109.722672865
-111.563356717
-109.108191246
-108.227307572
-109.30472948
-109.249556409
-109.088075629
-110.252517828
-108.699536142
-108.633291206
-86.2828380085
-86.2707933441
-86.1761741927
-86.0813538722
-85.9522874684
-85.5705510104
-84.9556817807
-84.155172691
-83.3038782101
-82.4143913408
-81.3183826786
-80.1513694442
-78.9682005903
-77.7105852803
-76.4650756281
-75.2462638766
-73.7255197294
-71.5074155067
-69.0987784645
-66.6808130893
-62.5770983252
-57.0731059931
-50.138714482
-47.3206171639
-50.8895331298
-57.0903331588
-62.2345416688
-67.59927387
-71.9855852502
-72.6378109491
-73.1123639186
-74.2375730796
-75.4697180334
-76.7394076646
-78.0147699242
-79.3213732631
-80.526626381
-81.6163672366
-82.7141076474
-83.6697333016
-84.4780276451
-85.2761453529
-86.1293785861
-87.0093584445
-87.5895495655
-87.7636230591
-87.6749624657
-87.6992402777
-103.432829245
-102.516520261
-103.041595795
-103.741559569
-103.301234678
-103.127789979
-100.220202376
-101.537818073
-101.126641212
-98.0254507346
-96.9393112038
-95.6396666568
-94.6708618272
-91.7472280544
-89.0789715688
-89.7528433748
-88.9670933035
-89.4526773584
-85.8671402931
-78.4855538939
-77.7108822952
-59.5897843341
-50.0982584211
-47.2893994333
-50.8605631796
-60.7297497359
-70.5162833008
-69.9920408263
-73.3339416661
-83.4536964393
-89.0864138371
-88.1009629059
-89.4430506763
-92.4078243788
-93.5818684123
-94.5797518166
-95.7275957298
-99.118751014
-100.003406246
-100.126035579
-101.223259739
-102.133197308
-103.704340223
-103.161052728
-103.758479934
-104.339013062
-103.712389939
-102.628296022
-88.0020691807
-87.5460431861
-86.9607637192
-86.8111241878
-86.5417166604
-85.7739917213
-85.1884008759
-84.7184732924
-84.0928468425
-83.4682103214
-82.8706575976
-81.8712322476
-81.1499126371
-80.3395000913
-79.2296211714
-78.482894011
-76.9807197201
-74.9410030936
-74.4064116988
-74.4467410271
-68.1024982764
-57.3401866355
-50.1152546999
-47.263520356
-50.7732913149
-59.9571236028
-71.5993443738
-67.6723100919
-69.6409403296
-74.7877869831
-77.095042404
-78.5523080548
-79.8761946707
-80.3915782221
-81.4437020099
-82.3243976205
-82.7228754729
-83.5154112067
-84.0958760669
-84.516962149
-85.3260262091
-85.9045046267
-85.9647017798
-86.5097467816
-87.2914856758
-87.6901378972
-88.0578887725
-88.5493671043
-85.6172001697
-85.5093901927
-85.583300099
-85.9498259698
-86.1875095866
-86.0109726149
-85.5395888482
-85.0139993006
-84.3155069157
-83.3036142375
-82.1579133333
-80.854572349
-79.393681449
-77.9723916281
-76.5499746879
-75.2514547589
-73.8994003842
-71.6973824009
-68.8768910023
-66.1564569773
-62.2818913626
-56.7924063006
-50.1182788858
-47.2732298822
-50.787542423
-58.2959082399
-65.3045138377
-68.9773850196
-68.5101887506
-69.2174131028
-70.9380697192
-72.651322507
-74.3047041077
-75.8141983538
-77.0824600187
-78.2232117882
-79.4508887847
-80.7440406447
-81.9863518879
-83.3499391291
-84.7674467567
-85.9510139543
-87.0146980107
-88.1303710323
-88.9416420574
-89.0445933684
-88.7622348134
-88.6091811526
-85.6127156303
-85.6182817497
-85.5602697704
-85.5293881453
-85.4203954698
-85.1209876552
-84.6631732959
-84.0181407342
-83.1559500726
-82.1418968564
-81.0591264075
-79.9210681928
-78.7235685139
-77.4559920801
-76.1350979521
-74.7653075411
-73.2505920663
-71.4425427024
-69.1363764481
-66.2808701372
-62.8453329127
-59.3576853993
-50.0556272871
-47.2679829117
-50.5733369404
-59.6470568587
-62.9930218366
-65.3956529932
-67.0845083214
-68.8998540183
-70.8171724204
-72.534087854
-74.0595563444
-75.524848411
-76.9499979577
-78.3241111844
-79.6354039886
-80.934288702
-82.2301487525
-83.4484716246
-84.5706865535
-85.5544835362
-86.329248151
-86.8953232485
-87.26862588
-87.4096359841
-87.3026518066
-87.0576802685
-85.615723846
-85.1314479845
-84.8675089923
-84.5219806991
-83.9526464911
-83.342876112
-82.7757700607
-82.250384388
-81.6653877094
-81.0755744654
-80.4692989109
-79.7839865286
-78.9753918659
-78.046129757
-77.0018394086
-75.7960647726
-74.2637898561
-72.5109897651
-70.5134100672
-68.0456855257
-64.8849738536
-60.0747034974
-50.262008816
-47.3807694957
-50.7994155875
-60.6850128548
-64.9515405523
-68.369676117
-71.0167461119
-72.5482001151
-73.9067654217
-75.1525761457
-76.3868893018
-77.4955065127
-78.5403515562
-79.5372742296
-80.3853968488
-81.0578077803
-81.627870476
-82.2724791175
-82.9836784149
-83.4908334735
-83.9000004225
-84.410706094
-84.89900634
-85.2926017825
-85.6090475952
-85.9456767432
-105.289336267
-106.420816651
-104.069900674
-105.740123098
-109.008791802
-110.388023324
-104.644504083
-108.559252433
-107.214195826
-102.246938136
-105.598462734
-99.6989609545
-99.2584417575
-99.3417368381
-95.2213619153
-93.5073045037
-97.3054185385
-93.3962822211
-82.9003057539
-84.2255521355
-77.5301943805
-60.0951155241
-50.2217996792
-47.3450207539
-50.774904479
-61.0879800194
-71.1945566812
-69.6450523827
-73.498396987
-82.9403561752
-92.5211550892
-90.3303963567
-94.03521114
-95.2726846021
-97.9119186746
-97.7086319556
-96.2265256217
-102.543309905
-103.59309334
-101.068036385
-108.122955475
-106.304901291
-107.870735848
-109.608277506
-110.091362134
-111.704144716
-111.068811903
-106.26946668
-109.295365486
-111.544313827
-109.802790049
-110.143508226
-113.342552294
-110.436509835
-109.321579496
-107.768391029
-107.283229984
-107.857509854
-105.096274696
-104.717316232
-106.739948724
-108.36398455
-102.662916028
-100.638200992
-102.138875843
-95.9542350867
-86.625402677
-83.8028538869
-79.1527681214
-60.0146801241
-50.1676685772
-47.3042287668
-50.7998905924
-60.6594423654
-70.508407667
-69.9266740038
-73.4921186483
-83.4578943625
-98.8386183622
-99.3853634178
-102.2399955
-104.361378378
-103.668603728
-101.865819336
-103.890333102
-107.494685936
-108.719336684
-109.268092143
-110.580629037
-112.638495381
-112.112559895
-111.863297202
-109.734049315
-110.891844341
-109.418083741
-109.833005516
-85.9469280144
-85.8721734542
-85.7145939376
-85.5397387446
-85.323072542
-84.9579853458
-84.4049541872
-83.723011413
-82.9211602254
-81.9994688671
-80.97627606
-79.8087264239
-78.5503997772
-77.3070826331
-76.129707726
-74.9233734548
-73.4184704468
-71.478332065
-69.2282540237
-66.6637907174
-63.4013439731
-59.8064990009
-50.10623338
-47.2962814861
-50.8505128565
-60.4587642123
-64.0501174917
-67.7312947427
-70.3342153318
-71.65745039
-72.682114953
-73.9356931749
-75.2465278491
-76.5142143041
-77.7326295093
-78.9072735624
-80.0192086467
-81.0256450558
-81.960899064
-82.9383335796
-83.9882809657
-84.8967887945
-85.5549983716
-86.0832882364
-86.5562725123
-86.8923386576
-87.0330157751
-87.0982240813
-99.1243631688
-97.3074548651
-97.7008651281
-98.4646770939
-98.1626602025
-97.3006392509
-96.2705317275
-95.8043679531
-94.3810588268
-93.7999069022
-93.9959466219
-90.6649337777
-88.7904974936
-87.8718890719
-88.0039264203
-85.1527048495
-84.4337082485
-82.3190572226
-79.9221748872
-82.9785166324
-74.394388328
-58.5858817241
-50.0739525383
-47.2589795345
-50.7722531482
-60.8526517775
-70.6414471765
-69.3189709123
-73.1861054653
-83.1763211739
-84.7822377697
-86.8461576204
-86.9081236004
-88.9574506691
-91.3328518231
-90.7599074777
-91.111658932
-93.5771935893
-94.8121074365
-95.4863002151
-97.8706399553
-98.8610876382
-97.067392876
-97.7858868016
-100.28973202
-100.161771153
-97.0876236855
-97.1731999033
-90.5172224341
-90.3220713465
-90.0329149566
-89.756180326
-89.5908568042
-89.3081817497
-88.7912602567
-88.0543321727
-87.2438823338
-86.3571672153
-85.3406061706
-84.3767997691
-83.3130775024
-82.137239535
-80.8239208375
-79.4164424933
-77.9090602494
-76.235662519
-74.3162265731
-72.0467154857
-69.6430177754
-59.9207161435
-50.0744989839
-47.2708373611
-50.8581769787
-60.6874179009
-70.0455108286
-69.6966670459
-73.2032599909
-76.4095810196
-77.7764490227
-78.9383270293
-80.0348167758
-81.1308272019
-82.2553649214
-83.3946303858
-84.5080572095
-85.4952862638
-86.4508288951
-87.5301982168
-88.4317051225
-89.157130852
-89.7951337404
-90.1590114606
-90.7550565613
-91.5868370364
-91.834214518
-91.7151089699
-103.381113501
-102.990532497
-103.258796306
-103.444934868
-102.838530915
-101.726556342
-100.735205336
-100.067842464
-99.6221197147
-99.2293523278
-98.5747397679
-97.6065354236
-96.7514574102
-96.0964231378
-95.3024070763
-94.2399882481
-93.0016961382
-91.4667063963
-86.1246594841
-83.9104821884
-77.0245172269
-59.8240705414
-50.0732540981
-47.2415196845
-50.759922514
-60.5291431139
-71.0457586576
-69.8880176886
-73.1379375056
-82.8350243517
-93.1053427394
-94.3205873716
-95.3795004205
-96.4522155499
-97.4918380025
-98.3741889963
-99.1572743552
-99.8003187338
-100.25232618
-100.825652389
-101.747229755
-102.45707025
-102.759347049
-103.209708762
-103.915722002
-104.434873131
-104.331654444
-104.313862126
-87.2489802986
-86.7876001127
-86.0569973143
-85.5960951603
-85.3918440523
-84.9340217725
-84.3527806256
-83.7176957924
-83.1613917359
-82.6302378388
-81.8288903506
-81.0506116761
-80.1371008751
-79.0206959046
-77.9036050569
-77.2405169189
-76.1972414552
-73.8387015223
-71.8993978353
-71.4282857544
-67.3042536193
-57.1760376375
-50.0243574991
-47.2318535649
-50.8312590427
-59.1250537631
-66.7395325969
-66.9090133572
-71.2013169147
-76.6016789334
-77.0522656739
-78.0274347252
-78.9401053132
-79.6707682639
-80.4866016961
-81.1573761602
-81.9263624383
-82.6812841911
-83.4136916874
-83.9487183692
-84.554430998
-85.1604536403
-85.680585564
-86.36697586
-86.7652185793
-86.9597177045
-87.2460611565
-87.3845242433
-86.443334914
-86.0054758036
-85.1615374179
-84.6091299602
-84.2854251584
-83.70069905
-83.1403301402
-82.748833583
-82.2312050157
-81.5848647769
-80.9084312375
-79.9217935105
-78.8370032571
-78.1063229951
-77.5336092763
-76.2646482707
-74.8169084523
-73.2466460158
-70.7635554386
-68.6692359764
-65.1380739125
-56.6847409843
-50.1030161069
-47.3082756133
-50.9082092791
-56.9343967575
-63.161503319
-69.8105756355
-73.2412448126
-75.0588713704
-75.322918367
-76.6234720746
-77.7530080166
-78.9038623325
-79.6068373892
-79.9863952973
-80.7178088422
-81.674230113
-82.3871476459
-83.1396079528
-83.6929690747
-83.9088313806
-84.3748754902
-85.1505624912
-85.5513889069
-85.669887484
-86.0026846891
-86.4354377391
-103.704868571
-102.093270333
-102.32007229
-103.098964842
-101.236050516
-100.575492954
-100.539659624
-101.029626248
-99.0079215423
-98.4579771239
-98.3784739897
-97.0882594598
-96.7713581412
-95.5968537771
-94.9571172496
-93.5450754228
-92.2692823073
-91.5117032991
-85.4692865237
-83.2617939388
-76.8659835558
-60.0048309367
-50.2714534139
-47.4401353731
-50.9611697018
-60.9445848371
-71.3198193068
-69.7913798711
-73.4625849512
-83.7029969601
-92.3610011276
-94.0687726131
-94.2753725419
-95.8246361908
-96.2596945233
-97.5404394718
-98.7454619888
-98.7486014538
-99.4459088048
-99.6491861615
-100.879171061
-101.951265883
-101.053086972
-102.219946939
-102.625725609
-102.076735581
-103.255541882
-104.559033253
-107.290220045
-107.587014724
-103.030691988
-103.023701987
-106.208368249
-102.109573971
-105.787957785
-102.274822869
-101.968229664
-100.340126416
-105.89661639
-98.7263135318
-99.2474008666
-99.2931917246
-97.6759460348
-99.4087434011
-94.4921109828
-91.4323500091
-85.7924938371
-83.4644047501
-76.8983208822
-59.906258761
-50.1440766981
-47.3348056149
-50.8815111111
-61.0073282845
-69.9456470164
-69.5450607944
-73.3402696928
-83.5553127767
-94.8997993874
-96.3745700406
-100.217564382
-97.2816928091
-98.6905819288
-103.601909265
-98.2443375082
-101.457720646
-102.668840989
-105.41547214
-100.877128356
-106.155193334
-103.442070556
-105.772969579
-105.789921812
-103.523352585
-107.103014968
-107.191186594
-86.7583051312
-86.938733715
-87.2497140141
-87.2076348041
-86.6083041465
-86.1707470109
-85.7950735542
-85.0733027759
-84.1825728781
-83.3243928766
-82.2023522212
-80.9568290251
-79.6707442678
-78.4097180482
-77.2528224349
-75.8550380428
-74.1181535055
-72.1194631796
-70.3144749557
-68.3200645914
-63.5823371323
-56.7159776917
-50.104816434
-47.2203238659
-50.6440410006
-56.5615515954
-61.9402547329
-67.2654613198
-72.9685689972
-73.6776568692
-74.2028126484
-75.3839681026
-76.427061685
-77.6917777235
-78.9174004175
-79.9723169152
-81.1081211861
-82.2543224777
-83.4248436418
-84.5002134686
-85.4792822397
-86.4358062217
-87.156715007
-87.5399150635
-88.0861049158
-88.6115411223
-88.8250527442
-88.8877170834
-87.4476901851
-86.7846013264
-85.9933344208
-85.8113761361
-85.7131357626
-84.892143741
-84.1339107784
-83.9108673677
-83.5646699119
-82.680257302
-81.4658036717
-80.7275744244
-80.3029072159
-79.5468759751
-78.8125800339
-77.7727811484
-76.162624617
-74.5852462238
-73.9182097195
-72.2977257715
-66.8880753644
-56.9816130352
-50.1556718045
-47.2652790556
-50.6630828309
-59.5142511684
-70.2419024609
-65.9825931852
-67.6619883118
-73.1971097649
-76.1299857889
-77.1804193275
-78.2965381895
-79.3153702215
-80.514800727
-81.7130664273
-82.0836397335
-82.2059871731
-82.8396348227
-83.7471414673
-84.6067310524
-84.8610307078
-85.012730751
-85.7910184825
-86.4688324073
-86.6690781371
-87.1464224034
-87.634223357
-86.3609647422
-85.9215007443
-85.5920801471
-85.1938140274
-84.9806968705
-84.6481531907
-83.9156067728
-83.1151313934
-82.4758462942
-81.8318167865
-81.2024489476
-80.5827303751
-79.7023326213
-78.937999205
-77.8507713772
-76.3524500533
-75.0597917216
-73.2948684253
-71.3787198083
-70.360216563
-66.3299140954
-57.0527196456
-50.1315022842
-47.2670932124
-50.7838126609
-57.9738114088
-65.0868043219
-67.2521347479
-73.0655448599
-77.8154201506
-77.2991877857
-77.7896545704
-78.2794837993
-79.2045070524
-80.1022855865
-80.9413743438
-81.9384380015
-82.6229428649
-83.221151987
-83.7480598211
-84.0132560656
-84.2454024695
-84.8186044886
-85.7337418017
-86.434336038
-86.9552096184
-87.3014970432
-87.4538326386
-86.0273947272
-86.1173577865
-86.138962296
-85.7908508341
-85.1519441416
-84.5873698373
-84.0529241504
-83.3462322567
-82.4104696299
-81.2085796483
-79.8624382981
-78.6481987872
-77.5883773495
-76.4333052484
-75.0749551222
-73.6961789657
-72.3638678408
-70.8715758995
-69.0517955106
-66.3108213189
-61.8384579151
-56.6093770918
-49.965996294
-47.1350292496
-50.6898582629
-57.0759797955
-60.8657110742
-63.5218379623
-66.978720745
-70.71600154
-72.7306870175
-74.0593804228
-75.4447661756
-76.804449518
-78.2511022572
-79.7097417363
-80.7979335617
-81.594436959
-82.409647813
-83.2564219882
-84.1614347984
-85.0563230103
-85.5689173085
-85.6890557908
-85.732615566
-85.8369123846
-85.9637276076
-85.9880204498
-107.579127579
-111.168940183
-109.941446938
-105.988813879
-106.723909861
-109.039454371
-108.336616446
-108.578751086
-108.714662173
-108.017878209
-105.139170876
-103.717679801
-105.588568062
-104.595238633
-103.149401471
-99.8015903656
-99.7359974411
-94.7552882061
-86.6546449026
-83.9358274171
-76.6039584749
-59.7139628655
-49.9774591118
-47.108537366
-50.5524202608
-60.2568799322
-70.5559444341
-69.7705761723
-73.5148549298
-84.0428494686
-102.115754504
-101.652267383
-103.874346244
-103.833999972
-106.047548685
-103.401039681
-104.799668859
-106.528499187
-110.057614426
-106.304104162
-109.235750729
-110.15474578
-107.789246261
-108.85144883
-111.581593085
-109.323535834
-107.76755374
-106.755159292
-94.658021295
-93.5644012628
-92.1610849773
-92.5891107257
-91.7274600711
-91.2132963408
-91.1167892208
-90.4328038241
-89.9341266464
-89.4341983959
-88.7994512706
-87.8391633315
-86.6774286843
-85.5115484092
-85.3261571928
-85.435104684
-83.0219964289
-81.9751985751
-77.3457386885
-75.2865213148
-76.5677482623
-58.5984331118
-49.9752680696
-47.1403331808
-50.664187402
-61.3415699133
-70.4164057845
-69.780516866
-73.5838920343
-80.3821696663
-81.6778242612
-83.2996129066
-86.2546467034
-87.0177607922
-87.5408029361
-87.2173825873
-87.8721300485
-89.3846539959
-90.1776469704
-90.8569338081
-91.0387461547
-91.8034954692
-92.4389864064
-92.275785352
-92.832665526
-93.1303896284
-93.7501934905
-94.1027856418
-86.6729423529
-86.6308459465
-86.436514793
-86.1299405776
-85.7966470893
-85.3655785286
-84.7406062346
-83.9135451582
-82.9307549413
-81.8720761837
-80.7827032996
-79.6260474303
-78.3707595264
-77.0463792729
-75.6925487224
-74.3762226729
-73.0330757409
-71.5337819433
-69.5670293796
-66.7440658851
-62.9362680269
-59.1078972851
-49.9641158045
-47.2055379623
-50.8841010562
-59.3847173089
-62.7649673093
-65.7280762586
-68.4521930682
-71.087393101
-73.0750295065
-74.5951321081
-76.0134796052
-77.374988603
-78.7038683115
-80.0456230671
-81.3094893465
-82.4067897496
-83.3617799744
-84.2808272227
-85.1786678428
-85.9361277534
-86.4466481621
-86.7122490707
-86.833677839
-86.8878861091
-86.9210274814
-86.9280809772
-83.5880797202
-83.2666687929
-82.8932561112
-82.4365992845
-81.9314162923
-81.4400445246
-80.8952982961
-80.2843111751
-79.6495715012
-79.0115382591
-78.3686551515
-77.6552381815
-76.8437563724
-75.9378965005
-74.9177647828
-73.7990055299
-72.613738456
-71.3082774651
-69.6064779927
-67.1535827349
-63.987297565
-59.8299953314
-50.030796021
-47.2293467299
-50.8076608583
-60.6459659653
-64.5967779512
-66.8274837301
-68.4642240312
-70.069813061
-71.698534811
-73.1303801999
-74.3104848722
-75.3592729026
-76.3302744273
-77.2175706692
-78.0374025319
-78.7865006324
-79.4278551421
-79.9507900258
-80.4454337635
-80.982518136
-81.4989046069
-81.9468776092
-82.4074969602
-82.9450117625
-83.506938028
-83.9110365786
-90.3764731648
-90.2524661683
-90.0660804631
-89.7785327907
-89.1386708731
-88.4541515735
-88.1267227414
-87.5964824192
-86.8096915755
-86.2501643883
-85.3787280682
-84.1129200689
-82.7501716654
-81.5693031725
-80.3141255304
-78.9481574083
-77.5314776301
-75.9421854287
-73.9251697323
-71.4797184757
-68.941833097
-59.9515978574
-50.2163093522
-47.395438087
-50.9446262148
-61.4887096766
-68.4972268072
-70.147013449
-72.428835143
-74.1509176006
-75.949228797
-77.7238048997
-79.2413952594
-80.6556907605
-82.0521468092
-83.2889138146
-84.4143037904
-85.6611972262
-86.4004002057
-86.9117486951
-87.6795836968
-88.3896190966
-88.7562002104
-89.0236207883
-89.4366516799
-89.8703897999
-90.686149919
-91.1223383325
-86.4612741954
-86.6425510557
-86.7869520335
-86.7475966676
-86.5421786462
-86.2117773483
-85.7324656757
-85.0981372152
-84.3434782781
-83.4512419499
-82.3575136855
-81.1345000299
-79.8873746833
-78.6893035229
-77.5081174591
-76.1680659212
-74.6042287309
-72.705617202
-70.3467198283
-67.5700648486
-64.4895090296
-59.939322548
-50.0500002086
-47.2605468357
-50.8608888788
-60.7931096447
-64.8245486565
-67.1119899515
-68.8276586435
-70.4903597893
-72.1822181763
-73.7532747281
-75.2025182083
-76.6254915679
-78.0708788902
-79.4678028804
-80.7805576972
-82.0327258498
-83.2500115047
-84.4395753965
-85.5312390334
-86.5025486709
-87.3323380353
-87.9823856197
-88.4171373202
-88.6063367955
-88.6034374839
-88.482811727
-88.1135666651
-88.0815271318
-88.0239419089
-87.7529567846
-87.3190553438
-86.8093665988
-86.2233939143
-85.510513583
-84.8034035598
-83.9674234205
-82.927474716
-81.8396626017
-80.6964455135
-79.5372407794
-78.3124041799
-76.9281994135
-75.3745364193
-73.6674374862
-71.7767845152
-69.4206912555
-66.6108108112
-59.8063276794
-50.0677446563
-47.2427162929
-50.7935072659
-60.7831272965
-66.677879737
-69.5377526676
-72.1416162364
-74.1847902321
-75.7005522774
-76.9775628451
-78.1514863295
-79.2006174017
-80.2916710875
-81.4576827027
-82.5675075043
-83.5852059719
-84.5322738143
-85.4261023158
-86.2970243514
-86.993232787
-87.408029028
-87.7968626731
-88.2681205339
-88.5797699061
-88.7644649086
-89.0498241431
-106.731936219
-105.812903838
-104.584323408
-103.724413965
-103.360953566
-103.566068238
-103.696539287
-102.958789004
-101.910026966
-101.362857302
-100.680816569
-99.9481324552
-99.4128143116
-98.1011217538
-96.9218285288
-95.9969069988
-94.9023342357
-92.3333580098
-85.1897475186
-83.263437004
-76.6093151651
-59.853794674
-50.0978796919
-47.2921472158
-50.8280473304
-61.2874688447
-71.2762743072
-69.4858721174
-73.2561117471
-83.480272152
-95.1343307619
-96.5916796416
-97.8262797544
-98.6546680549
-98.938186137
-99.6082666057
-100.741445673
-101.539576216
-102.377913601
-103.750443711
-104.714380112
-104.531618386
-103.294967057
-103.375206633
-104.764866197
-105.111742398
-104.931299505
-105.052908872
-82.6274882883
-82.1448342876
-81.7334132776
-81.3357039979
-80.8751013154
-80.3553415309
-79.8455402242
-79.3449695714
-78.8118375917
-78.2435022287
-77.5921366177
-76.8495407108
-76.041969757
-75.1689850312
-74.1737512477
-73.0146062155
-71.717154906
-70.3802642629
-68.8212012817
-66.4417235618
-62.7823997255
-58.5518181508
-50.1818229287
-47.3027707059
-50.8030087904
-59.6248733741
-63.3027140471
-65.5970559261
-67.0643454723
-68.7942602212
-70.5882406042
-72.0578811593
-73.3068054869
-74.4245098466
-75.4086451734
-76.2778453284
-77.0675768763
-77.8305853134
-78.5443125713
-79.1914515475
-79.7702562916
-80.2869258455
-80.777070148
-81.2840467633
-81.7733123591
-82.2181399667
-82.6485312967
-83.0291888876
-94.025998516
-93.3614458567
-93.1267320538
-92.9348620888
-92.1675419881
-91.5723046829
-91.1412959385
-90.5017125263
-90.1445879101
-89.6164244754
-88.5601135235
-87.7002571987
-87.0758541531
-85.9560875381
-85.0862459418
-83.8967297108
-82.5497817381
-81.31248168
-79.5342371342
-77.2007278575
-76.1178581652
-59.5228744716
-49.9226893092
-47.0135998276
-50.4148705287
-60.121539807
-70.518147347
-69.6325902211
-73.2803332773
-82.5462785449
-83.7609362445
-84.7834018016
-85.7139592001
-86.6416400653
-87.6068369314
-88.4546166213
-88.8362108384
-89.4639589106
-90.3482525679
-91.0207438498
-91.5305765773
-91.8193399156
-92.4506203849
-93.0017920103
-93.1831808472
-93.7606209832
-94.1209314031
-94.3296556571
-89.4522142799
-89.3068501798
-89.421119426
-89.5801343088
-89.1623122541
-88.7995061082
-88.4485200555
-87.79897133
-87.0742175817
-86.0802223711
-84.9732187703
-83.9032169643
-82.7175791536
-81.5225228511
-80.2026939848
-78.7879913845
-77.3115197815
-75.5564280955
-73.4317543992
-71.0234286695
-68.5271708994
-60.1122267212
-50.2491734369
-47.3790413291
-50.8433676666
-61.307284331
-68.6068844169
-69.8665537334
-72.3554738549
-73.927463575
-75.559060117
-77.1015670418
-78.5232913474
-79.8460695519
-81.1486407183
-82.5386300003
-84.0201867792
-85.2397305968
-86.1214876982
-87.1588720761
-88.2471184317
-89.1761994956
-89.9866844037
-90.4395269038
-90.4813089728
-90.642677201
-91.0398813883
-90.9904291397
-99.8670128152
-99.6076022747
-99.6816454078
-98.2014118277
-97.7462594843
-97.6428960249
-97.7354473691
-96.7047711233
-95.8306673513
-94.9017797089
-94.7180044532
-93.9454514085
-93.3381111787
-91.8616822651
-91.2369690493
-90.334829844
-88.9883487186
-87.9498404482
-86.1719438099
-83.7901557573
-80.0757430677
-59.9028806245
-49.9930221956
-47.1517828841
-50.7483106957
-60.710318641
-70.3915868977
-69.7678634971
-73.4773077784
-83.8427674806
-88.537509812
-89.6462007915
-90.9327232111
-91.5419213627
-92.4132488611
-93.6438446332
-93.9941760718
-95.1432814108
-95.3617950449
-95.746708092
-96.9751674299
-97.583193072
-97.936327983
-98.3447625106
-98.7657686413
-99.0582665856
-99.3362265335
-99.3742310793
-94.0900092837
-93.5812583046
-93.3940316063
-93.0100924653
-92.1145337368
-91.7214700727
-91.4257067415
-90.5586833098
-89.9162369585
-89.1610334116
-88.6152937202
-88.150291968
-86.8210421992
-85.8955847883
-85.1741691175
-83.9566360071
-82.7613517816
-81.34145928
-79.6039665207
-77.8063472852
-76.1574342191
-59.6914416614
-49.9062670703
-47.0546963814
-50.5556109146
-60.2426372366
-70.0213519594
-69.945103176
-73.5923670875
-81.8390584314
-83.5763569694
-84.8410774384
-85.8645373238
-86.7695739756
-87.6049552359
-88.1334308878
-89.1220784031
-89.9995094037
-90.4091985594
-91.252135211
-91.7467098527
-92.1773786736
-92.450610607
-92.7606704627
-93.4141028665
-93.5435537461
-94.0228277168
-94.452623565
-84.7152549191
-84.374609958
-84.0244697556
-83.5357561994
-82.942681553
-82.4020685773
-81.9341970318
-81.3690133494
-80.6949643277
-80.037079417
-79.3150810653
-78.5051409824
-77.6667932912
-76.8030161027
-75.8752674996
-74.8039898779
-73.5879014759
-72.1803809716
-70.4981130959
-68.3184539297
-65.6461642893
-59.6970558325
-49.9931698214
-47.2044159567
-50.7855051739
-61.7382914857
-65.5413824408
-67.427057867
-69.3207391016
-71.2926821407
-73.1593080984
-74.6975348424
-75.9642214536
-77.0425429541
-77.9496009859
-78.6921276353
-79.369847704
-80.0729706981
-80.7839748912
-81.4022379898
-81.8975334357
-82.445739383
-83.0115658193
-83.4102014237
-83.772004955
-84.2032439187
-84.6088915001
-85.000717963
-97.0542131225
-99.9364227291
-98.2696395007
-97.3702255184
-97.3888216506
-97.6051975032
-95.4397847484
-95.0644565102
-94.529819554
-93.3948987891
-91.1670247189
-89.4704672208
-88.795865322
-87.8137582207
-85.5794291643
-83.2757951114
-84.0278616539
-82.3769610897
-81.3306777406
-80.3725381786
-73.2772102735
-58.2002582573
-49.8816578697
-47.1096216706
-50.7445603804
-60.775577963
-70.3297379285
-67.2675346725
-73.5942321995
-83.8567632101
-83.381443559
-85.9485738635
-87.5836780241
-87.904458836
-89.3057279951
-92.1664465578
-92.4133475668
-92.9585721724
-94.1680821567
-95.3596499539
-96.894847295
-96.6818336993
-98.4090396038
-98.1449836244
-97.0114549037
-96.312435595
-97.914316573
-98.9912396667
-105.721601566
-106.364074896
-106.014458346
-104.238290036
-103.278298274
-102.753548783
-102.131047511
-102.386960633
-102.564344569
-101.679796997
-100.694964639
-99.729764909
-98.4305760117
-97.3015045804
-96.891076511
-96.1205387661
-94.7129903361
-93.2816375456
-85.8212277042
-83.8663626448
-77.0389971897
-59.8101344909
-49.9809227924
-47.1710682225
-50.7122801075
-60.748739114
-70.4840351355
-70.1236926188
-73.385206195
-83.1774046607
-94.3912659814
-95.6762382868
-97.2166708939
-98.5328618497
-98.692204386
-99.5519877161
-101.590065944
-102.650062066
-102.835370467
-103.038903696
-103.087547587
-103.239696651
-103.60437663
-103.952147541
-104.591194105
-105.686778133
-105.97562146
-106.065198723
-94.6536667464
-95.2494083914
-94.9826072639
-96.2290118743
-94.6950109192
-94.0725330428
-92.833979009
-92.9095697094
-92.650867296
-90.6051524449
-89.4810041218
-88.7405334082
-86.9552131295
-85.3017536264
-84.6079743107
-83.3056377163
-82.1848393158
-79.1542389389
-75.8322834088
-76.9228924905
-71.5894156398
-57.8535583928
-49.9631986578
-47.1316485202
-50.6604819976
-59.1981345467
-67.8342008532
-69.8449883243
-73.3813403826
-79.9012016978
-81.1025768388
-82.4715693074
-83.2991524992
-85.251392213
-86.3462435355
-87.3387445241
-89.3992966081
-90.4281523404
-90.9529613292
-92.7283715681
-94.6613045854
-94.6303254192
-94.9547911231
-95.5774134517
-96.5864549955
-95.5372184395
-96.9283183765
-97.1129295546
-85.8578000374
-85.8206011383
-85.9061825357
-85.8996041977
-85.6992253901
-85.1441592694
-84.3269167516
-83.5362254952
-82.8249881944
-82.0324071159
-81.0665300205
-79.9806957297
-78.7977991049
-77.5312764817
-76.1975697121
-74.7218342937
-73.0091429433
-71.011572549
-69.0367659662
-66.7605668832
-62.5430564884
-57.1702053332
-50.0332731858
-47.223797091
-50.8280152553
-57.157617498
-61.9301681738
-66.8299039088
-70.9332569378
-72.1073862231
-72.8727372359
-73.9859376687
-75.0531293517
-76.1820357382
-77.39923305
-78.6645258023
-79.9233176285
-81.1313753564
-82.3305296374
-83.530991702
-84.5911722596
-85.349285589
-85.8659313128
-86.3328879013
-86.8487131917
-87.307415088
-87.3951683741
-87.2215940004
-83.1976986689
-82.770370225
-82.3256698326
-81.9228004017
-81.4038772591
-80.7962944363
-80.2662515305
-79.7695454875
-79.207477044
-78.5588943704
-77.831772417
-77.0245698236
-76.120398586
-75.0898548576
-74.0107081856
-72.9221204479
-71.6403333794
-70.0211975067
-68.2963946882
-66.2710694312
-62.6583912682
-57.7483186411
-50.0083993124
-47.198108876
-50.8122564936
-58.5133495361
-62.3264542648
-64.8857208848
-67.5714515906
-70.458746231
-72.4108165799
-73.6406901055
-74.6374735306
-75.5105712707
-76.3312064945
-77.0881638583
-77.8121703681
-78.4890004978
-79.1335724157
-79.7682569002
-80.3974107077
-80.9450954694
-81.3847552351
-81.8370895926
-82.3105758666
-82.667819339
-82.9981724385
-83.4650357115
-103.888718962
-102.436261295
-102.258809524
-103.209801067
-100.439078612
-101.935204823
-99.6325474783
-101.732210562
-98.7683512005
-98.4867229224
-99.3879905441
-96.0334484274
-96.8246944113
-96.0158578842
-93.7690572669
-92.5449300562
-93.8701249968
-92.8288394681
-85.9595961929
-81.3496718946
-76.6380299985
-59.7869954848
-50.0061756036
-47.2040286754
-50.7563213872
-61.0052510201
-71.9381858975
-69.8401065583
-73.2977165145
-82.0789354179
-94.2897836596
-94.4755349776
-93.6888309501
-94.9632414038
-96.181451236
-98.9776445802
-96.0072283691
-98.7302179953
-99.0476475761
-98.6891713045
-100.273822542
-101.285346649
-101.65831585
-100.201984812
-102.803163009
-102.82293745
-102.292335958
-104.765160122
-86.4659489764
-86.0140388313
-85.6212041736
-85.1815978994
-84.7032016164
-84.1421526758
-83.5947735651
-83.0103081431
-82.2105324539
-81.6022809577
-80.9852865346
-80.1536848473
-79.4802908479
-78.7074707488
-77.4745819681
-76.1970925007
-75.0494019734
-73.1146323786
-70.502707649
-67.2871736281
-63.4577561568
-56.4284811961
-50.1110707737
-47.2555995981
-50.8031931629
-57.1308764311
-62.9310923539
-66.8446048338
-69.2836060166
-70.1739395885
-72.5075622386
-74.4087301794
-76.0043625274
-77.310186245
-78.5500249424
-80.0252018822
-81.6483591018
-82.4271197718
-82.9996432665
-83.3404747168
-84.082440812
-84.5900274882
-84.7676010314
-85.1585651421
-85.6838170888
-86.2488720917
-86.6247936935
-86.9501114822
-87.2611872492
-87.275991137
-87.2983841619
-86.9064567649
-86.3926546762
-86.1926438319
-85.921057587
-85.0254030394
-83.9668406125
-82.9532352378
-81.8262692062
-80.5587175221
-79.3644345094
-78.1636906503
-76.7529810645
-75.2468210804
-73.7689465297
-72.3146996151
-70.7504497485
-68.239242124
-63.2999413345
-56.6296898825
-50.1118603183
-47.2279975958
-50.7002580081
-56.6007508542
-61.4896091192
-65.6841907044
-71.2034986701
-73.8974630372
-74.4696167889
-75.828313027
-77.1042788121
-78.1956039367
-79.3663115639
-80.3885928141
-81.3135701634
-82.4276042913
-83.5572111257
-84.382464278
-85.1136492696
-86.2510429091
-87.3067806065
-87.7031485076
-87.7375621446
-87.8221400703
-88.0200415397
-88.2479610268
-86.7769699426
-86.0046475898
-85.3361394227
-85.1761956146
-84.9220708587
-84.1198906484
-83.5827969437
-83.2940398546
-82.8796989104
-82.049321956
-81.1174319305
-80.2660623167
-79.4252748296
-78.5517673007
-77.6902238007
-76.7139457687
-75.4096309171
-73.8117992578
-73.0813186321
-71.9073127168
-66.2598726249
-56.9146604721
-50.0871825931
-47.208836021
-50.6856594457
-58.42856199
-68.2780259454
-66.8843382498
-68.9452565913
-73.7659107614
-75.7672290431
-77.0316194653
-78.302236442
-79.2218361357
-80.1815086233
-81.0791588391
-81.6421059565
-82.0240457254
-82.445780227
-83.227396672
-84.0079778707
-84.2752587472
-84.6225506879
-85.54275189
-86.3162879279
-86.3178992912
-86.2176471378
-86.6929181184
-86.7447797139
-86.703338136
-86.7401583816
-86.9014700017
-87.2253488279
-87.212571422
-86.6377723513
-86.1021427814
-85.3888134732
-84.1893983507
-83.2229628157
-82.1568029658
-80.7337015947
-79.3156182824
-77.6266033966
-76.1996925227
-75.2981359186
-73.3669092827
-70.0730205506
-67.2551004346
-63.4254501184
-56.3434371217
-50.0597165429
-47.1968180629
-50.7218151885
-57.235753998
-65.2846872932
-69.8747461787
-69.4949549539
-69.6272751977
-71.7664441574
-73.6789618387
-75.2317665363
-76.5979002172
-77.8944224949
-79.0267845923
-80.4898635328
-82.1428109673
-83.3825873869
-84.6548213306
-85.9865329479
-86.9925290025
-87.9307944517
-89.0248250598
-90.0216903926
-90.3220727077
-89.9970764725
-89.6053294203
-102.017217792
-101.902987984
-100.813537786
-99.2814400942
-102.290033933
-100.573235876
-98.9512202304
-97.7315010568
-97.2650127727
-97.5965815485
-97.3354430563
-95.0887795016
-94.2986483457
-95.3148456406
-94.8107181802
-90.0929074902
-89.8630538521
-93.2661245066
-83.4501712044
-82.7901010309
-76.548019958
-59.5057438266
-50.0022499698
-47.1732616515
-50.7725851564
-60.5669078366
-70.2178814519
-70.0222589515
-73.4398824161
-82.7254110932
-90.8540795809
-91.8581094243
-93.5282651215
-94.2710221189
-96.8458345502
-96.8933076211
-95.7733434675
-97.5335067605
-98.7535233623
-99.0021664505
-99.249178326
-98.3283935963
-99.4363279589
-103.96243347
-99.6597408448
-101.821179492
-102.869792901
-103.380025414
-101.710916231
-101.41754489
-99.6637759536
-101.121659893
-100.211462726
-99.5797363784
-100.518327819
-98.1838895473
-97.1714555312
-98.4888086743
-95.2555026381
-95.2571744796
-96.0395981218
-95.3167382559
-91.7631568781
-93.2403799547
-91.6488157391
-91.1806315308
-86.9395507796
-81.5067689097
-76.7471861285
-59.6377416598
-50.0489114383
-47.2689359531
-50.7969642133
-61.325338887
-72.4829259234
-69.8570345751
-73.4515469279
-80.9360439763
-90.9096246704
-93.8726142422
-92.8177920884
-92.7317563437
-94.1365101484
-98.6242098574
-96.2074909941
-96.3989688202
-100.137625369
-98.0741025652
-97.6454706672
-99.0819686157
-100.145272179
-101.083652603
-101.417196292
-100.64025297
-103.003073053
-101.277257465
-88.6722586927
-88.1962901427
-87.9012277041
-87.532551343
-87.0354962151
-86.3658865704
-85.8228358658
-85.3342827984
-84.8233068985
-84.165032242
-83.382747353
-82.6100675626
-81.7726735471
-80.815933632
-79.833949069
-78.8393371063
-77.7221762783
-76.3652395207
-74.6814753896
-72.6475410678
-70.6158514319
-59.8201079476
-50.0356486186
-47.2072145471
-50.7640535288
-61.4666667345
-69.9739000398
-69.9992706594
-73.6129107791
-75.4773797621
-77.0768457802
-78.5300373265
-79.8295915359
-80.8287740671
-81.6454461485
-82.5102586516
-83.3833894798
-84.1723861894
-84.8459573291
-85.3470225813
-85.8290360661
-86.4023924067
-86.902622496
-87.2910036227
-87.8453391814
-88.3315569148
-88.572363585
-88.9376569164
-108.249925561
-107.768385359
-108.944178637
-110.150243589
-109.627189743
-109.179630003
-107.456281528
-106.635316078
-105.733671889
-104.820280797
-105.012432291
-104.722795525
-104.100722741
-102.715962831
-101.088286
-99.8423838348
-98.8248888059
-94.6673413889
-85.8687862496
-83.58940269
-80.0913685402
-59.8660270487
-50.0167679176
-47.2312934949
-50.8382110085
-60.8721317523
-70.8454398574
-70.2298796133
-73.5159181151
-83.3393331993
-98.2791647652
-100.131166241
-101.712421041
-102.614368925
-103.851123239
-103.036599508
-104.409581622
-105.335488499
-105.935634352
-106.589385305
-105.932344172
-107.006941216
-109.584272699
-108.632600385
-109.187800253
-110.611528458
-109.077639796
-107.230461761
-95.1427724928
-94.335006205
-93.9815437752
-94.1060732919
-93.5620233775
-93.2041135965
-92.9226158996
-92.1934002776
-91.2639388307
-90.4463102742
-89.5087126489
-88.3109448712
-87.1878841928
-85.9379830122
-84.6946707545
-83.4844827719
-82.1030378259
-80.5148913466
-78.5783387984
-76.5375133427
-74.6136163844
-59.7959100798
-50.0018136389
-47.1887100561
-50.7668362432
-60.7812812632
-70.3864267469
-70.0890232792
-73.4008197104
-79.2865570344
-81.0426447626
-82.7356450993
-84.1689022724
-85.411440031
-86.7095748654
-87.9634497322
-89.187471588
-90.3933698657
-91.5298502419
-92.5244277584
-93.0620762553
-93.3384958518
-94.3885392039
-94.7509569873
-94.5217035843
-95.0752967288
-95.5850804467
-95.3936274254
-84.1412759327
-83.5775712847
-83.0518440833
-82.6701887399
-82.2001572702
-81.6516425787
-81.1423259042
-80.6667084418
-80.1506361624
-79.496535131
-78.7022780534
-77.868030373
-77.0652974127
-76.1840216124
-75.1623693161
-74.2088848214
-73.237480101
-72.0563207453
-70.2520410586
-67.3218156356
-62.9025624014
-56.389267031
-50.0516122909
-47.2250942001
-50.7542193981
-57.873199217
-65.8443771366
-69.9988840699
-69.2414946404
-69.7760453322
-71.7774017642
-73.4344368365
-74.7196816295
-75.8902128557
-76.9064704542
-77.6700670884
-78.303103551
-78.9929695464
-79.7112068361
-80.3864599934
-80.9594776746
-81.4260386812
-81.9094847335
-82.474074578
-83.0195609187
-83.4220220614
-83.7811452589
-84.2349551735
-86.6208313431
-86.8338095319
-86.8854125226
-86.7626967814
-86.4449356969
-85.9106802439
-85.3043014799
-84.6647359176
-83.8211670123
-82.775822177
-81.6097260384
-80.412148138
-79.2084382793
-77.9130802256
-76.567605127
-75.2228262755
-73.8654184413
-72.3094143517
-70.2236285428
-67.4464130749
-64.117365233
-59.8675830017
-50.0889357834
-47.28559669
-50.9143627446
-61.0920653732
-63.7282903912
-66.1472376343
-68.2942605433
-70.4923761879
-72.5480598968
-74.2546505055
-75.7300235702
-77.1435248515
-78.5450581052
-79.9152997568
-81.2627441088
-82.567521019
-83.781257805
-84.8398359017
-85.6852411146
-86.3383967701
-86.8433073127
-87.3562125928
-87.8557187821
-88.035321874
-87.7892188919
-87.4184173637
-87.5830749034
-87.1594768994
-86.5926779148
-85.8126317109
-85.5368315329
-85.3418714663
-84.9360561258
-84.2555301282
-83.4479889006
-82.6708934159
-81.9173609266
-81.2945247414
-80.6020616162
-79.6271166967
-78.5032917119
-77.7065293836
-76.3374514984
-73.6875153542
-70.8577767672
-69.126572395
-64.8537215325
-56.7044220463
-50.0643804654
-47.2681493918
-50.8931482852
-56.9880954098
-63.5953481712
-70.3021200608
-72.7373845388
-72.4665544612
-74.7784312801
-76.0534869531
-77.3962117379
-78.6880119069
-79.8789102736
-81.2316094999
-82.300320173
-82.7047889447
-83.1641457173
-83.7382660737
-84.2895104506
-84.8789121308
-85.6078535576
-86.2261058275
-86.5240712505
-86.9924834704
-87.2167709781
-87.4129121517
-86.1871203919
-85.8009681205
-85.1563091765
-84.5146433405
-84.1612821687
-83.8992776864
-83.1995614252
-82.4384600172
-82.0749623564
-81.4278965515
-80.5890774788
-80.1716639414
-79.3261424725
-78.2124727016
-77.4335444935
-76.2692313975
-74.8076954391
-73.5758459063
-73.0817801166
-70.8752444023
-65.4555565429
-56.70059281
-50.0330561636
-47.1896202697
-50.7158312103
-58.4734147491
-69.2102487566
-69.1585973998
-68.3632568
-71.2452866356
-74.0538102376
-75.3926297663
-76.8941453883
-78.1069548906
-78.6611460078
-79.6078531553
-80.7594362937
-81.239676798
-81.7950159082
-82.5328896454
-83.1009481664
-83.6539645852
-84.262819133
-84.580945201
-84.7676862031
-85.1665559855
-85.8278101748
-86.3922845493
-89.2344470339
-89.1507147529
-89.3366100338
-89.1008858105
-88.5835794269
-88.2347078413
-87.9480134396
-87.5532283608
-86.895922392
-85.9052879641
-84.5800844042
-83.3531663643
-82.3257762414
-81.2203211677
-79.9238946762
-78.5466213356
-77.0613559454
-75.3116586954
-73.2273595096
-70.7833961619
-68.1796628241
-59.8477358719
-50.0831197558
-47.2410505249
-50.7899701017
-61.6240300624
-67.8686972626
-69.7510124094
-71.6768877469
-73.4338014759
-75.1535451941
-76.7128113374
-78.1618725689
-79.606825197
-80.943786882
-82.2383774963
-83.5309962618
-84.587473937
-85.7187310499
-86.836170928
-87.8232584651
-88.7768741629
-89.4139388368
-89.8108176265
-90.188328829
-90.4184286365
-90.4180166828
-90.4586868485
-85.6274446917
-85.5961377098
-85.5212071589
-85.3801915889
-85.0005577396
-84.4362108577
-83.8699142346
-83.2069070313
-82.3970585634
-81.5468061441
-80.6104354912
-79.4744741902
-78.2315684827
-76.9954048657
-75.7199515153
-74.2989793516
-72.7523285483
-71.0282711361
-69.081820342
-66.5583516492
-62.5556930111
-57.9016826822
-50.0524514642
-47.236757151
-50.815604466
-57.7996762036
-62.1610797283
-66.7972531172
-71.0586003537
-72.8726895863
-73.5378603004
-74.5656972515
-75.6768042509
-76.7550352613
-77.8030374568
-78.8479168816
-79.9848045489
-81.1547623623
-82.2129554981
-83.0952009563
-83.8887298082
-84.6410860426
-85.2779251269
-85.8144395743
-86.3518226377
-86.7978795159
-87.0028436899
-87.0029233082
-99.7010405883
-99.2498471878
-98.3671367092
-98.417531079
-97.3964746308
-97.5896127646
-96.5170733216
-96.3764894575
-95.7602158195
-95.0097008825
-93.8031095418
-93.7233322374
-92.7388339771
-91.6761073586
-90.9471483152
-89.9239157407
-88.7490298549
-87.6778645244
-85.9595188213
-83.5190725814
-78.9350116019
-60.0467334603
-50.0562268149
-47.1785130156
-50.6916218798
-60.3942932512
-69.806999635
-69.6783838857
-73.4429956101
-83.65032086
-87.6859395492
-89.3208674174
-90.7713691737
-91.3077139565
-92.1947208333
-93.2882263762
-94.2769444585
-94.8662729002
-95.112423144
-95.8898504117
-97.0031765621
-96.7480358907
-97.6921269305
-98.1753271437
-98.299470406
-98.4416953827
-99.1116253466
-100.293651823
-90.0255080267
-89.748135202
-89.0273760517
-88.6435416683
-88.6238540829
-88.2471900206
-87.320999651
-86.5664845224
-86.0589420768
-85.4684077475
-84.7105489395
-83.9527002568
-83.2353790703
-82.3885193443
-81.3429958618
-80.157229675
-78.9411378313
-77.5562961978
-75.7773554822
-73.8550432721
-71.9605695498
-58.6964049203
-50.0678906371
-47.1797244065
-50.6321169612
-59.9346618108
-70.0648382627
-70.0886659355
-72.4821528151
-76.1963110792
-79.5353200098
-80.4137472471
-81.3520114296
-82.3956673133
-83.336257919
-84.049350267
-84.7519424037
-85.3698618823
-86.0972514424
-86.8050336377
-87.2767324011
-87.9986074121
-88.6016263507
-88.7624138937
-89.1550239782
-89.9302486589
-90.2282790525
-90.140932111
-103.694311962
-103.516289067
-103.478251683
-103.473582179
-102.81999005
-101.975544591
-101.484847821
-100.877309728
-99.94312359
-99.1679929702
-98.6548187372
-98.1820948778
-97.6961993458
-96.9703858824
-95.7423588355
-94.3547905682
-93.1907200711
-92.000707059
-86.4760561091
-84.3194705268
-77.1470974735
-59.9023546415
-50.0420558202
-47.1629137061
-50.5998141512
-61.1041476002
-73.4705003922
-69.8515663487
-73.5545105735
-84.2601846746
-93.5944046657
-94.8104553049
-95.8193581246
-96.9675976346
-98.0429493073
-98.8779085907
-99.565235616
-100.132452868
-100.703847971
-101.473994623
-102.252619889
-102.652644309
-102.843671362
-103.287758821
-104.087799926
-104.787276177
-104.633595361
-104.656529593
-82.89831394
-82.4251203747
-81.8842936463
-81.3688689431
-80.9267229101
-80.5420323576
-80.1354589748
-79.6139227706
-78.9666556168
-78.275063091
-77.5399319927
-76.7411506269
-75.8895594618
-74.985013761
-74.0579724828
-73.1096414094
-72.0408224255
-70.6651690063
-68.6663616669
-65.9464137687
-62.2972187055
-57.6255069671
-50.0531708847
-47.1872802914
-50.6915582567
-59.5140303543
-64.2979122563
-67.6505470259
-68.7554288964
-69.7526956793
-71.2153193305
-72.6406159291
-73.8427421025
-74.8738102163
-75.7968317876
-76.5934295335
-77.2692865165
-77.9063760039
-78.5607692166
-79.2297515823
-79.8781346632
-80.494819132
-81.0523470955
-81.4945729206
-81.8492646154
-82.1957022931
-82.5562267873
-82.9974142248
-108.800795027
-112.502325748
-110.338354891
-110.761073481
-109.902154955
-110.086330391
-108.863441779
-108.602914351
-110.096581452
-109.587062494
-104.914090223
-104.156059781
-105.79414646
-106.386561842
-103.711668671
-100.297892937
-101.750914418
-95.8993925778
-86.7723546437
-84.1624126515
-79.1986979289
-59.8542196876
-50.0249077369
-47.1577887877
-50.6237681495
-60.6691202617
-70.4795339986
-70.0054494369
-73.2148610664
-83.0512895714
-98.2538458501
-99.9995495302
-102.975791349
-105.877731099
-104.448451679
-103.295298731
-104.913282553
-109.842467484
-110.965245283
-110.511726832
-109.745482465
-109.980999338
-108.978044824
-110.581263426
-112.418557959
-111.45414001
-106.657884143
-107.663005676
-85.0739073706
-85.1367506397
-85.261966303
-85.3320462318
-85.3159327082
-85.2381812306
-84.8685630186
-84.0523076474
-83.0297198643
-82.0344332666
-81.0157905475
-79.9075425372
-78.6943193155
-77.4044105986
-76.0742366795
-74.7055634672
-73.2323269519
-71.2865845423
-68.6253421507
-65.5586815476
-61.840028666
-57.8407918376
-50.0260571717
-47.1970443945
-50.7378135453
-59.1948421043
-63.8030684394
-66.4856097044
-67.5114166063
-68.942464112
-70.7544846319
-72.397390605
-73.8326136726
-75.1899419346
-76.5664161854
-78.0093338546
-79.4776397522
-80.9037212934
-82.2463806628
-83.4350906664
-84.4988015201
-85.531679562
-86.3943166706
-86.980418116
-87.43495847
-87.7703255764
-87.8207834997
-87.6197221652
-88.336109362
-88.122080967
-87.7982745226
-87.1884234724
-86.7060828607
-86.3924541869
-85.8242041607
-85.182195419
-84.6233158585
-83.8226326729
-83.080870434
-82.3929801829
-81.5928330281
-80.8166291805
-79.920945862
-78.800343944
-77.6455540305
-76.2890668045
-74.5684368019
-72.4080995
-70.2811115235
-59.3930874149
-50.0049787571
-47.2023341815
-50.772554478
-61.377989421
-71.0165326556
-69.8636098752
-72.1460727979
-75.7023233943
-76.9101482769
-78.1048911087
-79.2522110942
-80.3285847468
-81.2178566046
-82.1138844188
-82.9569117224
-83.6459267629
-84.3230678228
-84.9695221698
-85.4410220263
-85.8925256428
-86.3842011821
-86.9869301131
-87.4595235123
-87.8932220043
-88.2044797822
-88.4235827729
-108.232674746
-108.833759522
-110.062483557
-110.56632686
-112.357951491
-110.089600099
-109.207175346
-107.758265564
-107.073402185
-106.970209008
-105.060151169
-106.324349537
-105.629276255
-105.227649355
-102.619922101
-98.9752689733
-101.764508268
-93.7035009317
-85.976927838
-84.1016017997
-77.4211720583
-59.740974815
-50.0021418154
-47.2329546479
-50.8832954345
-61.3081140843
-70.6589719006
-69.7914119447
-73.1529813365
-82.9963085993
-97.2220376079
-102.588343416
-101.943211616
-107.943350073
-102.787485656
-103.756083301
-104.125825075
-106.943908085
-109.019572905
-107.75566532
-108.976805068
-110.505505932
-109.378274339
-107.522073906
-107.235139489
-107.090036291
-111.684647541
-110.059900932
-104.63043628
-103.928366926
-103.584866566
-103.213345532
-102.201152234
-101.141631874
-100.48800862
-100.00286899
-99.4909652909
-98.9216521428
-98.2544077282
-97.3557829819
-96.2856609317
-95.3985880549
-94.7944865202
-94.0813438928
-93.01321644
-91.5946978909
-85.9229277732
-83.7844566865
-78.2836030695
-59.7670462527
-49.9235474782
-47.0978752076
-50.6954856931
-60.8914029448
-70.4695876803
-70.0665014814
-73.5286944938
-83.1334931365
-92.7389014205
-93.9740231506
-95.2170717983
-96.3546016655
-97.2499087352
-97.9639595268
-98.7257413607
-99.4162892599
-100.049173873
-100.716569995
-101.338301343
-101.896192164
-102.36062487
-102.701799006
-102.891825261
-102.874189521
-102.864709771
-103.275957265
-88.5113701468
-87.9814869067
-87.2963178329
-87.1159779745
-86.7902358911
-86.2349897934
-85.5779170411
-84.8272922053
-84.0541281005
-83.567607353
-82.9602482512
-82.2078417672
-81.3117414045
-80.6028561757
-80.151993941
-78.8275929972
-77.0970908467
-76.1280931227
-75.9779002499
-73.2202838724
-67.9525436108
-57.1200442263
-49.9293695175
-47.1376900475
-50.7125245982
-58.7265424772
-71.2102480493
-68.5398564449
-68.2685672075
-73.4243484093
-77.0862685008
-77.9235388792
-79.1730449345
-80.3499356718
-81.2006194495
-82.1859672463
-83.0047651982
-83.5327257153
-84.3644469393
-84.9638621826
-85.203752345
-85.6535623286
-86.3116247965
-86.7478142413
-87.5248460755
-87.7652713502
-87.9371039713
-87.9529243026
-96.3128673869
-95.1176199787
-95.2683052457
-95.4536178882
-93.7063792213
-93.3559849371
-92.953870992
-92.3787331388
-92.5055987135
-90.8472665136
-89.8925383797
-90.2893903918
-89.5002641218
-87.5425912848
-87.1319471457
-88.0818811232
-84.8039494101
-85.5088228544
-80.2017960601
-76.2277259829
-77.1118971802
-59.144715545
-50.0648769402
-47.2731715231
-50.8634417926
-61.3633485946
-72.6970572195
-70.0275459732
-73.3936684021
-80.0339072391
-83.8862879724
-85.6355352968
-88.8097571683
-88.1817419372
-87.8861986096
-89.3786799885
-91.8541792046
-91.0893889397
-91.2327292712
-92.7554514561
-93.0890974359
-93.7127533664
-94.7773377798
-94.1492622452
-94.5874293018
-95.2886633689
-95.5138047858
-96.4656065505
-91.4453042572
-91.7441027738
-91.8098632041
-92.4518957098
-93.3484161481
-93.274803992
-92.2892069806
-91.1741275502
-90.4425525255
-89.2586473092
-87.7163031006
-85.9388109133
-84.3068874573
-82.7233399986
-81.9176593767
-80.7980171625
-79.0856899258
-77.9530396111
-74.6902331854
-70.455237356
-66.9648427402
-57.0871469801
-50.082191484
-47.2987209785
-50.988904494
-59.6432314762
-70.7919233833
-68.4734428899
-68.0514370168
-72.8665171143
-76.6882458628
-77.7933990252
-79.2795029152
-81.0106325165
-82.5046478128
-84.3155746533
-85.7197846254
-86.8029540142
-88.5270377238
-90.587483987
-91.8952135256
-93.0319527488
-93.9871973135
-95.1685314803
-95.5436494646
-94.958434582
-94.7850750927
-93.6511725549
-83.2894054864
-82.8866829267
-82.3225602548
-81.7690638963
-81.3083991519
-80.8871987033
-80.4135724062
-79.8850252169
-79.3117690615
-78.6755073896
-78.0197867028
-77.3168789598
-76.5124872242
-75.6356361269
-74.6772180468
-73.5964991668
-72.3887689881
-71.0681134307
-69.3648814201
-66.8405366063
-62.5393996417
-56.4475302001
-50.098817679
-47.2915109428
-50.8881939115
-56.9571367341
-61.2461535146
-64.0379374992
-67.7475047398
-69.4733195316
-71.2200781303
-72.6412566764
-73.812217232
-74.8882067649
-75.8422650237
-76.7093434628
-77.5517957262
-78.361952849
-79.1048850055
-79.7412136332
-80.2859023383
-80.8082933516
-81.3481141917
-81.8564362043
-82.24713653
-82.5188404037
-82.8421481169
-83.2960009918
-88.6730400774
-88.6755334033
-88.6222221661
-88.2766586895
-87.7097382787
-87.0223551976
-86.3499922478
-85.708292137
-84.8428207506
-83.7573563763
-82.7562975205
-81.7593386813
-80.6210116866
-79.4274360915
-78.2150365921
-76.9434284099
-75.5190512013
-73.9036556553
-72.0125749229
-69.6245879226
-66.8275716336
-59.8457378011
-50.0961444838
-47.2863185692
-50.8859484078
-61.0445109797
-66.2394604307
-68.716177444
-71.1429379229
-73.4657435751
-75.510970358
-77.177534172
-78.5672040771
-79.8696925433
-81.0707258866
-82.2079409566
-83.3832228791
-84.4669994335
-85.4172963308
-86.2549843657
-86.9024505439
-87.4264155937
-87.8736248362
-88.1366574977
-88.3986074316
-88.6036691523
-88.6524841663
-88.700749629
-105.950617849
-104.413114731
-103.15601195
-102.382879971
-101.961897959
-102.070261114
-101.980392832
-101.240194821
-100.443198608
-99.765522867
-98.9258207041
-97.9647101711
-97.1917762215
-96.3316951322
-95.0418946814
-93.6796770636
-92.5549692627
-91.4110667717
-85.7235376113
-83.3676901281
-77.3385385197
-59.8996811623
-50.0769961504
-47.2184815497
-50.7685760365
-61.0046298288
-70.2589836483
-69.8115282665
-73.4608056673
-83.6819684777
-92.7455544918
-93.8236815748
-95.015914534
-96.4563768869
-97.7327783499
-98.2611466258
-98.5460155605
-99.0589540035
-99.5724285426
-100.184608541
-100.932633984
-101.264495439
-101.078876281
-101.290842676
-102.335242505
-103.403728634
-104.084736992
-104.957275364
-83.6373831896
-83.2836456395
-82.8207947442
-82.333602703
-81.9108793385
-81.4575638892
-80.9077028855
-80.3084780113
-79.695258499
-79.1041297084
-78.457213658
-77.6814008993
-76.8437446393
-75.9247062646
-74.9191134176
-73.860192145
-72.6977427826
-71.2737190072
-69.4022678609
-66.9544822793
-63.9741554571
-59.9338566132
-50.0099686251
-47.1586512048
-50.673845659
-60.4402198377
-65.7267914385
-68.3607558847
-69.7031763526
-70.750180146
-72.0613045503
-73.3969470551
-74.5500566995
-75.5928437807
-76.5382066264
-77.3302328534
-78.0530001833
-78.7766796079
-79.462897791
-80.0802563755
-80.6933123572
-81.3023176205
-81.8279296865
-82.2949756639
-82.7431343077
-83.1698938991
-83.559275989
-83.8969549244
-84.1472862627
-83.7544923005
-83.3681850904
-82.9864060136
-82.6101944521
-82.1224339346
-81.5738239768
-81.0279624045
-80.4432603097
-79.8008522486
-79.0385192248
-78.2386474673
-77.44532963
-76.5472615449
-75.551223433
-74.4925936546
-73.342832621
-72.0347502107
-70.3558861309
-67.9625565734
-65.0042960472
-59.9588648543
-50.0474753828
-47.1611253071
-50.6271777177
-60.6088925102
-65.3881248544
-67.4332464108
-69.0851214337
-70.6776019124
-72.2534853051
-73.6693983941
-74.8931663248
-75.9425950725
-76.8760131132
-77.7376918747
-78.511026798
-79.2271904876
-79.9335537147
-80.5957479465
-81.1795730713
-81.688828659
-82.1384385553
-82.5697895339
-83.0347643328
-83.4798647438
-83.9039761315
-84.3678738058
-108.9103237
-108.107978626
-105.096823868
-107.734946897
-105.607123194
-105.863385094
-105.611429282
-104.080586089
-102.320098707
-103.18705822
-102.776425523
-102.752201513
-101.032313045
-99.1546671057
-98.4102144039
-98.3673419622
-97.2344381354
-94.6130513791
-86.4169000379
-83.781563095
-77.085372403
-59.8908556478
-50.0063348762
-47.0920274384
-50.5150233613
-60.8352271392
-72.8848873785
-70.2116255322
-73.6780304323
-84.1227232448
-97.2698921926
-98.9374285014
-99.6360726561
-100.254115217
-102.696183421
-101.309942963
-102.200121084
-105.100751317
-104.860335257
-103.564175319
-105.830527129
-106.134503967
-106.782393632
-106.28499299
-106.188088951
-109.26538878
-106.55515244
-110.381826907
-87.7568943717
-87.7610619708
-87.761620268
-87.4039925456
-86.7066498244
-86.3679405496
-86.111533928
-85.432594814
-84.7209365409
-83.9527399535
-83.4721451869
-83.1837744532
-81.3749475845
-79.8242788434
-78.2669504527
-76.9517513564
-76.2283209579
-74.2041005179
-70.5851131545
-67.8647694963
-64.1861732148
-56.5556419509
-49.984047957
-47.1544974188
-50.718293398
-57.9827243338
-66.6249289455
-69.9992150142
-69.8632784437
-70.7024928508
-72.8612331294
-74.8021343717
-76.5061574523
-77.8567788185
-78.9332464753
-79.7156679897
-81.0124899072
-82.8633321102
-84.539283861
-85.6432219714
-85.9536171146
-86.5669541962
-87.2351177723
-87.8730135376
-88.534198608
-88.6539498591
-88.9408904546
-89.3490653357
-85.2269835243
-85.3749183887
-85.6453661296
-85.8091184026
-85.6591345589
-85.2327388446
-84.6748687086
-84.0421112869
-83.2536345514
-82.2534906057
-81.0398822234
-79.7099471686
-78.3668830767
-77.0613987101
-75.8156148577
-74.5946064051
-73.3039088493
-71.5882069274
-69.0072708401
-65.7676762996
-61.8698053978
-57.8109003378
-50.0585799957
-47.2732705572
-50.973153693
-58.9523130224
-63.023621873
-65.355415668
-66.8962796614
-68.9065019266
-70.9816309174
-72.6697891751
-74.1760824916
-75.692380407
-77.1906974921
-78.543957063
-79.7774253037
-81.0680964651
-82.4407018247
-83.7288160096
-84.8335470614
-85.7177875018
-86.3853856959
-86.9467110405
-87.4197484957
-87.7255467901
-87.7510983744
-87.4573450284
-113.971773152
-113.132711711
-113.46059985
-114.137565413
-113.248418426
-113.488786512
-112.27512012
-111.905883547
-113.907954967
-113.191157002
-113.157833027
-113.801224209
-113.31413176
-113.080424204
-112.374808475
-111.629647543
-112.62960351
-112.177047961
-112.777040734
-111.462069251
-109.638841124
-110.425235738
-110.187667536
-105.942786123
-105.9541693
-105.791977862
-109.879665636
-111.275842855
-110.438337592
-110.719480638
-110.986017821
-113.122430376
-112.740956335
-113.258852185
-113.489931926
-112.497379615
-113.388289666
-113.173938227
-113.425886108
-112.941257576
-113.559678099
-112.514488493
-113.541294352
-113.86653329
-113.451343028
-114.037712929
-112.748409722
-113.124614381
-112.053879865
-114.060905688
-113.39961616
-113.326164151
-112.637112358
-113.784398234
-113.410406597
-113.31612319
-113.715411782
-113.441455886
-112.873711199
-112.502898197
-112.711820562
-112.909651312
-112.892709223
-112.351054645
-112.076276521
-112.494475808
-112.753849176
-111.459842828
-111.207117313
-110.876991462
-110.315626745
-107.437506751
-105.225751425
-107.1120537
-109.531212813
-111.975908644
-112.3670448
-112.394589317
-111.795879724
-112.070750272
-113.210042921
-112.373728987
-112.516387145
-113.195955296
-112.774750043
-113.386703357
-112.525698209
-113.600270864
-112.795155393
-113.497634371
-113.10461144
-114.040902711
-113.452700336
-113.327547052
-113.299063807
-113.43410274
-113.458511731
-113.188100577
-114.415382957
-113.259505546
-112.742331239
-111.536631201
-112.556165372
-112.637703216
-112.755770502
-112.450438246
-112.587430766
-112.876083423
-111.847635342
-112.737444377
-112.817346747
-113.323429386
-112.791591088
-112.373472119
-112.590028805
-112.996734066
-111.834438281
-110.878958275
-109.913581862
-107.136344419
-105.980531673
-107.439715154
-109.868870138
-111.126452912
-112.395501889
-111.943678266
-112.098342928
-112.218683854
-112.807439053
-112.598930118
-113.031609358
-113.213717059
-113.66047127
-111.762503117
-112.677437245
-113.158285003
-113.527682129
-113.312068839
-113.608634518
-113.082196425
-112.889737003
-112.3098062
-113.400120803
-112.875661795
-113.339512752
-113.247732521
-113.393414448
-113.700681928
-113.713926189
-113.983611729
-113.118433738
-112.041112092
-113.153182775
-113.864635886
-113.556463977
-113.95663398
-113.559968576
-112.859027381
-112.822836593
-113.772088874
-112.751871758
-112.488797315
-111.645826707
-111.863484348
-111.118442614
-110.707052502
-110.328894514
-106.787492088
-105.163467737
-107.215253282
-109.187016667
-109.661110137
-111.193031982
-111.834503362
-111.194660234
-111.821815625
-111.692862436
-111.923597252
-113.071164136
-112.911156352
-112.651818863
-112.595209447
-112.704218721
-113.127253924
-113.158275603
-113.860198379
-113.838401695
-113.646563259
-113.348891834
-113.112335475
-112.665518259
-113.388665864
-113.931910529
-113.481470406
-112.538296564
-113.743984771
-113.549177053
-113.008072902
-113.442575357
-112.601787069
-113.460096455
-113.557113062
-113.870276662
-113.015299152
-113.207356727
-112.422200982
-112.623817587
-112.51455474
-111.617016509
-112.775026913
-112.070974254
-112.496990036
-111.838404891
-110.902479031
-109.02635746
-107.373213181
-105.423722325
-107.309900501
-111.323183867
-111.27770548
-111.144603672
-112.951831849
-112.26281225
-112.059259973
-113.075617075
-112.613272998
-112.300406824
-112.524295544
-113.605082742
-111.229209693
-111.145045818
-113.72664542
-113.533866159
-113.49538483
-113.760956017
-113.288390774
-114.096126017
-114.734019787
-114.188233104
-113.695868934
-111.980969512
-113.68099767
-112.765871898
-114.207520403
-113.305346902
-113.95496143
-113.438621417
-113.047371492
-112.569131229
-111.711348266
-112.814559303
-113.376199749
-112.816410224
-113.338362023
-113.102888557
-112.612271698
-110.741470317
-112.104776184
-111.845775296
-111.867875323
-111.911006323
-112.312984667
-110.380408633
-105.6359362
-104.163098964
-107.357072269
-109.535430734
-111.507169937
-112.059099735
-111.308700309
-112.515061138
-112.410688226
-112.355624827
-112.549657499
-112.197642227
-112.252347395
-111.995970254
-112.41664612
-113.631656325
-113.952600039
-113.391291539
-112.960591147
-113.743140215
-112.469532883
-113.066616522
-113.54588311
-113.255881091
-113.71775827
-113.262235501
-113.749728459
-113.601710383
-114.399364915
-113.934495732
-113.055219388
-113.695196003
-113.234450104
-112.176489179
-112.795246738
-112.846991237
-113.548966441
-113.20959297
-113.082633368
-112.671821484
-113.050328039
-112.488889794
-112.322189508
-111.702562274
-111.59871529
-111.274791721
-112.293274509
-110.082553059
-106.209665156
-103.886114465
-106.735630656
-110.280968781
-112.224453461
-112.730535999
-113.023541288
-112.933258071
-112.825477184
-113.027785417
-113.173790984
-111.935093872
-112.77483834
-112.516355065
-112.668568689
-112.684651496
-113.575458761
-112.848946231
-113.314834588
-112.710186184
-113.448704401
-113.588470428
-112.527920582
-112.537721556
-112.912712121
-113.500359501
-113.52070273
-114.10863753
-113.971106351
-113.298200608
-113.073855151
-113.97463816
-113.166764796
-112.391442381
-113.071687303
-112.657234007
-113.231134487
-112.852468049
-112.507282445
-112.379177614
-112.786636132
-111.731492318
-111.955525653
-113.461256674
-113.318300826
-112.110289743
-111.301892634
-109.654142877
-106.246719509
-104.18473369
-105.349889693
-110.354220122
-110.949084375
-109.961802165
-112.031572579
-112.545966362
-112.735937526
-112.769320236
-112.417983078
-112.540789146
-113.360434444
-111.987746083
-112.9861117
-112.207877426
-113.466292848
-113.378788658
-113.32372656
-114.164301196
-114.01749696
-114.158860892
-112.888790116
-113.651887324
-113.426385553
-113.727816652
-113.862495627
-113.823614334
-113.38938517
-113.776256281
-113.738313592
-112.877621313
-113.229399733
-112.559936407
-112.080230931
-112.851166738
-113.225915286
-113.361437292
-113.487153376
-113.43169087
-112.887951344
-112.362894392
-112.249217291
-112.732262157
-112.340009656
-111.315307724
-111.850082473
-110.338343789
-107.453965346
-105.200755045
-107.692157391
-109.732938223
-111.70565695
-112.133447645
-113.243549345
-112.026654301
-112.041117147
-111.745559806
-111.542454717
-111.35962468
-113.198284664
-112.322615638
-113.248228164
-113.645223547
-113.613513768
-113.072103959
-113.589840589
-113.327086886
-113.548382505
-114.018337312
-112.883997009
-113.455022823
-114.035440662
-112.857825544
-112.826930232
-114.017767927
-113.55551628
-113.227616257
-113.183773394
-112.90163541
-113.24255585
-112.423773615
-112.278363733
-112.412447718
-113.130763222
-112.928335427
-112.536346876
-113.219303729
-112.201805811
-112.472330717
-112.513726376
-112.822007435
-111.30762865
-109.831756344
-110.704853506
-109.84224351
-107.784613907
-105.769103033
-107.780889682
-109.821967714
-111.985149352
-111.395442647
-111.89526894
-112.226262076
-112.475820768
-113.38645999
-113.826583416
-113.031625235
-113.610086789
-113.733459668
-112.271157215
-112.668738829
-113.080090639
-113.548082967
-113.262965984
-113.238663237
-113.914694629
-113.084345018
-113.535392593
-112.773374937
-113.989794306
-112.758855935
-112.569567303
-114.167374483
-113.312452042
-112.763344159
-113.687782627
-113.015728625
-112.908127503
-113.389532149
-113.62331922
-112.587798441
-112.505828743
-112.11989968
-112.252793599
-112.564215753
-112.181088389
-112.641830586
-111.704456712
-111.551930735
-111.603393501
-112.458103525
-110.966044499
-109.85794926
-107.744039607
-105.885791504
-107.40972758
-109.816582943
-111.688623538
-112.410698548
-111.195115307
-111.965574453
-112.538255464
-112.04142398
-113.051241035
-112.781010107
-113.119909209
-113.01123629
-113.233444134
-113.227332647
-112.721675249
-112.970812614
-113.518425672
-112.878744336
-113.839534616
-113.195033626
-113.487629056
-113.797531812
-113.08829471
-112.360440603
-113.107440806
-113.373502874
-113.771471332
-112.50089759
-113.997920551
-112.735024694
-112.870295652
-113.002812802
-112.971426785
-113.341932363
-113.154416122
-113.707737972
-113.702528016
-112.560791084
-112.429074319
-113.167493319
-112.302691333
-112.420857897
-111.942438529
-111.321642194
-111.147592631
-110.186769767
-106.776811454
-105.95172027
-108.14882498
-109.842715468
-111.081018572
-110.942634752
-112.580635116
-112.461950818
-111.740340041
-112.744518691
-112.436646572
-112.868329114
-112.916836505
-113.015867046
-113.392432657
-113.573378996
-113.568629947
-113.45387258
-112.610244936
-112.602378893
-113.163144469
-113.263749349
-111.996679554
-113.411992058
-114.41236232
-112.892767273
-112.85974498
-112.730031247
-113.509998468
-113.949862806
-113.144855732
-113.498431621
-113.977764166
-113.591562028
-112.063388202
-113.239415998
-113.169262104
-112.707831004
-112.683101672
-112.641922753
-112.855072604
-112.592586782
-113.369993601
-113.137006998
-111.681581465
-110.787610662
-110.871946032
-109.530617525
-106.866111619
-106.177119951
-107.661358945
-110.921477251
-110.610707779
-111.631515034
-111.865545298
-110.783038317
-112.202536751
-112.378566599
-113.246119987
-112.8746058
-113.600767243
-113.519076646
-113.201356935
-112.685027861
-113.244434682
-113.169424763
-112.558456789
-112.399728205
-113.462755604
-113.254393799
-112.935526389
-113.563951146
-113.162497263
-112.570347136
-113.865225459
-113.62938595
-112.873729189
-113.467439804
-113.472531925
-112.81900193
-113.158329958
-113.658818611
-112.652631432
-112.450677831
-112.976141845
-112.9573099
-113.007133413
-113.317130693
-113.239361035
-112.151654411
-112.281273802
-113.105491104
-111.846656875
-112.068973459
-111.2808546
-110.173345592
-107.663064252
-105.829959752
-107.876228312
-110.178668138
-110.632187381
-112.054622143
-111.493463799
-112.197757864
-112.620076626
-112.59700869
-112.685867928
-111.971547371
-111.738132535
-113.273673587
-112.438976197
-113.287768421
-113.976324227
-113.659552437
-113.2145185
-112.596560874
-113.36158761
-113.746306977
-113.944817673
-113.945424602
-112.752280048
-113.601476842
-112.774476933
-114.064319484
-113.582019871
-111.621348422
-112.410880211
-112.862049653
-113.425987383
-113.674470449
-113.441547056
-112.845335621
-112.753801889
-112.710708174
-112.866732602
-112.767569578
-112.773883631
-112.778909434
-112.68396335
-111.596935729
-111.950667013
-111.629411864
-110.534040522
-110.301831124
-106.547888703
-106.040762731
-107.466332172
-108.704353836
-111.247595388
-112.128045179
-112.090332472
-113.019012768
-112.020305145
-113.061799462
-112.959266405
-112.264068411
-112.296718048
-113.919810062
-113.122533733
-112.475595158
-112.084479047
-113.177707548
-113.768128153
-113.839715337
-112.756693294
-111.3278607
-113.374730823
-113.310295535
-114.213301581
-113.544594195
-113.833433241
-112.845589266
-113.395276838
-113.951713438
-112.796488532
-112.09653111
-113.274867331
-113.276201656
-113.290885713
-112.555182131
-111.780819959
-111.64011885
-113.327996643
-112.702848468
-111.382475056
-110.474931831
-112.138534644
-112.021187964
-111.002462789
-111.739454133
-111.202518632
-109.892478576
-107.318110151
-104.744917772
-106.641169011
-109.454786266
-110.552841822
-111.70965253
-112.062991526
-112.811044312
-112.70396547
-111.680263109
-112.796381746
-113.08219
-112.602821555
-112.252670183
-113.599244351
-112.765404461
-111.974909564
-113.301496462
-113.163135878
-113.013841792
-113.14766538
-114.574904615
-114.146382615
-113.915818923
-113.722484837
-113.361747785
-113.893427356
-112.064275058
-113.425607938
-113.386978184
-113.129591382
-113.345884125
-113.081563578
-112.48733788
-112.561415105
-113.223004795
-112.168105984
-113.001652902
-111.565419355
-112.193483285
-112.516999176
-112.073038997
-110.85403973
-112.007682274
-111.554150085
-112.042097127
-111.806389493
-110.419682082
-107.255983894
-105.735867788
-107.581150752
-110.108177516
-111.672491121
-110.665407382
-110.765584114
-111.343836096
-112.033337306
-112.745912192
-112.835480417
-113.032915458
-112.352549102
-112.199264711
-112.551039598
-112.958118076
-113.10784596
-113.364702218
-112.894481071
-112.026943105
-112.877810953
-113.28472994
-114.292985898
-112.92431706
-113.055838827
-112.825456744
-112.393976473
-113.862991658
-112.859799921
-112.110763329
-113.299089558
-111.929499434
-113.286569021
-113.617215983
-112.248151667
-112.505305487
-112.386756016
-112.635708397
-112.469095579
-113.436839266
-112.165135156
-111.748766227
-111.860360958
-111.733047662
-110.54532022
-110.480085014
-110.562485518
-110.039434141
-106.704289754
-105.558046124
-106.352370795
-110.944612869
-112.070527255
-110.721497237
-111.00383722
-111.856331555
-112.619950262
-112.616373155
-112.647961054
-112.879731579
-112.231649193
-112.209091192
-113.119577458
-112.950875615
-113.01939036
-113.722092079
-113.932361803
-112.853912249
-112.874874943
-114.261947091
-113.953701797
-113.270114032
-113.131168933
-112.583779365
-113.251092152
-113.667749439
-113.333754072
-113.369594561
-113.118885277
-113.879086161
-113.092208551
-112.352787421
-113.707462949
-112.841548678
-112.607164267
-113.861566683
-113.231381356
-112.279877781
-112.2855839
-112.810210613
-113.099098927
-112.58236784
-111.423481587
-110.868195711
-110.918386112
-110.511648177
-108.180199738
-106.327925205
-107.885128783
-110.173170889
-111.375439969
-112.177513559
-112.136772526
-112.193425686
-112.988266321
-112.268714076
-112.501896373
-113.157975644
-111.799424489
-111.92777516
-112.524590098
-112.682266168
-113.55033314
-113.042820854
-113.285032051
-114.307912652
-111.44529401
-112.606994003
-112.479828516
-112.895991634
-113.761582865
-112.97474771
-113.510919882
-113.194562149
-113.801340788
-113.555540015
-113.867793875
-113.739677195
-113.479692151
-113.122468881
-112.881182574
-112.849124347
-112.867137312
-113.402854152
-112.764527593
-112.944798279
-112.247849429
-112.891967707
-113.175168867
-112.569851382
-112.606560993
-112.640384109
-110.821731337
-110.67050458
-108.362957549
-105.842485888
-107.672662975
-109.366143614
-110.844420876
-111.551854226
-111.605255737
-112.139339693
-112.22498845
-111.5862193
-112.017044015
-113.015182103
-112.674185727
-111.422545376
-111.014478644
-112.413693523
-112.292741087
-113.535036897
-112.194486148
-112.31726306
-112.484744189
-112.780878972
-113.798001063
-113.269889691
-112.930013301
-114.336325715
-114.383334751
-113.883202064
-112.81850153
-113.347170449
-114.187388753
-112.323909454
-112.940585075
-112.879891797
-113.167469156
-113.515298273
-112.542334393
-112.788019948
-113.016469427
-113.260091647
-112.759353238
-112.375383811
-112.125913525
-112.459396247
-112.275521312
-110.814575429
-111.651540342
-108.582635922
-106.392052603
-106.24542214
-108.011759929
-110.111561388
-110.627322952
-111.629747854
-113.178381661
-112.562172812
-112.371343738
-112.859275723
-113.337094488
-113.147487226
-113.295530631
-113.909364152
-113.479700513
-112.218928435
-111.409750551
-112.736276457
-113.517094277
-113.489432617
-114.474374325
-114.792455165
-114.396721721
-114.524253577
-114.166566651
-112.573201413
-114.086276994
-113.834045332
-113.311355028
-112.761403069
-114.106169757
-113.992048256
-113.953761187
-113.907975851
-113.776177125
-114.054149426
-113.250197527
-113.568715292
-113.490129548
-112.842182076
-113.392412385
-112.748486328
-113.20839264
-112.861399229
-112.037835621
-111.260520925
-112.023840015
-109.66219277
-106.634508354
-104.97073417
-107.700489489
-110.609561815
-111.88979847
-112.170530923
-111.592439433
-111.056641461
-112.469218326
-111.591113957
-112.848770025
-113.468299562
-112.501920265
-112.318855071
-111.287555234
-110.334397622
-111.789540126
-112.617467772
-113.620021307
-113.174249136
-113.296142708
-112.435588976
-113.184066508
-113.774199628
-113.784437887
-114.077039507
-113.354763422
-111.932943873
-113.715411318
-113.958891911
-113.675032921
-112.67102066
-112.392679433
-113.822535561
-113.171078745
-113.020645278
-112.940976512
-112.890567282
-111.297439892
-111.655646026
-112.269645205
-113.248040831
-112.159789273
-112.16315194
-112.266664366
-111.119190285
-110.584823591
-110.462344003
-106.937504113
-105.066765222
-107.163181703
-110.969364791
-111.869604526
-112.155817593
-111.504166834
-111.715068846
-112.632596584
-112.766172846
-113.335746007
-112.803650722
-113.131102734
-113.357657482
-113.464283992
-113.304064028
-113.338893681
-112.696268591
-113.726640762
-113.70032401
-114.062329161
-112.272853732
-112.940600623
-114.203985974
-113.408758072
-113.585703442
-113.256288629
-114.537832323
-113.882366694
-113.251274606
-114.474366302
-113.226695317
-113.512119032
-113.978203447
-112.982765985
-111.533980746
-111.860117573
-113.156417739
-112.432820929
-112.282878062
-113.06127149
-111.398239854
-112.127231585
-112.275893857
-111.857158338
-111.65327451
-111.684696734
-110.331123823
-107.199483904
-105.995170053
-107.309863507
-109.457322922
-110.889265715
-111.178747351
-112.457132149
-111.469802445
-111.34855517
-111.623771164
-112.334843197
-112.534675249
-112.320084421
-112.382368995
-112.104404887
-112.679241606
-113.149594549
-112.676341309
-113.665539582
-113.69421801
-114.24696796
-114.028005328
-113.495153404
-113.907457659
-113.974170144
-113.064307106
-114.136730343
-113.179326907
-113.62321733
-114.016564146
-113.775777125
-113.091397572
-114.172385669
-113.992699956
-112.658064708
-112.729389558
-112.694638218
-112.692207754
-112.507219475
-112.487810295
-111.048787445
-113.070170053
-112.633746728
-112.340820433
-112.536376625
-111.844182079
-111.756984144
-110.326249042
-106.650323577
-104.476261569
-107.29172425
-110.179802593
-111.617272152
-111.870619166
-112.578157827
-111.522778073
-111.872481374
-112.624997577
-112.894880298
-112.850342052
-112.524232327
-112.825127435
-113.372624753
-113.510838325
-113.664269769
-113.120134037
-113.530578016
-113.701260773
-113.878751345
-113.707089632
-113.842735161
-113.717212084
-112.904801984
-113.683683076
-113.973359002
-113.418661226
-113.891943004
-112.588262558
-113.615023513
-114.279827654
-112.588937497
-111.86387747
-112.126172916
-113.261185412
-112.502370374
-112.854491816
-113.393453276
-113.516081021
-112.613660171
-112.809454386
-112.888328464
-111.817915757
-111.404176125
-112.799883756
-111.551698671
-109.839931693
-106.628967902
-105.019394051
-107.136292941
-108.808388169
-111.16650948
-112.476790744
-112.671225236
-111.915836427
-112.649358805
-113.392797999
-113.616686383
-112.201160233
-112.977832805
-113.159071783
-112.814989012
-114.117307454
-113.169764442
-113.237716226
-113.697769892
-113.247105121
-113.700814361
-113.50726197
-113.597210589
-113.627618495
-113.602323262
-113.916862233
-113.459063997
-112.778045561
-113.728837195
-113.896225627
-113.3562671
-113.298833745
-113.691216509
-113.768161544
-113.251107182
-112.757883489
-113.689681896
-113.217110121
-113.600996673
-112.605997389
-112.489617434
-111.648517749
-112.451502937
-111.535149964
-111.928382273
-111.658158865
-110.61180948
-109.966884844
-107.528545391
-105.74523931
-107.130850808
-109.446622157
-111.735384816
-110.511752162
-110.416823351
-112.312366076
-113.078692832
-113.070810454
-113.189849371
-113.555260581
-113.276968932
-113.172524242
-113.37297598
-113.651627261
-112.146543612
-113.271116789
-113.498205777
-113.759645327
-114.163777259
-114.301547969
-113.855519711
-114.011454404
-114.124607409
-114.135566325
-113.4204737
-113.536745662
-113.237732875
-112.920244375
-111.852961241
-113.519662872
-113.525231526
-114.119964643
-113.18256826
-112.350783845
-112.778059789
-112.567002515
-111.278418253
-111.9913267
-111.396085399
-112.192225451
-112.524787538
-112.338613917
-111.445695397
-111.237593085
-111.611434235
-109.935601493
-105.770740525
-105.269456074
-107.285131713
-109.512868414
-110.840768059
-112.628484849
-112.820191558
-111.764955808
-112.08540342
-112.955355056
-112.937971475
-112.333660701
-112.648775082
-112.465717199
-112.128132865
-112.911756738
-112.973740199
-113.569759774
-113.523601078
-113.727024615
-113.543379347
-112.894364156
-112.102217505
-113.543436955
-114.305143836
