-83.5054781018
-83.7092790481
-83.8208767093
-83.5912988336
-83.8436267274
-83.6280625087
-83.6937992833
-83.7360299926
-83.7361497452
-83.6309961072
-83.7811179263
-83.5622869954
-83.6439212568
-83.6882242424
-83.7123594885
-52.083553231
-83.8801794812
-83.6613879052
-83.7850945095
-83.5928487225
-83.5347291402
-83.6419157765
-83.7365167358
-83.8663520283
-82.5661602599
-83.5136293566
-83.7232790077
-83.5813564719
-83.4486980287
-83.6176613674
-83.6879451141
-83.6726185925
-83.5564081025
-83.4933073818
-83.5249341328
-83.8084739709
-83.6023544471
-83.6140585526
-83.6908579302
-83.5874067769
-83.4774313484
-83.8175604455
-83.8628519798
-83.7664031406
-83.735833288
-83.6495713849
-83.7216382085
-83.8328257013
-83.5229020841
-83.7938496649
-83.8773684994
-83.6110280944
-83.645354606
-83.7864213292
-83.7365043444
-83.5730484025
-83.7780368922
-83.6443345223
-83.8095631546
-83.7427130024
-83.5947411469
-83.5614321933
-83.7656732657
-83.7344693679
-83.6377298595
-62.9040873131
-83.5586570435
-83.6311112408
-83.71743364
-83.6690792504
-83.8690501164
-83.5885170537
-83.6529267788
-83.613060771
-83.5201537801
-83.5646023151
-83.7402538497
-83.6128411953
-83.3681654721
-83.6877211169
-83.5801385526
-83.7319942087
-83.6409628735
-83.763190782
-83.9318130087
-83.7727193235
-83.6196209439
-83.7068887138
-83.7358023724
-83.5519613547
-83.9600255703
-83.6475567496
-83.6310911294
-83.7516704114
-83.6251506868
-83.5475284617
-83.5966416866
-83.5334638199
-83.8499883954
-83.4893051078
-83.7600351251
-83.7921400792
-83.7272031885
-83.880641508
-83.5313029907
-82.2948019842
-83.7705583055
-83.4218854156
-83.7395729512
-83.7415568021
-83.6946857494
-83.7648091255
-83.5355240248
-83.5068236485
-83.7253374096
-83.8787453233
-62.0771036504
-83.5735092951
-83.4237650217
-83.7890998074
-83.5918838183
-83.6144999924
-83.9586339607
-83.8216092334
-83.7169798592
-83.8204928221
-83.7636891911
-83.6003008626
-83.8144569382
-83.7136123906
-83.8262609625
-83.8065773028
-83.57603235
-83.5993151789
-83.5984051239
-83.6886505308
-83.6901821396
-83.5868430278
-83.508390386
-83.7081292669
-83.6340911122
-83.7898641185
-83.6012530832
-83.7883985739
-83.7102828819
-83.8446589986
-83.8306806149
-83.591525388
-83.5699743439
-83.567182409
-66.7189462301
-83.5080800122
-83.4865000935
-83.8093309195
-83.6961559513
-83.9255718579
-62.4927178718
-83.7072571113
-83.7424151821
-83.6787104104
-83.6246821349
-83.6646125694
-83.8924802297
-83.6357296355
-83.7960180922
-84.0048830366
-83.7075397314
-83.7375001043
-83.6331153584
-83.7600057708
-83.7281544115
-83.6933279241
-83.6326001054
-83.6607811712
-83.5511527659
-83.5639953798
-83.7228730756
-83.7134622768
-83.4754735797
-83.6306030364
-83.609835118
-83.4979453321
-83.6367506714
-83.7417519294
-83.5678240276
-83.5451947323
-83.4185950223
-52.624966846
-83.838808931
-83.7167658968
-83.9713844551
-83.5079330003
-83.5022235661
-83.7781411327
-83.7314004035
-83.5980464034
-83.3657354537
-83.8007297624
-83.5797141556
-83.8824370375
-83.7809750581
-83.6997628718
-83.715433822
-83.7977105546
-83.7940664192
-83.5439579347
-62.8628622914
-83.6073088244
-83.7373389529
-83.7521094938
-83.7325502402
-83.8568963656
-83.7083816695
-83.6019959667
-83.789071727
-83.564408913
-83.7732078104
-83.6899083266
-83.634218915
-83.5993076787
-83.7164593265
-83.5398298995
-83.8324017278
-83.4588663015
-83.7899696684
-83.892638275
-83.6636525992
-83.6607831145
-83.5915652184
-83.6977622604
-83.5773623728
-83.911289815
-83.5680758167
-83.5376540533
-83.5318367447
-83.5914471275
-83.8039505364
-83.7395896893
-83.745930479
-83.7425867445
-83.6029193905
-83.5721669227
-83.7774231197
-83.5247789529
-83.7693371234
-66.5107866449
-83.6871995875
-83.7024669477
-83.5932802773
-83.7941109637
-83.6295892266
-83.7567523011
-83.559592579
-83.5340928844
-83.7931834509
-83.7664401081
-83.6236535335
-83.7166444092
-83.543537258
-83.7139017432
-83.7675933686
-83.5230074754
-83.7281027013
-83.565457859
-83.6190994754
-83.6265344443
-83.7277698714
-83.6235714504
-83.5798332777
-83.8857874839
-83.6717077719
-83.6887867821
-83.7072289053
-83.5494786697
-83.823352216
-83.7751181448
-83.6061097398
-83.6895899633
-83.7266088882
-83.6470248274
-83.4923745224
-84.0032309905
-83.7667344479
-83.6789825599
-83.5854103346
-83.4383354224
-83.4779435785
-83.5932399902
-83.6486436031
-83.9015321275
-83.7059781489
-83.671385858
-83.50409089
-83.5850290346
-83.5800340142
-83.7251845362
-83.5402073018
-83.8081287527
-83.7113332022
-83.5092438786
-83.6843884142
-83.7215551884
-83.714591254
-83.807647499
-83.5024984819
-83.4232702993
-83.7444440665
-83.7778938954
-83.451437943
-83.7012095167
-83.6323658096
-83.7529331806
-83.8149390565
-83.6422763599
-83.6361119996
-83.5013008179
-83.6004369622
-83.7031986265
-83.7348916548
-83.8150987386
-83.5509931513
-83.6158299195
-83.5404603223
-83.6159948394
-83.6917899212
-83.6894897766
-83.6247353819
-83.5667639158
-83.8677904745
-83.6367464561
-83.8673641761
-83.7524089209
-83.7959093832
-83.8354190176
-83.5926741663
-83.6965334283
-83.6631782245
-83.7111025556
-83.7040474079
-83.5467222656
-83.7219448786
-83.8230198486
-83.4175632812
-83.5935745991
-83.5787289758
-83.6535574016
-83.7847136608
-83.6039424602
-83.4049205042
-83.6326762208
-83.70092569
-83.6480778292
-83.6309189543
-83.6899959854
-83.4817808055
-83.675107554
-74.2984795083
-83.7616480147
-83.513867607
-83.618639202
-83.6329996464
-83.5815028177
-83.5028087166
-83.6559426252
-83.7188661248
-83.4921629813
-83.7919805071
-83.9290326996
-83.6237384389
-83.5050664467
-83.6798385528
-83.4401745367
-83.7125969403
-83.6773369847
-83.5812988401
-83.3376364586
-83.8482830338
-83.4965182272
-83.6070731894
-83.5759533075
-83.8197604454
-83.8831833184
-83.4968193837
-83.3636097748
-83.5347166885
-83.7750686251
-83.6571464359
-83.8482315818
-83.7077014317
-83.6756200815
-83.6232179818
-83.6453387314
-83.3809063455
-83.5232967833
-83.6343987881
-83.4340299702
-62.7696719965
-83.635763318
-83.8653627038
-83.7337082264
-83.9076321942
-83.6600519433
-83.5135621399
-83.7319151724
-83.5684551421
-83.6206666239
-83.6907264048
-83.9638319104
-83.6669756019
-83.8854299429
-83.7954591517
-83.6809503008
-83.6081386193
-83.6129152188
-83.7746038553
-58.0758918563
-83.640336593
-83.4602885653
-83.4484010989
-83.6371759914
-83.6896560471
-83.7497252341
-83.7007766838
-83.6908152582
-83.3802517946
-83.7028901526
-83.567895134
-83.77542594
-83.8115521654
-83.5516264078
-83.71234753
-83.7198842043
-83.7639849073
-83.8497697811
-83.6995946346
-83.4429999303
-83.5750631047
-83.6592335711
-83.8286491587
-83.8882483195
-83.731282429
-83.6895007941
-83.6191075364
-83.6012979486
-83.7487394377
-83.9375928096
-83.7874118812
-83.6722796477
-83.6995081558
-83.7638057927
-83.6243171523
-83.5111536515
-83.698515467
-83.7712949547
-62.360598994
-83.6840385143
-83.8399222407
-83.5201547542
-83.6675508854
-83.6140665594
-83.5349940931
-83.6439089571
-83.9077087537
-83.7985493907
-83.607411043
-83.8514924318
-83.5045442696
-58.6253938307
-83.7335294222
-83.8750518116
-83.8768430135
-83.6068763042
-83.6793138462
-83.6232270798
-83.4727604051
-83.5375714559
-83.6435916785
-83.6659229593
-83.7993088519
-83.5938513254
-83.6868058476
-83.7874755783
-83.7083745675
-83.8383740905
-83.7095159525
-83.5126895734
-83.6669305935
-83.7470451723
-83.5250921418
-83.7417444228
-83.672435209
-83.7428831921
-83.6008909131
-83.8216815171
-83.7463553723
-83.5453413611
-83.7108614493
-83.5747812562
-83.646891715
-83.7951807552
-83.8152002866
-61.4021011825
-83.8526087337
-83.7750657742
-83.6299617236
-83.4294156085
-83.405434983
-83.5436045285
-83.6519931783
-83.5715995862
-83.6458899448
-83.8629087432
-83.6720099875
-83.5632138451
-83.5901913351
-83.6148758802
-83.488830613
-83.667435022
-83.7984458306
-83.6958399022
-83.6505022605
-83.7640336569
-83.4771664755
-83.4621659294
-83.6390281264
-83.8183149598
-83.559986677
-83.6036223749
-83.4969281937
-83.494222264
-83.6301186075
-83.8117722631
-83.6807107282
-83.7283796317
-83.7264895458
-83.5389245585
-83.8104327767
-83.4574951207
-83.5692804025
-63.4599948267
-83.5963306888
-83.5777499044
-83.6573363068
-83.684640423
-83.5978456425
-83.5356620264
-68.7956725671
-83.5890500898
-83.4526231014
-83.5123075555
-83.6106182184
-83.5955176384
-83.514340496
-83.7109555768
-83.667124159
-83.6635880637
-83.9571483882
-83.3138722355
-83.5463752714
-83.5438956143
-83.6319534743
-83.5217045586
-83.5720853795
-83.778353738
-83.7634212212
-83.599864481
-83.7525115369
-83.6961362519
-83.6088908627
-83.536250252
-83.5094668452
-83.7868307724
-83.6170071321
-83.4995063705
-83.5973661147
-83.7277680055
-83.617565665
-83.4626545319
-83.6243877439
-83.4430648026
-83.7114595522
-83.6732728851
-83.6571998663
-83.5232503347
-83.475966801
-83.5406861991
-59.5349652877
-83.6529568336
-83.4822007139
-83.5262100252
-83.693720052
-83.605730493
-83.7738454569
-83.6843913662
-83.454338075
-83.4195741169
-83.6957403037
-83.6615556929
-83.7787356374
-83.7944016297
-83.7247674791
-83.7460749752
-83.5857509696
-83.7288880909
-83.6724920595
-83.6714561871
-83.3616854892
-83.7523737001
-83.5923601918
-83.632539039
-83.5623432836
-83.7197885679
-83.6956818459
-83.8363171958
-83.6998216323
-83.4484294603
-83.8383782967
-83.7259510114
-83.8406644171
-83.5924358719
-83.8937463618
-83.5786736336
-83.761050204
-83.8600373174
-83.6727418469
-83.6583125746
-83.7139462324
-83.7072662521
-83.5678453241
-83.4617125237
-83.8068782616
-83.5814425792
-83.5050750171
-83.476204447
-83.413598448
-83.593284254
-51.1604291779
-83.5937527622
-83.7332217769
-83.6800372953
-83.7341154448
-83.6380732228
-83.6331113473
-83.5036528315
-83.7677620159
-83.8448240548
-83.589286894
-83.7685810207
-83.5583807788
-83.5824982161
-83.5750824114
-83.3607044025
-83.8859564962
-83.533576974
-83.7193399188
-83.700311052
-83.6265119767
-83.6434251866
-83.6615909953
-83.7771274935
-83.7076020347
-83.75189757
-83.5540973796
-83.7118729764
-83.4620104608
-83.8694991892
-83.5363021778
-83.6656319236
-83.4268932079
-83.765885836
-83.7068024398
-83.625897508
-83.56350929
-83.7018067625
-56.4817396681
-83.8591301598
-62.1400302389
-83.4624128451
-83.9092523981
-83.7709281023
-83.5439290688
-83.7088050265
-83.6615727791
-83.5677317319
-83.6888660813
-83.7862635147
-83.7669558398
-83.517610861
-83.5455194564
-83.7609930125
-83.6635056451
-72.8176525312
-83.8602362947
-83.8511255844
-83.7361583108
-83.751461287
-83.6740977917
-83.4019080293
-83.8067179205
-83.7635970456
-83.6219833934
-83.6897581727
-83.8196072117
-83.7838299551
-83.6041680475
-83.7157173411
-83.7212378117
-83.6838029363
-83.6208831176
-83.6648017541
-83.6553284183
-54.1794445339
-83.7981162171
-83.4862601243
-83.7135685047
-83.6610193181
-83.4812487147
-83.6692133183
-83.5930111818
-83.6647258931
-83.7785324806
-83.5092985133
-83.5899476573
-83.5675947379
-83.6786483191
-83.5117781812
-83.8451772581
-83.6355962404
-83.6214207435
-83.6644837319
-83.6718647747
-83.6329821554
-67.8097284599
-83.4635113002
-83.5204576434
-83.8453410105
-83.4714769469
-83.5008851269
-83.7583672289
-83.7891569597
-83.5024459409
-83.6836693444
-83.632142629
-83.6477148247
-83.8229211746
-83.6486139195
-83.8412602691
-83.7597946725
-83.709805938
-83.5137393967
-83.6385600723
-83.5389860671
-83.6225873546
-83.6464208516
-83.783907971
-83.5435043025
-83.7235799507
-83.787573888
-83.7386674008
-83.6821149354
-83.6997517154
-83.6151655374
-83.580839097
-83.8890033631
-83.7765053648
-83.6099158815
-83.7071927767
-83.7559564092
-83.806849469
-83.5829869507
-83.5662130657
-83.5444452696
-83.6181831863
-83.6485591771
-83.6098149637
-83.6893027375
-83.8335723554
-83.9856864229
-83.8296499166
-83.5990755119
-83.4776204134
-83.6659225837
-83.5192339753
-83.6405414088
-83.6785689443
-83.6142663622
-83.7327445193
-83.6765581834
-83.7892994664
-83.5315832268
-83.7098347116
-83.700421367
-83.6004424381
-83.4865793684
-83.6434284737
-83.4736167917
-83.7698982243
-83.5980720824
-83.5601725519
-83.6521668958
-83.7330414357
-83.5434164835
-83.5368977772
-83.602206202
-83.5034435403
-83.5561542314
-54.1459170054
-83.4713929263
-83.5638730159
-83.6667436391
-83.6283189625
-83.6132470272
-83.5036820571
-83.6398568005
-83.527257563
-83.7036017776
-83.6157651468
-83.7308798546
-83.6852744875
-83.2713193594
-83.7864541135
-83.633990699
-83.6618392651
-83.6926541895
-83.6267227343
-83.6694024449
-83.6567506312
-83.5891005384
-83.4412935041
-83.6717878808
-83.6514605407
-83.5490018738
-83.835565444
-83.669022838
-83.7480837052
-83.6719630998
-83.7682349186
-83.5080664577
-83.6980389158
-83.7232445917
-83.8047351591
-83.7801092115
-83.5239672879
-83.7768010059
-83.7762602306
-60.8048220345
-60.6247882487
-83.63891864
-83.6046236334
-83.5862497452
-83.5143659106
-83.4759155747
-83.6590468117
-83.7036092903
-83.4384801364
-83.6523672904
-83.7239873192
-83.9338752206
-83.6905549614
-83.6287496308
-83.7994123071
-83.7305950648
-83.655931118
-83.5751641087
-83.5684460027
-83.6628459864
-83.6111200267
-83.2626365255
-83.6446778015
-83.5289326806
-83.5015308445
-83.652839642
-83.7464432173
-83.5985021634
-83.6650669753
-83.6189636273
-83.6899834293
-83.6085588289
-83.4873521534
-83.5676549963
-83.526980958
-83.4610551424
-83.6065243712
-83.752256467
-83.5067979529
-83.7075575985
-56.5246594955
-83.6908034103
-83.7066505992
-83.6658952669
-83.7399206047
-83.3469343017
-83.8628010239
-83.5574640972
-83.5220640223
-83.6362954858
-83.822143879
-83.6417727715
-83.8346552827
-83.6075796441
-83.6745208473
-83.8259052765
-83.8504883258
-83.7486227813
-83.8213706955
-83.7006035906
-83.799382962
-83.5723179724
-83.650025397
-83.4638531909
-83.5371057256
-83.6775429371
-83.7270034728
-83.758848971
-83.6683299285
-83.871983541
-83.9448651885
-83.5351310047
-83.6876855926
-83.6075957088
-83.4265411837
-83.4358010731
-83.5406135188
-83.5533199416
-83.7228016702
-83.814636828
-83.6720590648
-83.6666150077
-83.74598586
-83.6536425996
-83.4790113674
-58.7099806095
-83.3567419243
-83.4964703386
-83.5649453462
-83.6394020295
-83.6906581505
-83.7593757918
-83.586540744
-83.6988907261
-83.6176454389
-83.6293555201
-83.3978451234
-83.5486410488
-83.7862826725
-83.680405228
-83.6485674041
-83.7310335778
-83.7854641557
-83.7632895006
-83.6323668176
-83.6621863246
-83.6084762432
-83.7385774474
-83.5037718564
-83.6298230963
-83.4399049628
-83.7827119703
-83.7098373626
-83.6098564669
-83.5718314774
-83.666814141
-83.6416807907
-83.4000090047
-83.6300708125
-83.6617465385
-83.6206627601
-83.7294768657
-83.5875398471
-83.5592940607
-83.7273404904
-83.7867243581
-83.7065636098
-83.713352356
-83.684901655
-83.7786847036
-83.715138689
-83.7860645623
-83.6088676079
-83.646152809
-83.6992603652
-83.7955089902
-83.5211954935
-52.6616542772
-83.742731695
-83.6217802636
-83.7356663703
-83.7010496741
-83.766667889
-83.6274392059
-83.717449861
-83.8055376584
-83.7029310336
-83.8002522838
-83.7050807493
-83.638515076
-83.742500061
-83.6178378022
-83.5736739454
-83.4139601636
-78.1473133311
-83.5220156388
-83.69022808
-83.7214525284
-83.6252004289
-83.5251144237
-83.6825024752
-83.6530836196
-83.6255114965
-83.6617953716
-83.6347453168
-83.6251668382
-83.5275594465
-83.7260574835
-83.6641985459
-83.8681496436
-83.7459881653
-83.8375807317
-83.5562695506
-83.6053059076
-83.6174218737
-83.667318537
-83.6711809124
-83.6442642655
-83.6084188579
-83.5526234732
-83.8954429847
-83.8130681976
-83.6704190912
-83.7680032147
-83.864389278
-83.7074922454
-68.8050151466
-83.5248125606
-83.6933896739
-83.5359486262
-83.8263277522
-83.6174097106
-83.6600779657
-83.6803650054
-83.4453107535
-83.6509088944
-83.7362587259
-83.4593643806
-83.4911091004
-83.4391221205
-83.6421073289
-83.687490169
-83.4764633176
-83.6967597284
-83.7548358646
-83.5421134482
-83.6607650395
-83.6176378084
-83.6871393033
-83.8562779029
-83.6860605328
-83.6422712531
-83.5600129148
-83.606439845
-83.8056216323
-83.6635743553
-83.792192773
-83.58125885
-83.5534628857
-83.6508891517
-83.8657043371
-83.8652969822
-83.8288161561
-83.7552984611
-83.8160364061
-83.6554890325
-83.4664804566
-83.7011183764
-83.669737352
-83.7134356439
-83.8051932372
-83.7506170265
-67.3310946972
-83.5752257546
-83.6535525165
-83.4717553399
-83.5924266965
-83.7879364448
-83.3727462228
-83.7153710136
-83.7420578965
-83.5959445968
-83.5350932757
-83.7582198941
-83.6848042853
-83.606990746
-83.5955566826
-83.7078825104
-83.8516248363
-83.6374291923
-83.7318154945
-83.6168243149
-83.7497092269
-83.5469908497
-83.5120985763
-83.5601074654
-83.8455777147
-83.8129998146
-83.7611614465
-83.7952629564
-83.5916833699
-59.8547052121
-83.4487922402
-83.627800304
-83.9065822911
-83.7332664224
-83.6238182582
-83.5677553593
-83.5362506457
-83.7106654265
-74.9241048228
-83.5033784407
-83.8011721115
-83.702471963
-83.7573175756
-83.6445259729
-83.7804855627
-83.3002235092
-83.710667802
-83.5387040469
-83.7593927743
-83.5436128858
-83.6197179904
-83.6897675947
-83.6956465566
-83.7387299993
-83.5985197854
-83.693033256
-83.6770960246
-83.7281823051
-83.5869478477
-83.6495054083
-83.6651958735
-83.5706746145
-83.7874044508
-83.5710582942
-83.3232578744
-83.6895446893
-83.8388240623
-55.8453367941
-83.6886702594
-83.6950894524
-83.7533565872
-83.5714684297
-83.7433163844
-83.5104551151
-83.740967323
-83.6530113999
-83.6344885862
-83.7123679812
-83.5627150201
-83.6189350605
-83.5591214179
-83.7886816021
-83.5045192454
-83.6223315258
-83.7190159526
-83.9008158671
-68.5321460447
-83.611556546
-83.5861581645
-83.5137449792
-83.7162000508
-83.6398233497
-83.6896968311
-83.6568521609
-83.6416276766
-83.8733931718
-83.7923978142
-83.4824934552
-83.7857973655
-83.5489972518
-83.9943638457
-83.5452437918
-83.5751025788
-83.6166954561
-83.5044305591
-83.7291301632
-83.7603693662
-83.7671034783
-83.7857389052
-83.6275743593
-83.7372154006
-83.6697829569
-83.8168024111
-83.5840756783
-83.6333737013
-83.6638958819
-83.849359975
-83.5448555127
-83.666259941
-83.7745223714
-83.6182196404
-83.7362668813
-83.7661021048
-83.6664958874
-83.7737079975
-83.6178120791
-83.5383734928
-80.1648017928
-83.6201250585
-83.901022403
-83.3788294516
-83.6826251415
-83.514204473
-83.7257256742
-83.7066034903
-83.6035999712
-83.6563575165
-83.6736036905
-83.6934741268
-83.5371306634
-83.4843073799
-83.5885913178
-83.6253643365
-83.7333287378
-83.5988732791
-83.5480523936
-83.7538735384
-83.5555787542
-83.7865856158
-83.6494735785
-83.6726888277
-83.47260008
-83.7097137312
-83.4463837943
-83.6868500741
-83.5991061832
-83.7052150788
-83.5996078186
-83.7062463414
-83.7856591611
-83.7663347514
-83.6029724936
-83.5062367732
-83.5725461407
-83.5507331401
-83.6133329996
-83.8478250776
-83.377409299
-83.8235035792
-83.6666599376
-83.6758033852
-83.7062478532
-83.473434858
-83.7559584137
-52.2743133146
-83.7576549849
-83.6729324618
-83.648940814
-83.6965455811
-83.75572164
-83.8123851592
-83.5573051898
-83.4108205822
-83.5197546969
-83.7207293126
-83.7825726728
-83.5968508437
-83.5923297381
-83.7745823779
-83.5877057005
-83.6437473706
-83.5487856707
-83.6140357095
-83.6874545339
-83.7387702309
-83.732206189
-83.6978506741
-83.557885533
-83.7736513577
-83.683541134
-83.6125815969
-83.6350971533
-83.6633676528
-83.4984824916
-83.4595787045
-83.772739322
-83.7160494082
-83.8902928879
-83.5870039003
-83.7471563135
-83.5726390618
-83.6481290342
-83.6687207239
-52.2681252394
-83.6696320505
-83.7449186568
-83.7138136688
-83.2690044195
-71.9113023441
-83.7845068144
-83.8080177271
-83.6603680614
-83.6276730137
-83.638365248
-83.6478696639
-83.7946093097
-83.7233140683
-83.6100998727
-83.7702829938
-83.7497607663
-83.6883879731
-83.8246103836
-83.5080902767
-83.5465375085
-83.7834998459
-83.5261978451
-83.3882718215
-83.6055919948
-83.4040226363
-83.6988055887
-83.5884177873
-83.5628249866
-83.790543571
-83.5908834509
-83.6316972325
-83.7029288988
-83.8587050789
-83.5091065317
-83.6846632183
-83.6451979429
-83.4703440005
-83.3941745458
-83.4826870481
-83.5732077586
-83.569756092
-83.735283679
-83.5028851756
-83.6228732718
-58.8678871806
-83.5923026707
-83.840519339
-83.571339597
-83.6162490642
-83.6485232871
-83.4896636687
-83.7943029647
-83.5569523596
-83.7048990535
-83.7519845617
-83.7091927186
-83.436310216
-83.7301327251
-83.8170759007
-83.6253142007
-83.5081624743
-83.7237946167
-83.6780775414
-83.609600505
-83.4144920459
-83.7365210526
-83.6521817146
-83.6891868958
-83.6828125106
-83.634748602
-83.4825890161
-83.5845405455
-83.6319240635
-83.5912427763
-83.62077136
-83.771919984
-83.6264027611
-83.6713414506
-62.8054193891
-83.695786428
-83.5353557787
-83.6185837738
-83.7354737765
-83.8415004102
-83.7263699246
-83.79699642
-83.800902913
-83.6299166221
-83.601049079
-83.7114525506
-83.8401825861
-83.7418539189
-83.6981341477
-83.5355833249
-83.6804407789
-83.5064669424
-83.5750121135
-83.6131485597
-83.6661428661
-83.6795384707
-83.7277669202
-83.7274125337
-83.5417989474
-83.5577981577
-83.569464857
-83.5594131903
-83.6949568378
-83.8813261377
-83.5121283193
-83.5316914827
-83.7312826438
-83.819339887
-83.4009558047
-83.7305982155
-83.4675513814
-83.6978246463
-83.5109678149
-70.5219524472
-83.5621373353
-83.7512531129
-83.6223058091
-83.7291076533
-83.6831200113
-83.5474928668
-83.7351963811
-83.4384203158
-83.7028593643
-83.7142660617
-83.7593615668
-83.8525678979
-53.436883769
-83.6332414495
-83.700419262
-83.5528537191
-83.6089185315
-83.6107559614
-83.437277714
-83.7150704072
-83.7499703323
-83.4544562583
-83.687924481
-83.645619144
-83.4555460872
-83.6714430174
-83.7809048824
-83.761802131
-83.5405070611
-83.7717820735
-83.6636837768
-83.6175366401
-83.6783908246
-83.7944636592
-83.7425669409
-83.7417040094
-83.608692997
-83.6371677029
-83.5057493599
-83.5609742674
-83.6025132268
-83.7031252624
-83.4004717003
-83.7558911222
-83.7051889354
-83.6888749163
-83.786656017
-83.4365955171
-83.6620657347
-83.5773583426
-83.7709117718
-83.6459050916
-83.8070917717
-83.7561419024
-83.829132282
-83.8759039082
-83.7385471417
-83.7300590449
-83.7413314495
-83.6445784176
-83.553018255
-83.4728281445
-83.6125078888
-83.5631722582
-83.6121018865
-53.9712220381
-83.8268653722
-83.7402511947
-83.6794431603
-83.7647395275
-83.7029152878
-83.5839389757
-83.5458022265
-83.6577520263
-83.5591200499
-83.6183545493
-83.832511014
-83.5968132962
-83.8494906685
-83.7193277415
-83.7948907598
-83.7372530651
-83.7361309915
-83.6710181907
-83.7062896075
-83.6950153959
-83.963834782
-83.7888866988
-83.6250898109
-83.8505751965
-83.6359894073
-83.6325670872
-83.5970468695
-83.5694610991
-83.5788730263
-83.6961806621
-83.5746959245
-83.5889850205
-83.6440937174
-83.7042673158
-83.4987545014
-83.602943283
-83.5543099462
-83.5614463112
-83.5610803599
-74.6046304429
-83.5172020687
-83.6627579034
-83.569733497
-83.7138900867
-83.5904546028
-83.3968408383
-83.7774756198
-83.681841051
-83.6502728519
-54.5663644185
-83.4942464835
-83.6241240905
-83.6572629235
-83.6626080229
-83.5811247187
-83.6773641036
-83.60611651
-83.5935576107
-83.775963237
-83.8133660144
-83.7186128499
-83.7278694296
-83.6827199371
-83.6490516158
-83.648565791
-83.4510042558
-83.6633588337
-83.7106066122
-83.3911988091
-83.7159493623
-83.7723308145
-83.7473173842
-83.5113191444
-83.6780660846
-83.6225692737
-83.7286981779
-83.6342995421
-83.7998852928
-83.7922780742
-83.7134273101
-83.7809666598
-83.5515862594
-69.8362622149
-83.6626490755
-83.747971784
-83.7834050874
-83.6717755524
-83.5034641255
-83.4970349571
-55.09813614
-83.6772871736
-83.9139150901
-83.6397219976
-83.5271856595
-83.5554619935
-83.6092851862
-83.6924537226
-83.6861214731
-83.5660294081
-83.7090433547
-83.766501275
-83.7135511053
-83.639709148
-83.66209557
-83.5424588996
-83.6098721073
-83.7094035774
-83.6017001316
-83.7213479599
-83.5819189542
-83.8021975095
-83.6843054158
-83.6462051326
-83.6922617869
-83.7338159529
-83.687970893
-83.504987192
-83.735330585
-83.7434967977
-83.631293519
-83.5777641096
-83.5227012357
-83.5521504087
-53.9276708212
-83.5706109294
-83.5619294135
-83.7434426618
-83.572186285
-83.5264431691
-83.8033581252
-83.6514846378
-83.6416684095
-83.6142031575
-83.688657529
-83.644284067
-52.9531512076
-83.6857595469
-83.7430208896
-83.6598515389
-83.8329706403
-83.7129277694
-83.647368252
-83.6629057729
-83.6562424697
-83.4781702431
-83.7482266651
-83.7583410051
-83.5325011065
-83.5060452554
-83.9206709329
-83.6085045568
-83.5514505541
-83.840707408
-83.5811858674
-83.5941198425
-83.5918421878
-83.4598180679
-83.6557249758
-83.643104231
-83.7711406856
-83.4907144921
-83.3975648226
-83.6256550368
-83.5139078341
-83.583182289
-83.7849046111
-83.6905428189
-83.5922297659
-83.6281644532
-83.6538778529
-83.6621010081
-83.5685170307
-83.8212202049
-83.5723642809
-83.7302684537
-66.373072153
-83.5361932849
-83.8815774548
-83.6842079125
-83.5139809005
-83.5638977598
-83.6695829764
-83.5157247142
-83.7945708257
-83.6738047995
-83.4079394546
-83.755723476
-83.6303111609
-83.74620574
-83.6760792577
-83.7639673547
-83.698567324
-83.4366293991
-83.5754138244
-83.7240368576
-83.7826745534
-83.6122427242
-83.6196961186
-83.5948990004
-83.7131764751
-83.5551177697
-83.820832337
-83.5840593372
-83.7662198291
-83.4974609028
-83.5405702632
-83.5415496093
-83.5809223975
-83.6870102775
-83.5145302538
-83.3796037777
-83.5880040554
-83.7399825469
-83.7553524801
-83.4241131797
-83.7467078067
-83.5915378869
-83.681761631
-56.0840557177
-83.6192336816
-83.6614451677
-83.7042904083
-83.4576510189
-83.5199339305
-83.5908156453
-83.5210369335
-83.5830450325
-83.8834525298
-83.69513308
-83.7227737168
-83.6680444935
-83.7902436007
-83.9165848501
-83.5241341009
-83.6879299873
-83.4715287542
-83.7713070138
-83.6759993942
-83.6963615709
-83.7338119248
-83.6708147925
-83.6573493546
-83.7722853743
-83.5299783801
-83.8398574385
-83.5562443439
-83.6903643088
-83.8042707378
-83.6249988578
-83.7515497922
-83.517852174
-83.5151906434
-83.6919886949
-83.5782960367
-83.5272239361
-83.6602367446
-83.6920006545
-83.4942082825
-83.8508812992
-54.7508138145
-83.6268726131
-83.5502048083
-83.7356604779
-77.2688075553
-83.7600106539
-83.4954397606
-83.5942002273
-83.7385389165
-83.8198155654
-83.6030904767
-83.7010946715
-83.8038984128
-83.8391229025
-83.4840473321
-83.6114685913
-83.6807349139
-83.5965359954
-83.5963167643
-83.7212194837
-83.5901760008
-83.6608265839
-83.8232405689
-83.6700627117
-83.8452322357
-83.7398374025
-83.6314619482
-83.510615536
-83.6647551957
-83.6291957311
-83.6545779134
-83.7213360601
-83.9064845767
-83.5621179508
-83.6950540733
-83.5758836047
-83.6972999168
-83.7505450633
-83.5718969285
-83.5071754271
-83.790784557
-83.8567677963
-83.5977089577
-83.6942813059
-54.1064173904
-83.6347512948
-83.7531828747
-83.4749690491
-83.8755378053
-83.6917232635
-83.7723089382
-83.5719481854
-83.626840185
-83.5452644535
-83.824353859
-83.4682103287
-83.4482713286
-83.5879458471
-83.584319362
-83.7270579383
-83.7233141069
-83.5135364954
-83.6373108731
-83.7561091462
-83.8150421626
-83.8178623884
-83.7778408546
-83.6131727173
-83.6952191077
-83.5293174182
-83.4792437944
-83.4578249489
-83.671070934
-83.7946619738
-83.7049724988
-83.7291619687
-83.7751411141
-83.7731537144
-83.8977188355
-83.5262018073
-83.6273973579
-83.6708873367
-83.5506626846
-83.8181822732
-79.5436956682
-83.7615637637
-54.1853036718
-83.7426240739
-83.5754600919
-83.4968645843
-83.6825947957
-83.5345722424
-83.5432429603
-83.5922814625
-83.656034515
-83.6375269518
-83.5370960866
-83.6560331784
-83.6685544434
-83.5991893448
-83.5593965542
-83.6248806655
-83.4877391888
-83.574536042
-83.6470916047
-83.5971834779
-83.6532653397
-83.6754872449
-83.7906637627
-83.4917029724
-83.710890406
-83.6611375725
-83.7243273495
-83.6809955193
-83.7426422612
-83.6903073435
-83.8530034568
-83.7330521852
-83.6396166538
-83.7165197011
-83.7308954161
-83.7131556988
-83.7670778148
-83.6884257861
-83.7143736964
-55.9881205293
-83.6185951861
-83.645868931
-83.5581263848
-83.8732372825
-83.4946199151
-83.7187114983
-83.6673312752
-83.8331220535
-83.724972891
-83.4525747381
-83.691614699
-83.6761521941
-65.3206166172
-83.6502190959
-83.4875150664
-83.6795471242
-83.5687654436
-83.6813638149
-83.8736986172
-83.729323223
-83.7126891798
-83.761321272
-83.6383442787
-83.7584286059
-83.5163055165
-83.8117055383
-83.7534817006
-83.531904041
-83.6547829607
-83.5944261074
-83.3873975571
-83.617208084
-83.8872800994
-83.6881330587
-83.7336031575
-83.6157274809
-83.7987027362
-83.581792569
-83.5269484353
-83.5251187211
-83.726243346
-83.8119220817
-83.4459569802
-83.2964502964
-83.6427786322
-83.7272679862
-83.8227626315
-83.5989487331
-83.9222865583
-83.6714402988
-83.7705368894
-53.8086808383
-83.6482394847
-83.4542387797
-83.5917777038
-83.6706365339
-83.6349886932
-83.7812470974
-83.4820093819
-83.6330545747
-83.6744550476
-83.5642195487
-83.5470682101
-83.5941456595
-83.6466730585
-83.6632162655
-83.7779262123
-83.4625569205
-83.7950965074
-83.5463359681
-83.628598439
-83.5616229379
-83.7409969976
-83.613035013
-83.6196976014
-83.5621087921
-83.780640263
-83.6480957509
-83.6052075529
-83.7476115445
-83.6357799186
-83.7103753312
-83.79946375
-83.5459569222
-83.7282749531
-83.6193057312
-83.6997932837
-83.5606581325
-83.4726846777
-83.6431474272
-83.6000633263
-83.6722018992
-83.8400221998
-83.5311914043
-83.6440197051
-83.7195076345
-83.7192754471
-83.6969986851
-83.7350609575
-83.8445928021
-83.4106206585
-83.6832190741
-83.6504356699
-83.6508138643
-83.5979381236
-83.8825626813
-63.0406289751
-83.5468463388
-83.7356079479
-83.624126616
-83.4908001498
-83.5750068482
-56.9365672055
-83.4429760136
-83.585381135
-83.7924299154
-83.8946834292
-83.8661263189
-83.837454506
-83.6848068328
-83.6293123237
-83.7484615258
-83.7146847506
-83.573838255
-83.5864451417
-83.7592763183
-83.6444729797
-83.6867705127
-83.8782933264
-83.7070503446
-83.4760182455
-83.5829655756
-83.6753620455
-83.6490323398
-83.6876493958
-83.6859819914
-83.8128377256
-83.6502621817
-83.5822874802
-83.8049891682
-83.7721397162
-83.7400909055
-83.6861888883
-83.6776147228
-83.6017406399
-53.9549080785
-83.8775505404
-83.6198673082
-83.5964388329
-83.5489702137
-83.5690411811
-83.568115413
-83.6936390888
-83.5839730517
-83.7449496025
-54.2327283601
-83.7500066226
-83.6924296177
-83.4787139932
-83.5710016775
-83.6828811406
-83.7679902307
-83.6077404444
-83.6308960576
-83.6384804588
-83.550417908
-83.6036214938
-83.6889473155
-83.5647725089
-83.6824332795
-83.7964336103
-83.5830516442
-83.5020908019
-83.5307141083
-83.6453843584
-83.4108116466
-83.4630100911
-83.6602870918
-83.5885727058
-83.6880892257
-83.5661282254
-83.6208576485
-83.6990701506
-83.6066270042
-83.5171505681
-83.7919044262
-83.6135791241
-83.4961138652
-83.7673839255
-83.4227590865
-83.866741754
-83.5750567214
-83.5270037521
-54.1194545297
-83.557141748
-57.0335241684
-83.7721516864
-83.6802337806
-83.5408675679
-83.7121246644
-83.5330620844
-83.6274509108
-83.5174406197
-83.6556609867
-83.6393928498
-83.904604941
-83.8870805414
-83.7719813344
-83.4032344142
-83.699727135
-83.7535425447
-83.6972532007
-83.6124590409
-83.5859117578
-83.7199799293
-83.502692126
-83.4494173618
-83.7947648063
-83.6932866938
-83.6972134321
-83.6498526718
-83.6611279308
-83.720763608
-83.7870271743
-83.6381787446
-83.728875393
-83.6316649545
-83.9056523423
-83.8248989398
-83.4999925683
-83.6094366128
-59.3377913355
-83.728530851
-83.7821221561
-83.6965539776
-83.6937031906
-83.6550644788
-83.7994326583
-83.7155334166
-83.7532906407
-83.5730216887
-83.7367542362
-83.561922873
-83.843280569
-83.6110480715
-83.5038185116
-83.5581163983
-83.7376769939
-83.5808152052
-83.7365181479
-83.417238986
-83.6893862896
-83.7631398115
-83.8331127261
-83.8648576511
-83.521641383
-83.5709670959
-83.6957266116
-83.5134687858
-83.3746544648
-83.8668575367
-83.5765234534
-83.7354233114
-83.6588832764
-83.7793707981
-83.5910550043
-83.7479036572
-83.9175796248
-83.7050636122
-83.5157196057
-83.7607331604
-83.7253245019
-83.6871198809
-83.6789723033
-83.7933370412
-83.6984098419
-83.5431839595
-83.7658218197
-83.414359674
-83.6095135046
-83.5643106662
-83.5532216183
-83.6489424412
-62.3215485813
-83.5818647814
-83.6856453855
-83.7312132706
-83.7007404585
-83.8548235117
-83.8041687736
-83.5480721349
-83.6936274254
-83.676823928
-83.7084537172
-83.4886288959
-83.5849847094
-83.5685264661
-83.6694777596
-83.7542324396
-83.5238649881
-83.4618494209
-83.8230796352
-83.4777533854
-83.4598119439
-83.6899049055
-83.3953136358
-83.6439166471
-83.6610605483
-83.7177364254
-83.372499603
-83.5625977413
-83.6032195319
-83.8103869608
-83.696851899
-83.7398107728
-83.5137742381
-83.7198352284
-83.6649342885
-83.6671231484
-83.5022051691
-83.565117894
-83.5746166403
-83.520795486
-54.0762391971
-83.6637369477
-83.6152106578
-83.5612167998
-83.728086564
-83.3784082672
-83.6442071656
-83.4622221897
-83.7705662323
-83.5356134064
-83.6955676985
-83.6792528608
-83.4064738237
-83.8346762534
-83.4968607507
-83.7504716916
-83.7509011823
-83.633849737
-83.524011465
-83.6782928519
-83.6765174939
-83.4551592399
-83.6399028173
-83.4655316931
-83.769342273
-83.8621466724
-83.6749681229
-83.6430536985
-83.683738676
-83.7009405084
-83.4430132566
-83.6262866634
-83.6870253431
-83.5108072149
-83.8569301587
-83.8396171527
-83.734859393
-83.4638361731
-83.7191649133
-83.6657210806
-53.9161707233
-83.643006716
-83.6447476478
-83.5619218759
-83.6404786298
-83.7122063779
-83.539748909
-83.6433043079
-83.7565891929
-83.7210929944
-83.5103411877
-83.6750641714
-83.6966615817
-83.7725147009
-83.6882104103
-83.6500584278
-83.674334314
-83.8105345859
-83.4649533481
-83.711924227
-83.6749603128
-83.6103658979
-83.8996520003
-83.6511577295
-83.787111923
-83.6875025409
-83.4120403498
-83.7114922598
-83.4760772682
-83.7514911881
-83.5143137292
-83.6802320711
-83.6217023982
-83.8982428691
-83.488460424
-83.5879083023
-83.6916261143
-83.6835457847
-83.6049975516
-83.6878740209
-83.7086584673
-60.2051560429
-83.5640868995
-83.6338743748
-83.5748209774
-83.5409854299
-83.7101328737
-83.5652190334
-83.6763717918
-83.8073323221
-83.684656012
-83.7113484256
-83.6593558704
-83.4214593285
-83.4991190227
-83.5685516532
-58.401523899
-83.8987252894
-83.674984632
-83.743512605
-83.5005438211
-83.5241952606
-83.7385728813
-83.869578684
-83.6066246674
-83.7282487827
-83.6084213017
-83.6115223243
-83.9798027073
-83.6469502252
-83.5060664017
-83.5378869393
-83.5455442788
-83.7289225113
-83.5756483573
-83.6052727531
-83.5595479043
-83.7499854326
-83.6676629786
-83.5554322376
-83.8204441915
-83.8063717601
-83.4774001508
-83.79352713
-83.7014258632
-83.7652868198
-83.6644976803
-83.4966607632
-83.5759379517
-83.7639624857
-83.7431091526
-83.7364269122
-83.6774843804
-83.4195520781
-83.4109007928
-83.8516194179
-83.6736362443
-53.872579441
-83.655192695
-83.5453867218
-83.5237453649
-83.6405949862
-83.5882804959
-83.8606036075
-83.4342440912
-83.6167100851
-83.6820126727
-83.6286015706
-83.4340078406
-83.5404967157
-83.38858756
-83.6356512827
-83.867283996
-83.4217338231
-83.7079754439
-83.5380161274
-83.5764448399
-83.643932664
-83.5002806303
-83.3457687981
-83.6275126836
-83.7407098923
-83.5376756932
-83.7472737413
-83.6287190432
-83.7431753893
-83.7254142857
-83.5914164283
-83.7728807788
-83.6406387413
-83.6543728014
-83.5873590659
-83.4742639879
-83.8420784501
-83.5315155577
-83.4331031126
-83.6576710767
-83.7023052963
-83.5994531951
-83.5281316962
-83.58403912
-83.723028946
-83.6563968626
-83.5166287918
-83.640680135
-83.6939181854
-54.1358154267
-83.4483796408
-83.7108029888
-83.6803874549
-83.7743361645
-83.6893174119
-83.6254386893
-83.6521074992
-83.6084223996
-83.5979140048
-83.6598964546
-83.8544970952
-83.5984458555
-83.5840139919
-83.6668894444
-83.7602055635
-83.6585191486
-83.8002248507
-55.3550641975
-83.7507017111
-83.5555567036
-83.8193870574
-83.8042963396
-83.5374333253
-83.5818373102
-83.5252184735
-83.760119515
-83.8652666525
-83.5152290798
-83.6127927275
-83.7336478375
-83.4303903225
-83.6742001231
-83.5157697183
-83.4198054821
-83.5232541675
-83.7507399133
-83.6924725473
-83.5567819698
-83.6569775962
-83.6749011852
-83.5127737181
-67.5200859823
-83.662590592
-83.7975093165
-83.5276252941
-83.6785343145
-83.6464299222
-83.715472285
-83.7921333398
-83.5052652408
-83.6802847068
-83.6561457402
-83.4170906621
-83.7203005739
-59.0334710879
-83.5833787922
-83.8744810286
-83.7048813992
-83.5636886557
-83.8643109222
-83.447888338
-83.6411596285
-83.6905160789
-83.7420670747
-83.5674363391
-83.6498344249
-83.6547988456
-83.8524334861
-83.5813413546
-83.766273263
-83.7421661337
-83.6493317519
-83.6152646539
-83.8311409538
-83.5427121704
-83.6726165057
-83.90430268
-83.6425641658
-83.5972213362
-83.7077687856
-83.6099124701
-83.6234665005
-83.5943932929
-83.5366715057
-53.8426953831
-83.6401115071
-83.4629002429
-83.6877725855
-83.7532121413
-83.5754623728
-83.5531639529
-83.5629583526
-83.6646185516
-83.6056411928
-54.0479601314
-83.5217486478
-83.5454510023
-83.8823556731
-83.5091955706
-83.75862558
-83.794838429
-83.4596126217
-83.6429157371
-83.5465434391
-83.6425348742
-83.743571897
-83.5857866041
-83.7545000613
-83.816853733
-83.4835500832
-83.7766024831
-83.5486207355
-83.6522315183
-83.6727868611
-83.7666893014
-83.647435274
-83.7054660729
-83.6806661329
-83.7496601134
-83.5212285071
-83.6628490776
-83.6204677705
-83.6576860166
-83.6248595708
-62.1349020242
-83.7203620995
-83.6003151967
-83.7613077097
-83.8619315506
-83.5715683464
-83.6671322865
-83.6645358425
-83.6670730614
-83.582699742
-83.7492909954
-83.4072916977
-83.7159653264
-83.4416259014
-83.6080853371
-83.6607427493
-83.6395372228
-83.5074225843
-83.5622510663
-83.5307287804
-83.4763953134
-83.608845952
-83.7156518116
-83.647781465
-83.7899097301
-83.4973201675
-83.612432507
-83.8568803364
-83.6190216912
-83.7344099962
-83.7076475618
-83.6473659682
-83.3952575152
-83.5250632091
-83.5372648907
-83.4661097461
-83.5424579696
-83.6971228746
-83.6954231336
-83.5895679245
-83.5011480087
-83.6343806015
-83.6203285906
-83.6187271422
-83.8264523373
-83.7775825018
-83.5375354215
-83.7248625964
-83.6564331938
-83.4861719519
-83.8099181985
-83.6167820559
-83.5259328479
-83.7119247594
-83.6913538617
-83.5972639292
-83.540289629
-83.6048654154
-83.4788828984
-83.5815357178
-83.5735845955
-83.7713782866
-83.8270102252
-83.7482647962
-83.5969611287
-83.5199171286
-83.8049065318
-83.6028483749
-83.7929936989
-83.6325841295
-83.5389922315
-83.5214427964
-83.5542421598
-83.7390762455
-83.6258154796
-83.6438759829
-83.6898549224
-83.4962974033
-83.5800672097
-83.5776677318
-83.6554650025
-83.7310091324
-83.8029002848
-83.6579020233
-83.8098528683
-83.2806673487
-83.8207923298
-83.7128779022
-83.7002131109
-83.716306356
-83.5688581622
-83.6072141119
-83.3745143043
-83.476299319
-83.5590157579
-83.7238290584
-83.5269378013
-83.7046352099
-83.4536010033
-83.614928075
-83.6059353605
-83.5587054577
-83.6615223962
-83.6529310029
-83.6288580937
-83.6571787951
-83.8120181467
-83.3915665091
-83.6841163543
-83.6187778414
-83.5784204082
-83.8170932355
-83.6427316309
-83.6562098175
-83.6718877753
-83.5817301324
-83.6955089966
-83.5841152459
-83.7145464307
-83.7946338333
-83.7428206504
-83.7526954127
-83.6034421777
-83.8486660206
-83.8120159535
-83.5094148889
-83.5422008809
-83.6362993703
-83.5810648919
-83.7960113617
-83.7260900672
-83.7631617873
-83.7460117682
-83.6874414367
-83.7093071755
-53.6479597118
-83.7201713146
-83.6234542758
-83.7501157694
-83.7027543757
-83.5337936129
-83.8879657141
-83.5998936473
-83.472139704
-83.4520403054
-83.6853182849
-83.6957789768
-83.7390264892
-83.7215981414
-83.6370658506
-83.6336243752
-83.4855110137
-83.5478194248
-83.5350911214
-83.6127792349
-83.3485365055
-83.687076162
-83.546370494
-83.6221249291
-83.7509401183
-83.760745572
-83.6990997582
-83.6619129407
-83.616752137
-83.7320433155
-83.6767251153
-83.5813888349
-83.6978745672
-83.3635610527
-83.6288896492
-83.393921777
-83.4178650445
-83.7843584685
-83.8147705107
-63.8396409864
-83.6439915544
-56.5023709264
-83.7215624994
-83.8945739748
-83.5835157096
-83.6839384968
-83.6882263453
-83.6442368504
-83.6767764205
-83.7101759144
-83.5501162604
-83.6287584228
-83.7326059025
-83.5025032574
-83.7129961309
-83.6771604631
-83.7819740088
-83.2439427497
-83.8058296934
-83.6772728436
-83.5944865807
-83.7040941573
-83.6591094701
-83.6477865366
-83.8813889996
-83.5938385612
-83.8032639551
-83.5902577068
-83.602270632
-83.7334920689
-83.6921271624
-83.7714507283
-83.6819630845
-83.5801151393
-83.6701877349
-83.8013149042
-83.5900586397
-83.4126759189
-83.7118614786
-83.7132913573
-83.7332360985
-54.0053285513
-83.6159097977
-83.6582566821
-83.5839443096
-83.5822832668
-83.6533571147
-83.7659828714
-83.7124235956
-83.448741958
-83.7120284425
-83.5661785247
-83.756864091
-83.7608616627
-83.6006699485
-83.627861929
-83.6977535856
-83.1235444863
-83.7511472555
-83.6601081222
-83.6760619558
-83.4323007696
-83.8329236015
-83.7633614197
-83.7999667852
-83.7990087974
-83.5973560466
-83.5745169
-83.6975014946
-83.6034810809
-83.6554161442
-83.611976654
-83.6143634472
-83.7684122579
-83.7546381805
-83.5620714105
-83.4414694397
-83.6851465389
-83.582117575
-83.6181180683
-83.7977548139
-83.6187880442
-83.7934914007
-83.545142406
-83.7816360115
-83.506822883
-83.6980045852
-83.7027455606
-83.6737583743
-83.6912451887
-83.6660015573
-83.7289636998
-83.7127929259
-83.7621805343
-83.9008971449
-83.6875047277
-83.5840133457
-54.0484243421
-83.5934764972
-83.7420696132
-83.5424372534
-83.6935927885
-83.6659352713
-83.8687604499
-83.7880117487
-83.7494425428
-83.4936459608
-83.7990370965
-83.7246073971
-83.5190130209
-83.6089577951
-83.5971783567
-83.8568233227
-83.6884049825
-83.7283891147
-83.6070403014
-83.8795917831
-83.6859395849
-83.529820136
-83.6325584087
-83.6869270337
-83.7336467524
-83.6892608328
-83.6879384789
-83.7231279525
-56.5692993261
-83.8616167897
-83.4468274278
-83.8075473914
-83.9005746718
-83.7086049022
-83.5720562084
-83.5701022633
-83.6385477666
-71.1687185323
-83.6912583679
-83.7658470485
-83.5156764006
-83.5851741303
-83.4748616737
-83.6906197539
-55.0131992542
-83.7016450926
-83.6391064123
-83.8059047155
-83.6575053386
-83.4824085918
-83.426211525
-83.8606302693
-83.5544782566
-83.6498418402
-83.6915684676
-83.6686474375
-83.6656845995
-83.5705538716
-83.6579413589
-83.535326894
-83.8652700799
-83.6622270595
-83.6231759069
-83.9344094824
-83.69711952
-83.5729324271
-83.7745614127
-53.8316439695
-83.5541139527
-83.5024384291
-83.6510859836
-83.9277001095
-83.7980052089
-83.6745034312
-83.7030232751
-83.7569679774
-74.3814878108
-83.7869537262
-83.4049028785
-83.5111959378
-83.5367522581
-83.9057281498
-83.5595507816
-83.5436778878
-54.8985020341
-83.727537055
-83.6327902475
-83.7172003983
-83.8878343639
-83.7480160621
-83.7271971653
-83.3556161664
-83.6691372217
-83.8092695508
-83.6176005679
-83.6728582644
-83.9567380122
-83.6708297483
-83.6876599767
-83.5331295241
-83.8630180416
-83.7365235184
-83.6731245158
-83.5282853666
-83.6457687864
-83.7307286997
-83.4558825872
-83.7644828255
-83.4909085144
-83.6855317922
-83.7091745923
-83.5054918728
-83.7265992982
-83.8290607103
-83.7924900722
-83.5811224661
-83.5534237947
-54.0733571423
-83.5694359336
-83.8537304928
-83.7770616523
-83.6106296445
-83.6180825384
-83.4933916406
-83.7417249742
-83.540189244
-83.4956063494
-83.4919512575
-84.0092147588
-83.6806591233
-83.8069042114
-83.7380543634
-83.6585269878
-83.659062352
-83.1626012255
-83.5738530075
-83.5576773748
-83.5499726761
-83.5585238693
-83.5130012051
-83.5803526857
-54.0716864066
-83.6476197866
-83.658857934
-83.8694823041
-83.6053066721
-83.763976743
-83.6996210802
-83.6671114059
-83.7421402442
-83.6248607202
-83.6067810555
-83.7577133204
-83.5243878365
-83.7496692178
-83.7425046482
-83.6711434639
-83.7923635897
-83.3781177905
-83.6809916604
-83.7623857579
-83.5855246143
-83.6391751513
-83.7888305073
-83.690890647
-83.4095371525
-54.3676970994
-83.4974970729
-83.6212686058
-83.7534455967
-83.5368812444
-83.5948481538
-83.6138659564
-83.6512782408
-83.6567685709
-83.5269182714
-83.736158101
-83.6746587986
-83.4722928499
-83.7900172323
-83.5504212693
-71.4011072089
-83.6836951875
-83.6955214729
-83.593848276
-83.4911501209
-83.5809674411
-83.2991291021
-83.65655795
-83.7058797194
-83.6520929057
-83.7110679215
-83.6386515611
-83.7611870912
-83.7469984143
-83.8585700312
-83.7191149908
-83.7503068674
-83.8084092259
-83.5259151574
-83.7030123036
-83.6187719723
-83.6736681085
-83.5690808731
-83.8125032968
-83.7609875141
-83.778175932
-83.5963983125
-83.8417793776
-83.5714848691
-83.6508245798
-83.5949889418
-83.6188185253
-83.6065388435
-83.6675729538
-83.7505264755
-83.6263001294
-83.6726650297
-83.6731575122
-83.6755976283
-83.7267736219
-83.5429031404
-83.4992418921
-83.6474756394
-83.5437567088
-83.5794012359
-83.4939334285
-83.8112048995
-83.6093713709
-83.6763187171
-83.5374273623
-83.5597620712
-83.6615650525
-83.5748452573
-83.6164439376
-83.8236659708
-83.768746442
-83.6241245861
-83.6498734093
-83.7304211866
-83.4861272204
-83.9188112433
-83.3645131482
-83.6552797314
-83.8372986066
-83.7955224101
-83.8663533362
-83.5900364562
-83.542126951
-83.6124443833
-83.6655144678
-83.5676331363
-83.6697717385
-83.5833189156
-83.4029531308
-83.6559536255
-83.7115901969
-83.8516904584
-83.819059769
-83.4067268039
-83.5749997308
-83.7139884179
-83.7672092844
-83.5627732222
-83.820200976
-83.5574109946
-83.7997515007
-83.5265721451
-83.5262254263
-83.6239709947
-83.8050488604
-83.7141960472
-83.7864122409
-83.7267344838
-83.6175996932
-83.7212721316
-83.6407467619
-83.7015842413
-83.4879497825
-83.5591711623
-83.7635720103
-83.6656373533
-83.6745633048
-83.8602033889
-83.688863786
-83.6713040976
-83.5917439954
-83.4891040766
-83.5950043294
-83.5527074111
-83.720755448
-83.5623564916
-83.690553917
-83.6412543541
-83.6033830635
-83.7827377913
-83.749636874
-83.6795870461
-83.6996831073
-83.7478377536
-83.8480416269
-83.5999119215
-83.51400203
-83.6090934453
-83.7982352894
-55.0316700362
-83.6127695526
-83.6608898943
-83.75509932
-83.7231274848
-83.7936543569
-83.9324435864
-83.5876111757
-83.6898243753
-83.5574811961
-83.6436094585
-83.4296288414
-83.7004267516
-83.7196678403
-83.6494189497
-83.69323374
-83.616356483
-83.4169640024
-83.6765270959
-83.6789402784
-83.7486363342
-83.6861860706
-83.6030146201
-83.4836055419
-83.6266362865
-83.4951900222
-83.7834269185
-83.6170334169
-83.4443771116
-83.7202555272
-83.6565355454
-83.64607503
-83.8642935309
-83.8442851946
-83.7866811597
-83.5140189519
-83.5819496444
-83.6247199482
-83.617523734
-83.8438413994
-54.6884853336
-83.7498846292
-83.7000115383
-83.6812855633
-83.7078161739
-83.5874898493
-83.8981915665
-83.7823798592
-75.3987498731
-83.6703479
-83.7819889968
-83.7558492141
-83.6135646509
-83.4818408771
-83.353648159
-83.7319891412
-83.9215562115
-83.7014628499
-83.8842152268
-83.7048425887
-83.9544974034
-83.8656210378
-83.7286342547
-83.4987236637
-83.6433567245
-83.6048417889
-83.7004543887
-83.8461278568
-83.7563575842
-83.687278892
-83.7539084378
-83.5795115352
-83.7768882861
-83.3667682394
-83.7097377711
-83.7285295936
-83.6146396738
-83.6361988693
-83.5680884455
-83.5350887172
-83.6556717784
-83.6404143794
-83.7753375294
-83.8234638201
-83.7318980637
-83.6636947417
-83.6863305744
-83.6780406535
-54.3061640917
-83.6678131008
-83.5692955247
-83.6731710953
-83.7019959337
-83.5846325093
-83.8479275095
-83.5569688061
-83.8519490871
-83.5731443892
-83.7424304921
-83.739424739
-83.6705881721
-83.8216709226
-83.6568052065
-83.6424064641
-83.541828378
-83.6307473892
-83.6360356492
-83.6141715503
-83.8673806079
-83.6183873909
-83.6565755926
-83.7005759856
-83.7316194215
-83.7960942899
-83.5706986483
-83.5741205729
-83.5225367042
-83.5893700465
-83.6238873641
-83.7377757325
-83.7594689342
-83.8473426739
-83.7622246866
-83.6940332543
-83.727004185
-80.7124587128
-83.6556048762
-83.5292135908
-83.5352085443
-83.3428502962
-83.7395432261
-54.6443329159
-83.3890105454
-83.4980846165
-83.7716215995
-83.6468464902
-83.5476801671
-83.6659079778
-83.5561400249
-83.7329863807
-83.6079398056
-83.3707639201
-83.6879008569
-83.6302957944
-83.675477445
-83.5149835741
-83.7638406903
-83.579629497
-83.5127485257
-83.8614235386
-83.6879423625
-83.6383888584
-83.6014186827
-83.6370339227
-83.7189045974
-83.6938640887
-83.617310608
-83.6903936152
-83.7310471961
-83.7289935332
-83.583242722
-83.5592314405
-83.8153917608
-83.6269228507
-77.5711567202
-83.4487647886
-83.831105659
-83.6347935875
-56.1780777252
-83.8064811608
-83.6669776637
-83.5330434353
-83.5144295134
-83.7070245144
-83.6798833667
-67.3573761868
-83.7404724044
-83.6192707726
-83.596959433
-83.4265808659
-83.7008534164
-83.6867553989
-83.5246047678
-83.7941247871
-83.6958879256
-83.5606656164
-83.7554708665
-83.436421168
-83.5405801622
-83.8366011293
-83.769117881
-83.6176336808
-83.7375727529
-83.7388716558
-83.805068182
-83.5696228163
-83.647795071
-83.6367719812
-83.6697668036
-83.8509886544
-83.8971928593
-83.6049182167
-83.6262068959
-54.1383029037
-83.5748723842
-83.604646395
-83.8143317909
-83.6435209046
-83.6517091662
-83.6301205596
-83.7498270302
-83.7649925068
-83.5433033527
-83.605994282
-83.7452457942
-54.3162672651
-83.6771284813
-83.7074565115
-83.5249433367
-83.5980938349
-83.6383007036
-83.5205406339
-83.815938731
-83.7344197852
-83.6541024474
-83.5827077162
-83.6664067824
-83.7049621506
-83.63542343
-83.6478837576
-83.7647777689
-83.6074653264
-83.6170147127
-83.7500515883
-83.5496238028
-83.5109185739
-83.4764174619
-83.7992934813
-83.8117634978
-83.65636671
-83.7349349376
-83.7344188325
-79.2825108065
-83.4973826101
-83.6033142753
-83.7350927501
-83.6450281671
-83.4994273262
-83.5353632763
-83.818549032
-83.5290800941
-83.6978021198
-83.6303009308
-83.6737085047
-83.6094748036
-83.6063415211
-83.5035977089
-83.80162155
-83.6846199456
-54.1161862322
-83.4549128722
-83.9135455392
-83.7729122643
-83.5403813723
-83.8273368612
-83.7519702415
-83.8337339353
-83.6652121054
-83.7603804081
-83.5085834817
-83.6423897333
-83.5502488208
-83.5787167581
-83.6164269108
-83.7226724736
-83.8172798295
-83.7359043593
-83.8195963345
-83.7285153847
-83.7625834428
-83.7142424776
-83.7847459866
-83.7900637898
-83.8509376572
-83.6351344786
-83.5934932665
-83.5882085995
-83.7670397019
-83.6080109628
-83.7155752427
-83.5429061177
-83.7402918147
-83.8591794034
-83.7045973157
-83.9253218046
-83.6386006175
-83.9201146189
-83.7405970604
-83.6767301567
-83.6718968119
-83.7082521386
-58.5218630858
-83.5108733093
-83.5394227152
-83.5596493035
-83.5714434443
-83.6816774834
-83.8133537242
-83.7722163021
-83.6682204136
-60.1226386117
-83.6888544664
-83.7570890207
-83.6092969726
-83.7887451579
-54.5150960511
-83.7116302903
-83.4959750484
-83.7431568412
-83.6543697343
-83.4591465656
-83.8130434355
-83.7047794174
-55.5995795499
-83.6016107526
-83.5322327088
-83.8024897689
-83.7595983953
-83.5927211313
-83.7266053931
-83.7436750227
-83.7206038569
-83.5541373762
-83.5260819071
-83.6877116687
-83.8562424948
-83.67593032
-83.6061206722
-83.424553731
-83.7119969976
-83.6108678099
-83.9716952164
-83.688497037
-83.8381338525
-83.7825838805
-83.515305764
-83.5797767722
-83.5803659831
-83.5846515652
-83.6195423732
-83.528131926
-83.5842482147
-83.7941992002
-83.6161456149
-83.4584876166
-83.7165588335
-83.7457265804
-83.5288771379
-83.687492293
-83.6770361091
-83.4971383021
-83.7373745014
-83.4790632786
-83.6612131578
-83.721630825
-83.5700825728
-83.730861232
-83.7053549854
-83.6661429817
-83.5818753127
-83.6421458786
-83.5272137855
-83.7018851194
-83.3720049853
-83.7952785502
-83.674983371
-83.6713102529
-83.6982969002
-83.7298046803
-83.6118065801
-83.5411420345
-83.5841337649
-83.7222957725
-83.7461757563
-83.6604326856
-83.7241616262
-83.8296576097
-83.566319811
-83.7071747293
-83.4630128443
-83.6192906813
-83.7332976139
-83.7229670025
-83.5659908879
-83.8256454635
-83.2754938394
-83.706953379
-83.8249989532
-83.4679485955
-83.6080344243
-83.7101304585
-83.4443617927
-83.7512766993
-83.6704045766
-83.5619996842
-83.9016570273
-83.5263437482
-83.7987503995
-83.6575836322
-83.7856587168
-83.5625280742
-83.6541002475
-83.6192409561
-83.6942569016
-83.8263451074
-83.7785690781
-83.6139064908
-83.6338122165
-83.6496800181
-83.6095829797
-83.5944774818
-83.5881213463
-83.4909348404
-83.7166953801
-83.6045314362
-83.7125790382
-83.6754818899
-83.6113991232
-83.6967181483
-83.7950734102
-83.6154921506
-83.588339696
-83.614928573
-83.6220598656
-83.6220115869
-83.6285266458
-83.794928055
-83.3616948039
-83.8648193019
-83.7840706437
-83.6393863503
-83.7223965626
-83.7163079929
-83.7797442924
-83.6648443649
-68.1945140251
-83.6131527134
-83.8368200209
-83.7205839208
-83.4856170181
-83.6193712669
-83.4305392762
-83.7625003526
-83.7499390997
-83.8483083148
-83.4907144306
-83.5950199243
-83.6179764901
-83.6168420717
-83.6563598147
-83.5590679661
-83.6530334258
-83.5022168269
-83.5323526506
-83.5909869658
-83.6148889417
-83.5886367595
-83.6586608501
-83.6881271603
-83.6369926126
-83.6349671171
-83.4952296082
-83.6437393702
-83.7002513461
-83.8121659674
-83.6430235051
-83.5705630917
-83.5740506621
-83.6602757285
-83.6646777804
-83.6721010219
-83.7236033
-83.9853760249
-83.6923065318
-83.6981587101
-54.2166237908
-83.5253526744
-83.7003350527
-83.8603024597
-83.6757719913
-83.5759797663
-83.6824700945
-83.6807025292
-83.7522561662
-83.5662204764
-83.743003892
-83.7239632213
-83.7378040696
-83.4756332375
-83.6261568001
-83.7603335213
-83.8466121213
-83.5979929336
-83.5746728849
-83.770288191
-83.7726382658
-83.8956425891
-83.5892940789
-83.8756999825
-83.4762158721
-83.7312040244
-83.5908587069
-83.5114533856
-83.565487435
-83.691575997
-83.9377319118
-83.6205609989
-83.8141414333
-83.676514458
-83.5876746055
-83.6501409303
-83.5965736023
-83.6872645815
-83.7178717241
-83.8387838564
-83.6415016322
-83.7762390955
-83.6013490437
-83.5221079411
-83.4173558545
-83.8135784926
-83.8104965142
-83.6151122857
-83.7047778873
-83.7909908404
-83.7655190155
-54.2093248151
-83.586100065
-83.7399248195
-83.5410417243
-83.9004397364
-83.6285714556
-83.7471971174
-83.6488060561
-83.625316354
-83.6553604908
-83.8199838601
-83.6442144765
-83.8188648816
-83.7325988483
-83.7550117763
-83.6270983338
-83.6033255256
-83.6851392095
-83.5998720992
-83.6380145154
-83.7977079966
-83.6685362243
-83.6333656619
-83.6178667684
-83.6541343966
-83.6414754522
-83.7332925796
-83.6834628911
-83.6588790009
-83.4949162012
-83.6328813606
-83.6130697452
-83.6445466445
-83.7272875058
-83.6673756316
-83.6984705979
-83.7527209672
-83.5844622144
-83.6924196788
-83.608460865
-59.1679574741
-83.7180190364
-83.676427487
-83.5364793675
-83.4786296048
-83.7304594037
-83.8825686947
-83.5101052531
-83.6374456505
-83.5506774872
-83.6328282441
-83.7403642998
-83.8049945909
-83.5485734403
-83.4648081315
-59.5556067827
-83.7791145116
-83.64299731
-83.3996266786
-83.6557272473
-83.7403166118
-83.7172353251
-83.792271497
-83.7350946557
-83.4841439219
-83.7753441956
-83.6915739784
-83.3838845424
-83.6569093701
-83.4992203957
-83.5347083224
-83.5457962625
-83.688983159
-83.7217624607
-83.604828614
-83.678895349
-83.4589689044
-83.7522454406
-83.6521258281
-83.3501639588
-83.651507702
-83.6063209531
-83.6698334222
-83.7761835066
-83.5972299336
-83.836508697
-83.7886548833
-83.6233566323
-83.76149981
-83.5261212634
-83.7568785322
-83.8102399151
-54.0921146476
-83.6940470431
-83.6456305166
-83.5829968215
-83.7112869656
-83.7065360291
-83.6126270238
-83.5999548061
-83.7343797436
-54.1551169606
-83.6454618128
-83.8265733558
-83.9584331204
-83.7530415331
-83.478532725
-83.7169430804
-83.7935453723
-83.6771479202
-83.514463231
-83.467592739
-83.6719584837
-83.697183562
-83.5555629595
-83.6631852504
-83.4948809192
-83.7332003766
-83.4618783926
-83.6553586148
-83.6892700839
-83.641295221
-53.8625173765
-83.5426030947
-83.6215251805
-83.6995816643
-83.8622608781
-83.7450374872
-83.6781010214
-83.6703256762
-83.5589028576
-83.6065902059
-83.8558868414
-83.8390470996
-83.6987009019
-83.5927410818
-83.6710009296
-83.6894422668
-83.6634242363
-83.771002437
-61.1262572139
-83.5264742079
-83.384861019
-83.6765151631
-83.5835735992
-83.741180443
-83.6082997626
-83.6490855393
-83.6635819067
-83.9720928483
-83.5723302581
-83.8165997106
-83.4680102871
-83.6181898982
-83.4543627514
-83.7587960087
-83.3846321863
-83.7486545866
-83.453971694
-83.6213921329
-83.6472181605
-64.0261887113
-83.6560154681
-83.7338106411
-83.5160512616
-83.9233133503
-83.7954590486
-83.6014981701
-83.4755553812
-83.4077628057
-83.7339732647
-83.5466745844
-83.6384037897
-83.7407631121
-83.6256549227
-83.6369243907
-83.4821778848
-56.4348285515
-83.5174620928
-83.7016848528
-83.6574082413
-83.4452098304
-83.6978251419
-83.6974375547
-83.873573414
-83.6365506346
-83.5992654024
-83.5754239274
-83.7709577416
-83.5764307555
-83.6243252214
-83.6705447132
-83.6569605325
-83.6387540306
-83.5932601003
-83.7170616379
-83.7726524844
-83.6030128471
-83.6144111941
-83.7119172298
-83.4310625683
-83.7061350658
-83.6849707644
-83.4538859741
-83.7360332912
-83.605042149
-83.6767993111
-83.5806844416
-83.7441903157
-83.5342024126
-83.4729833687
-83.7135957692
-83.6749874942
-83.5655099389
-83.7300464437
-83.4698798208
-79.9966898873
-54.2539390075
-83.6792872747
-83.7562840401
-83.6466401207
-83.6680686244
-83.548406281
-83.7112559718
-83.5822954196
-83.6888634033
-83.4660326054
-83.7806160611
-83.7306240579
-83.5729703874
-83.5666324797
-83.7546645272
-83.637597622
-83.5771789308
-83.6743296837
-83.8595978132
-83.7440100668
-83.5862328051
-83.6062631003
-83.7393214307
-83.8248484068
-83.8398270629
-83.6564008977
-83.8151208101
-83.6059576062
-83.5972388492
-83.5221989474
-83.6087775021
-83.5975893913
-83.6362600058
-83.7988050175
-83.4150770169
-83.6565331129
-83.7415567399
-83.704056208
-83.8437811103
-83.4144415667
-54.1198595985
-83.5678205091
-83.6764452454
-83.5885991468
-83.6294934543
-83.6320881109
-83.5958800764
-83.6554692405
-83.5583604102
-83.497128255
-83.5891835416
-83.7278312879
-83.7150775829
-83.6520034724
-83.8664534936
-83.5583482689
-58.1292529755
-83.7815030427
-83.7818641142
-83.4569024482
-83.5625861223
-83.7618678925
-83.3293062827
-83.7126478593
-83.6982041326
-83.8359679754
-83.5671981294
-83.5296228232
-83.8350661975
-83.3824448255
-83.7072721186
-83.7621430895
-83.7103651789
-83.644465531
-83.7931070982
-83.6720599477
-83.5017047578
-83.5697836904
-83.6613748773
-83.4934765615
-83.6334431816
-83.770955367
-83.5966435678
-83.670911521
-83.8585412403
-83.4647741832
-83.3025188747
-83.6314896103
-83.6508483794
-83.7511344838
-83.6121972089
-83.5326066807
-83.5889172895
-83.7334947124
-54.2917573351
-83.3830135596
-83.7758731733
-83.7715942416
-83.5831513536
-83.7035360338
-83.5772224701
-83.6581425738
-83.4788085632
-83.7417052815
-83.5209574846
-83.6262334582
-83.6195085102
-83.6186197741
-83.7302002784
-83.7180816437
-83.6787852345
-83.6083560981
-83.7026981623
-83.7648436045
-83.442911735
-83.6562968721
-83.7095882971
-83.7186977625
-83.6869914874
-83.7644598191
-83.608663266
-83.5984729893
-83.6187978221
-83.765146842
-83.4536843069
-83.6656200526
-83.536241348
-83.5971503658
-83.8392481904
-83.547386188
-83.6601549535
-83.4767187185
-83.7252071158
-83.6533208159
-83.5587683793
-83.6325935081
-83.491553549
-83.5135911191
-83.6857074477
-83.6602066944
-83.6538582614
-83.6626466577
-83.6943829684
-83.648388432
-83.8324626202
-83.5121605719
-83.4453357528
-83.4997572427
-83.9927398624
-83.7677753853
-83.6828499641
-83.6676714457
-83.6331855379
-83.6162827752
-83.836318222
-83.6443744397
-83.7586917591
-83.7208357483
-83.8051033399
-83.8394991556
-83.8167768535
-83.7712203483
-83.7261691219
-83.5965411075
-83.5897437476
-83.7758777389
-83.5909897217
-83.6622360943
-83.6350035648
-83.5157409052
-83.6925571576
-83.614274018
-83.817690383
-83.5065253518
-83.8287668827
-83.7493104854
-83.58665374
-83.7550351045
-83.5894540949
-83.5623055354
-83.7420983398
-83.6444578804
-83.4462462249
-83.7308650153
-83.6610998272
-83.6139530433
-83.5960801578
-54.223232486
-83.8770759036
-83.5190281641
-83.8563011991
-83.6630173791
-83.4699529753
-83.5005033206
-83.5254081913
-83.6115338329
-83.8297982984
-83.5861651479
-83.8039384133
-83.5934482811
-83.6043623799
-83.5834063953
-83.7468394433
-83.5758538447
-83.6080759363
-83.860087104
-83.6953720907
-83.7186254356
-83.6905142878
-83.5975170578
-83.6093290098
-83.8153297037
-83.449869488
-83.5063343217
-83.5657450095
-83.6076790442
-83.6007698385
-83.7975613291
-83.5305366872
-83.5879952412
-83.6718745744
-83.5752330969
-83.6105038185
-83.6015634972
-83.7784835109
-83.7457456192
-83.8323549965
-68.9473402079
-83.6999809365
-83.7017951921
-83.7269377045
-83.579883728
-55.2564503224
-83.3524535735
-83.6844696393
-83.8104454976
-83.6351004942
-83.788007384
-83.6926616858
-83.5769767501
-83.7872657387
-83.5951135964
-83.8843455511
-83.5497145409
-83.519663364
-83.3718233974
-83.5780845336
-83.7076895787
-83.5718210846
-83.6661325692
-83.6603572685
-83.5305866769
-83.7455075812
-83.6800785975
-83.5955786797
-83.6437746383
-83.8356292564
-83.6213700531
-83.6114714858
-83.810760327
-83.4899245081
-83.4726687183
-83.4582803141
-83.6743380738
-83.7099142786
-83.6850832316
-83.5962836648
-83.5897295403
-83.7200244872
-83.5494769145
-83.6031421169
-54.5279191911
-83.6921435099
-77.2536300051
-83.7116793666
-83.7395060912
-83.2890057713
-83.6287041133
-83.5729719859
-83.7338904926
-83.5948803903
-83.5868349216
-83.7942671477
-83.7320901475
-83.7835574878
-83.4310814349
-83.7334281184
-83.557004576
-83.7477075862
-83.6389293985
-83.7715496927
-83.4804324826
-83.8616948649
-83.6902050951
-83.6960938604
-83.6803927785
-83.7132024275
-83.7188627429
-83.6521953232
-83.487683696
-83.5174104775
-83.7137314427
-83.7400682026
-83.7911056934
-83.5240544474
-83.8063060182
-83.7349162888
-83.5141456863
-83.868548439
-54.1386544577
-83.5154949891
-83.629207598
-83.6244057526
-83.6644901388
-83.6964366798
-83.8051066042
-83.6846208428
-83.7682913126
-83.8143414705
-83.5943887904
-83.3040883569
-83.6369673377
-83.5056043021
-83.6320875442
-83.6448536538
-83.5716091039
-83.7798072247
-83.7193443696
-83.7481440108
-83.6495048882
-83.6822150818
-83.8321118848
-83.7759672172
-83.8530937597
-83.6168346853
-54.4712817266
-83.4559624839
-83.6567808855
-83.6496218278
-83.725979828
-83.7882826868
-83.7644212617
-83.6268264311
-83.4544838296
-83.4573698656
-83.6962189444
-83.6640348054
-83.7004539246
-83.6833770691
-78.8366865725
-83.7611626044
-83.7852388522
-83.8058173795
-83.6876474772
-83.7213430767
-83.7918683138
-83.6002429338
-83.6896260949
-83.683835196
-83.6043070804
-83.8066644551
-83.71555107
-83.573881289
-83.6149168328
-83.5084103405
-83.5666383606
-83.7763970904
-83.7134123599
-83.5378293601
-83.6310346202
-54.6170527585
-83.6330681956
-83.6588932053
-83.5772262491
-83.6691433209
-83.6479012348
-83.804875075
-83.5704811043
-83.5936219098
-83.7142073032
-83.7887085577
-83.5164982814
-83.8113124245
-83.7563959614
-83.6970358165
-83.7368053559
-83.7811007967
-83.7351583343
-83.6132805384
-83.7985131434
-83.7956793559
-83.4832712648
-83.680012201
-83.7264822906
-83.7197750128
-83.8536207676
-83.549746972
-83.6870597875
-83.7159760027
-83.4356913812
-83.6448828955
-83.8433579662
-83.6085425549
-83.7137422071
-83.8842609617
-55.5341274035
-83.6391418205
-69.0994446937
-83.5544001528
-83.6120732943
-83.5409576531
-83.712742092
-83.7209756584
-83.5351533631
-83.7020262773
-83.6761064274
-83.3562834543
-83.8038847986
-83.7262359288
-83.5311595846
-83.644520942
-83.5933758609
-83.6895627277
-83.5417448071
-83.6611204619
-83.6319176931
-83.8246948181
-83.8685201566
-83.6470995609
-83.4243406915
-83.6740473595
-83.5308902299
-83.7147850379
-83.6667653243
-83.5874129037
-83.759586848
-83.78992708
-83.5016010058
-83.7219641644
-83.7890680706
-83.8701094041
-83.7761930237
-83.7040144791
-83.8488453366
-83.6744023309
-83.7250276694
-83.4435380954
-54.1711718711
-83.5364890151
-83.2939196094
-83.7217819701
-83.6242874481
-83.7208101852
-83.42933035
-83.4401541121
-83.510624839
-83.6512096429
-83.6139238879
-83.510174513
-83.5912843754
-83.5690469109
-83.6474052782
-83.4376857705
-83.322709125
-83.7590326077
-83.6287674698
-83.9719381428
-83.7051570089
-83.7293501481
-83.664552755
-83.5107440432
-83.8084599438
-83.6981448955
-83.5945722621
-83.9363765854
-54.29148313
-83.7424281282
-83.836491289
-83.7295648753
-83.5170031496
-83.6071164011
-83.5957124239
-83.5375525143
-83.561341516
-83.6783992431
-83.5188528351
-83.5513709941
-83.4153490223
-83.6807626082
-83.8020518056
-83.5272744122
-83.7626206177
-83.5261605086
-83.6961715285
-83.3399013291
-83.4542149038
-83.4677762726
-83.6134778936
-83.5902506906
-83.7617766888
-83.8523545091
-83.6724995052
-83.699711926
-83.7042643951
-83.7050795516
-83.6317497008
-83.7743477202
-83.7218812555
-83.6143849276
-83.5571802845
-83.6199890119
-83.7387285425
-83.5476860759
-83.803411444
-83.5639877644
-83.6625405445
-57.7599953671
-83.7813676808
-83.6101049872
-83.8589488667
-83.6983250381
-83.5978372858
-83.6200260901
-83.9305200934
-83.5158820486
-83.6551735369
-83.8646275728
-83.5553135622
-83.6243026636
-83.5993172028
-83.8170279167
-83.6281167675
-83.5768217201
-83.5296366781
-83.7187067613
-83.7315713507
-83.6628197994
-83.7496871699
-83.4939181797
-83.8816266918
-78.6428071882
-83.5707297765
-83.4804473117
-83.7909460358
-83.6603846242
-83.6655442381
-83.5965483904
-83.4989873878
-83.8101976092
-83.6094464417
-83.7155643029
-83.5846753554
-54.0751322483
-83.7204660909
-83.7250160345
-83.3920589654
-83.7473189866
-83.5688317787
-83.4837050425
-83.870526469
-83.6040622228
-83.7958438307
-83.7491247876
-83.6986058127
-83.7432365386
-83.8867071429
-83.5272664678
-83.732548498
-83.6938600798
-83.5424772555
-83.5895779003
-83.5395882663
-83.5417670394
-83.4066440631
-83.7789254713
-83.5703597315
-83.6185054594
-83.6411990236
-83.733157281
-83.6286271518
-83.6160741712
-83.6730966452
-83.7028530784
-83.6145213552
-83.7669488545
-83.625498872
-83.6253070197
-83.4659650473
-83.8323738659
-83.6706911385
-83.5946920675
-83.6077942168
-77.4891983404
-83.8279599153
-83.8645835328
-83.4645242298
-83.8242833822
-83.4360840908
-83.7183314497
-83.6449234069
-83.548759686
-83.6522457886
-83.8009801888
-83.6207874062
-83.5905840934
-83.7434561589
-83.7591877533
-83.6195639932
-83.7575114693
-83.6081930632
-83.577179894
-83.6925318021
-83.8904151153
-83.7380333776
-83.6440014057
-83.7397456487
-83.4547357021
-83.7785884819
-83.5375795608
-83.8824666989
-83.3664864502
-83.4916830894
-83.5511351841
-83.7922650274
-83.6573803634
-83.7432661868
-83.652138049
-83.7756271302
-83.7017932057
-83.6296326229
-83.8553943545
-83.5617657531
-83.599976096
-54.5122376731
-83.767159935
-83.7249961529
-83.7548328496
-83.7345614617
-83.7547677179
-83.6196031142
-83.5627126403
-83.6212714623
-83.6554803636
-83.5121043197
-83.7275508866
-83.7196943064
-83.6061123399
-83.7435539061
-83.5517858336
-83.7769036208
-83.6940588844
-83.5573581466
-83.7497491279
-83.6956775377
-83.5220749517
-83.7158117072
-83.6129414903
-83.578485168
-83.6875640276
-83.6761218212
-83.8591330833
-83.5872907452
-83.7224850791
-83.7310282972
-83.6123647748
-83.7820611585
-83.6270081994
-83.6167841078
-83.6060921492
-83.6412579538
-83.6006685456
-83.6320859963
-83.6078797393
-55.3209439493
-83.5052346561
-83.7697399299
-83.7172324833
-83.6670282881
-83.7160284495
-83.6453787962
-83.6393672801
-83.4815931325
-83.6293991596
-83.5611845669
-69.8062796179
-83.6756391313
-83.5676178909
-83.7071708138
-83.5599358021
-83.7817814367
-83.5185479175
-83.8930778883
-83.6761278668
-83.7798204002
-83.4458516252
-83.6202772168
-83.8792648679
-83.5389961934
-83.7540361147
-83.5909818718
-83.5932272631
-83.5751493247
-83.6793295475
-83.685894359
-83.785731678
-83.7995255336
-83.6197251279
-83.7136689758
-61.4818585104
-83.7902337603
-83.819182315
-83.8952810247
-83.7585647228
-83.6258210706
-83.676656605
-83.5334889296
-83.6485992271
-83.5877040626
-83.6332922612
-83.6351407665
-83.6532069161
-83.7436892334
-54.2172705816
-83.3987211236
-83.6794995747
-83.5826412841
-83.8354169877
-83.5164540223
-83.6697670435
-83.7300818167
-83.7073642222
-83.5436537264
-83.6928324531
-83.6525622635
-83.6235525852
-83.3392724469
-83.5180410723
-83.532852601
-83.5769250662
-83.6245490567
-83.7884496257
-83.6126228697
-83.4177857033
-83.7710763501
-83.6539542814
-83.6507517994
-83.6555912023
-83.6762496819
-83.6262288996
-83.7071038222
-83.7547004997
-83.7545465832
-83.653119063
-83.7833337631
-83.5618497973
-83.8551482146
-83.7945259411
-83.4764632108
-83.7114667098
-83.6440352416
-83.6147986703
-83.6491701852
-83.5505570602
-54.3226750595
-83.6503157185
-83.7337410905
-83.7453604448
-83.7551285251
-83.7429184164
-83.7016875543
-83.4846056478
-83.6688170611
-83.5271374352
-83.6556995
-83.6111117961
-83.5144080499
-83.6320571173
-83.6253214162
-83.6679236322
-83.7273169488
-83.7890851887
-83.6827422122
-83.7102320882
-83.5908241793
-83.5644572755
-83.6667333416
-81.9547641062
-83.6963585736
-83.6287276177
-83.9667878771
-83.6922468395
-83.9092248106
-83.6699433566
-83.762626101
-83.6233509449
-83.6858709981
-83.4182496529
-83.5554156698
-83.8517356139
-63.3360188165
-83.5505740812
-83.6261255694
-83.5617288484
-57.0274114249
-83.5010325795
-83.8690955685
-83.4455056954
-83.6645649821
-83.3878259065
-83.7108690895
-83.7314282735
-83.7843368515
-83.6688459892
-83.850108611
-83.7322913992
-83.8417241291
-83.7268239967
-83.7083313667
-83.5995751876
-83.7475461639
-83.3092147088
-83.5248065268
-83.7922666573
-83.5813499515
-83.7352853531
-83.6981316421
-83.6180366025
-83.6287547291
-83.5581067868
-83.7086180228
-83.4699568959
-83.6682961144
-83.5980925245
-83.4284022612
-83.7384203042
-83.7466733185
-83.4129609681
-83.6130743922
-83.6915599326
-83.4783709686
-84.002093247
-54.2824670465
-83.8147585832
-83.5938343538
-83.6851534741
-83.5312370205
-83.6991778592
-83.7002794531
-83.5025490002
-83.6730185065
-83.4719648938
-83.7488131352
-83.5094228327
-83.9766766257
-83.6041442459
-83.5895621091
-83.8435724989
-83.7888633569
-83.6090062297
-83.8442308449
-83.6546447739
-83.4791493671
-83.5629038656
-83.6318000538
-83.7144105339
-83.7086698132
-83.7515721387
-83.7787521995
-83.7440616394
-83.6343697431
-83.8110199378
-83.5880979387
-83.7472285172
-83.7688011464
-83.7405802567
-83.8352636527
-83.5428381743
-83.7996617456
-83.46008334
-83.7237081675
-83.7005057353
-83.6791496388
-83.6468192763
-83.6257496978
-83.7546681292
-83.840275176
-83.785452542
-83.7637844229
-83.7850642685
-83.7702424337
-83.7908304124
-83.7410029129
-83.5279272346
-83.5472872596
-83.7653993399
-54.2189492222
-83.539594018
-83.596651619
-83.6148867283
-83.7932046982
-83.6778961574
-83.6064218765
-83.7507046509
-83.8159453503
-83.6236442983
-83.7955506175
-83.6785061798
-83.5554040283
-83.6941333838
-83.6147502557
-83.6261562227
-83.704443151
-83.5654975567
-83.6950206502
-83.6710868511
-83.8504762723
-83.6779097531
-83.7684577495
-83.8417207385
-83.7068205563
-83.6531364455
-83.7893046938
-83.6536337779
-83.6442323433
-83.6857477428
-83.7471627412
-83.4639767123
-59.169274864
-83.6022828487
-83.6599347545
-83.83204436
-83.7152668927
-83.5413647977
-83.6885732914
-83.5022921695
-83.8648363456
-83.6829748347
-60.0592036349
-83.5410833328
-83.6826269231
-83.4845930791
-83.6689013614
-83.530044181
-83.8125156867
-83.4980974189
-83.6936278781
-83.5804367754
-83.7632789348
-83.6183846465
-83.6784728044
-83.6952532475
-83.7768600992
-83.6462049946
-83.6790535521
-83.5901186964
-83.5125464632
-83.8396239311
-83.6542073313
-83.727229497
-83.5181167347
-83.7390922543
-83.5676225424
-83.6499088385
-83.5922070471
-83.6880469585
-83.5475056345
-54.1866402543
-83.7427967979
-83.5783281174
-83.6873703292
-83.6410112812
-83.5960209819
-83.7774906558
-83.5761320013
-83.5797272991
-83.781255957
-83.50108909
-83.5585659421
-83.6494433311
-83.7644270346
-83.6080563688
-83.5579014089
-83.8266113598
-83.754024533
-83.7035162656
-83.8870558167
-83.7009391458
-83.6973751009
-83.7119338339
-83.4912108273
-83.5936491432
-83.7084132883
-83.5533507261
-83.6484472896
-83.514837213
-83.7382395447
-83.7224652821
-83.5146227099
-83.7149270511
-83.523693644
-83.5042697959
-83.5414361007
-83.6696067018
-83.5705116804
-83.5004547659
-83.6990204883
-83.731202203
-83.6416487959
-83.6489043349
-83.6940493439
-83.5444950695
-83.8243998031
-83.4960183508
-83.6074675714
-83.538662252
-83.608038635
-83.6047781184
-83.5288550402
-83.4160744792
-83.5659961551
-83.5962955095
-83.7973157062
-83.7333123106
-83.4413669418
-54.1879136817
-83.8164606252
-83.6768760178
-83.4980883849
-83.6933230787
-83.5399158759
-83.7147025058
-83.5954773477
-83.7455678417
-83.821008305
-83.7251903698
-56.2326036817
-83.5625320791
-83.5057385831
-83.6804641222
-83.6885924904
-83.5920547498
-83.4697663867
-83.6321745006
-83.6494221523
-83.5440687495
-83.5973642022
-83.5801103561
-83.6600017511
-83.7368988771
-83.7000984067
-83.6579005636
-83.5570367146
-83.6521777504
-83.8020527435
-83.727706438
-83.5549775411
-83.7305712295
-83.6227428117
-83.6639891074
-83.7418855405
-83.6527053909
-83.6543703435
-83.8449591239
-83.6616553316
-83.7555736366
-83.7658639355
-83.7315071281
-83.6289400976
-83.6644423825
-83.5424229264
-83.616225303
-83.8119818435
-83.7523694438
-83.5655625319
-83.5778816491
-83.7995251506
-83.6176908832
-83.534987471
-83.5755870118
-83.8809656116
-83.7078615637
-83.6191553234
-83.715602355
-83.7111044325
-83.8130892055
-83.7115943324
-83.8747811534
-83.6837518715
-65.1625336112
-83.6575278857
-83.5990575356
-83.5254559726
-83.6368436556
-83.8448545079
-83.4754648042
-83.7765635482
-83.6534751214
-83.5519861717
-83.7259902988
-83.7034833853
-83.7270923083
-83.6856387445
-83.676479869
-83.2935751636
-83.6271056938
-83.802290385
-83.6933539877
-83.6999327134
-83.6017831446
-83.6161533198
-83.6133829988
-83.61162605
-83.7135212927
-83.6896580132
-83.7508886734
-83.5664181833
-83.6120775566
-83.8027461064
-83.5870031062
-83.6616860226
-83.7604749026
-83.7734300941
-83.9112093432
-83.5140076323
-83.5656267713
-83.6500061421
-83.7229055527
-83.7249854917
-54.1465774722
-83.8602117458
-83.6075658126
-83.531775035
-83.823241613
-83.5610323838
-83.7373990558
-83.720813957
-83.5759552888
-83.5458917164
-83.7738995947
-83.5639026147
-83.523767885
-83.6301275763
-83.7914384936
-83.4036342259
-83.8352739648
-83.6990577112
-83.6639769583
-83.5276854726
-83.689385768
-83.5601321414
-83.765399681
-83.3996789965
-83.7047467192
-83.7076699049
-83.7131205697
-83.924639964
-83.5251515991
-83.72477198
-83.6115056681
-83.7611496397
-83.6067676724
-83.630661666
-83.6037423449
-83.467330673
-83.5726562271
-54.0470835058
-83.6663572242
-83.5685087591
-83.7659355604
-83.8578317259
-83.7815285658
-83.6736857885
-54.4657511676
-83.5919496209
-83.4914460519
-83.8807531371
-83.6991392587
-83.7606898981
-83.7398077283
-83.5748087424
-83.6862762811
-83.6049728694
-83.7824862874
-83.4705539741
-83.6317526636
-83.7010377989
-83.7356827411
-83.4999498071
-83.666943619
-83.7405800903
-83.7806783233
-83.7236169137
-83.7510728462
-83.8690929201
-83.7657211579
-83.5554178881
-83.5995469603
-83.6613427296
-83.5949549159
-83.7053093023
-83.676096207
-83.6754467264
-83.6158154771
-83.4946463959
-83.8086524967
-83.8115280286
-83.6935005803
-58.8101701787
-83.8727687301
-83.7771544053
-83.5939945766
-83.4990600252
-83.8551551485
-83.4678022451
-60.2277944867
-83.3340782409
-83.6167252192
-83.6511592345
-83.8398888214
-83.7971787005
-83.7328132788
-83.7130584253
-83.7304974014
-83.8101853868
-83.7053999717
-83.58428687
-83.7786847021
-83.5019188925
-83.6571350684
-83.586985533
-83.7204502692
-83.6479660109
-83.6451766929
-83.7372400419
-83.643059124
-83.5274971421
-83.5140966411
-83.8365891013
-83.5984209253
-83.7801443871
-83.4866489016
-83.7478237008
-83.6089732982
-83.5545117477
-83.9740193463
-83.4723700804
-83.7742543894
-83.704652453
-83.7883122054
-83.733567275
-83.6535883534
-83.580821622
-83.7265799263
-83.7161194089
-83.7091755577
-83.7125924903
-83.6072428194
-83.8203186673
-83.6727106762
-83.4790497304
-83.6518516312
-83.7430265661
-83.6060171647
-54.3334034841
-83.7747490828
-83.7569533805
-83.7876517313
-83.858525714
-83.5691005676
-83.7023310626
-83.6893024088
-83.535328282
-83.5251450168
-83.5253160947
-83.6883157517
-83.6840962609
-83.8164247019
-83.4882808645
-83.6010925087
-83.6868978652
-83.6699162014
-83.495007274
-83.595179987
-83.7657654258
-83.7770997988
-83.7361341519
-83.5089047605
-83.7230714013
-83.7248091735
-83.6822590205
-83.7613695479
-83.6781563551
-83.797789682
-83.586255814
-83.6840246566
-83.6485818011
-83.5849422045
-83.7694472183
-83.6749005047
-83.5312177245
-83.6717018709
-83.7707493445
-83.6969125874
-83.7318206016
-83.8167660687
-83.4295368873
-83.7121310535
-83.6059745546
-54.1580215446
-83.7718769136
-83.5383823146
-83.6474561002
-83.8242850097
-83.4827644803
-83.5363555019
-83.7696770107
-83.6915335374
-83.6207346603
-83.5631662793
-83.7076898365
-83.5317214163
-83.6738299392
-83.7208573221
-83.6714069127
-83.6231465914
-83.555370478
-83.7821027949
-83.8809027996
-83.6809659049
-83.7966041348
-83.5722826683
-83.3938875426
-83.6145686121
-83.5740429757
-83.5576667874
-83.5451741903
-83.5983609578
-83.3986786669
-83.6553108215
-56.9246069522
-83.6824666882
-83.5830854856
-83.7496503535
-83.7744804346
-83.5139363086
-83.5545781238
-83.6236580183
-83.6659591269
-62.632864338
-83.5063293641
-83.5953788199
-83.4953574159
-83.6323301813
-83.762517234
-83.6476520307
-83.6709141061
-83.5937235208
-83.7393674731
-83.6769119794
-83.6772279043
-83.4190196233
-83.6913012065
-83.8157886723
-83.5951256522
-83.7025860149
-83.5339921427
-83.5667876457
-83.6406758385
-83.5574322014
-83.6924554093
-83.7002366871
-83.5827879739
-83.6796087203
-83.6682308647
-83.5734050683
-83.6825739591
-83.6361939829
-83.6275546548
-83.7466271611
-54.1761352448
-83.7027436997
-83.7055220453
-83.8113393892
-83.5025401495
-83.7688547266
-83.5982333652
-83.6446845497
-83.7373536698
-83.6536219126
-83.2983712428
-83.7286364491
-83.5683097011
-82.870224741
-83.5901048058
-83.4769221301
-83.8960513135
-83.6828536721
-83.4405182621
-83.6584371347
-83.619009194
-83.7339110471
-83.5094639686
-83.6025181498
-83.6756145263
-83.7314194776
-83.7614488298
-83.609023303
-83.7156383777
-83.7712970419
-83.5997967357
-83.6375207569
-83.6020759753
-83.8966464433
-83.775053625
-83.7249438803
-83.6382044926
-83.4369720677
-83.5999726052
-83.6741852815
-83.9346696861
-83.7003632206
-83.9143373943
-83.9249487226
-83.7336615351
-83.6847533496
-83.7607079204
-83.7181278143
-83.8092099358
-83.6908607446
-83.6811039018
-83.5720853632
-83.743732382
-83.7655782205
-83.9409555908
-83.675481429
-54.2505095209
-83.4570847427
-83.6892936864
-83.6236795176
-83.5857079734
-83.581767856
-83.6110999765
-83.6963714676
-83.7029538012
-83.8328455651
-83.6647330202
-83.6732184238
-83.7278203319
-83.5532298479
-83.7545272392
-83.7434168114
-83.6634174622
-83.6052657006
-83.5935562284
-83.719813403
-83.7515514691
-83.7279156859
-83.8277366442
-83.801139925
-83.6413525491
-83.7276392417
-83.6314728338
-83.6318707616
-83.6728335606
-83.6601599925
-83.5770529878
-83.7753340183
-83.5714591491
-83.6994009726
-83.4704770063
-83.647999061
-83.5949595776
-83.9513503678
-71.9065137538
-83.9207877024
-83.5203608328
-83.9040931404
-83.5217714745
-83.6825250836
-83.5556438168
-83.5562413071
-83.4196668431
-83.7115372003
-83.5092284296
-54.2030936651
-83.554103589
-83.6582341126
-83.8008213355
-83.517250645
-83.605235394
-83.6005561721
-83.6484497001
-83.7155499063
-83.7184527578
-83.7270055449
-83.7403668376
-83.5295842832
-83.5803522437
-83.5810530233
-83.7928000061
-83.4290361548
-83.9597157562
-83.7857147602
-83.5963318792
-83.7040299509
-83.7861534659
-83.6775156598
-83.7360095024
-83.5527549857
-83.7624086804
-83.7035191977
-83.5257508607
-83.3166732538
-83.5118614875
-83.3980694965
-83.742528999
-83.7723021547
-83.6081045815
-83.6350558131
-83.7341686971
-83.5235822616
-83.6682474546
-83.8571831675
-83.6924701486
-83.7910079481
-83.6041336687
-83.6624781075
-83.6618176305
-83.7275627153
-83.7786134861
-83.6656553048
-83.8551684796
-83.7480048253
-83.7306756089
-83.5260065762
-83.4162487636
-83.7834554139
-83.6964655469
-83.7700475443
-83.7831814371
-83.5307775381
-83.6352382465
-83.6966174715
-83.6693893811
-83.815570634
-83.4907249498
-83.7821528419
-83.4992068283
-83.7942123249
-83.6830683785
-83.7914282688
-83.5346668698
-83.5501826332
-83.4487339625
-83.602478836
-83.4058831589
-83.4476581481
-83.6959161481
-83.7519927268
-83.6930268853
-83.560482843
-83.6076524394
-83.7410405841
-83.7322482575
-83.3462077469
-83.4425423328
-83.5843284134
-83.7946026623
-83.765297004
-83.6780239083
-83.8660014985
-83.7693023423
-83.7276635632
-83.6669448285
-55.0466660025
-83.6288544201
-83.7460025769
-83.5774057283
-83.8067795061
-83.5088451411
-83.673805976
-54.3614616113
-83.6582258189
-83.8916123626
-83.5593045852
-83.7484597176
-83.4435030076
-83.7493369512
-83.8506859297
-83.6850976033
-83.3233232825
-83.7461090882
-83.6801484152
-83.4468075049
-83.7023906893
-83.7274870938
-83.4129579479
-83.7185788482
-83.6615558809
-83.7009951404
-83.6470536834
-83.7181161052
-83.7182016091
-83.7380066707
-83.6189157175
-83.6052115677
-83.6425609091
-83.7554497237
-83.5443312149
-83.5237243324
-83.8794995717
-83.7894396452
-83.523524098
-83.4644914703
-54.9894496545
-83.7586761216
-83.7995754963
-83.5774880255
-83.4852347251
-83.6347104732
-83.5781492411
-62.3190788916
-83.8819736035
-83.5449553803
-83.5544201033
-57.3248033366
-83.4500490887
-83.512075225
-83.5517720728
-83.5155118426
-83.6055444857
-83.5468100556
-83.5459352271
-83.6853876223
-83.5818470865
-83.7016435418
-83.7226309088
-83.7827724357
-83.6995960711
-83.5182397953
-83.7994471227
-83.7401685195
-83.6178271227
-83.8449367493
-83.5663028662
-83.6202212729
-83.86388033
-83.8225091005
-83.7225308438
-83.3363113598
-83.6938528951
-83.568940308
-83.6220038364
-83.7211956128
-83.8398974195
-83.8271664881
-83.6198422153
-83.4662642228
-83.5941398712
-83.6237423638
-83.8457256744
-83.625022113
-54.4231378708
-83.418652453
-83.7933179287
-83.5757395644
-83.6030442856
-83.6075300927
-83.5781645801
-83.6839941107
-83.6944053593
-83.3592651605
-83.5897131951
-83.6096249527
-83.4720618968
-83.5310257154
-83.7746984142
-83.6588688371
-83.7064554565
-83.5310672606
-83.8487840127
-83.6700810888
-83.6683293024
-83.7542780154
-83.7531965913
-83.7143103156
-83.5234211593
-83.4610014418
-83.651509623
-83.6088758728
-83.4730429941
-83.7143031709
-83.7717711257
-83.8131513154
-83.5257376569
-83.6655856605
-83.697224589
-83.8169881159
-83.610724669
-83.7969757287
-83.7294552267
-83.6103691133
-83.4149027673
-83.6748150392
-83.6593589954
-83.7247554216
-83.5306963908
-83.6386947255
-83.7898459411
-83.5846178098
-83.6978754698
-83.5376470918
-83.7667476691
-83.6427337625
-83.476620766
-83.478488594
-83.5841690006
-54.131974066
-83.7185382725
-83.5113112786
-83.776989741
-83.4383523509
-83.6600423566
-83.4911502303
-83.7114100368
-83.3224492416
-83.6889496762
-83.7490829956
-83.4372856707
-83.7289797861
-83.6357392916
-83.6522634289
-83.5391446713
-83.6735236484
-83.5021730439
-83.8708286009
-83.7450646033
-83.4535361941
-83.7360857076
-83.5143310821
-83.630865689
-83.6635644223
-83.5828681011
-83.4950684532
-83.6919156663
-83.6085736116
-83.6677363943
-83.6699849092
-83.6009985194
-83.7315326723
-83.7988464359
-55.6875211812
-83.6139849336
-83.7006353382
-83.7427639827
-83.7123203745
-83.6276969208
-68.0042368874
-83.531217777
-83.6464647684
-83.6836769066
-83.8006907351
-83.8663355989
-83.9379014462
-83.8351577921
-83.5791119068
-83.7566549319
-83.7101064146
-83.6689615611
-83.7430301273
-83.6617578109
-83.7286466101
-83.4490749362
-83.6840608463
-83.6818492105
-83.6616559765
-83.7727627188
-83.5930965579
-83.5049860562
-83.6716466368
-83.7609478976
-83.5291537292
-83.7130018398
-83.7342086915
-83.5979636298
-83.6503703658
-83.606258926
-83.6830644619
-83.7557441411
-83.6252280308
-83.7230258023
-54.6060193427
-83.8037074996
-83.5950542137
-83.4428381184
-83.750871673
-83.6882760301
-83.8994236298
-83.5658610852
-83.6691123281
-83.6132060334
-78.2583786626
-83.8050264416
-83.8325037086
-83.6433606051
-83.5246107704
-83.6177046307
-83.6853323068
-83.8129112943
-83.7319231845
-83.7924228724
-83.4970072912
-83.642430144
-83.6077616153
-83.6359346448
-83.5347157486
-83.6580003455
-83.4008335619
-83.6409079668
-83.584648231
-83.6700109107
-83.6952808601
-83.5613266434
-83.708537297
-83.6558376731
-83.685197946
-83.7378124789
-83.7709917582
-83.9188958368
-83.7502149216
-83.4513627397
-83.7604093412
-83.7719434532
-83.6513851456
-83.6908552415
-83.6786406942
-83.6772039124
-83.6273643101
-54.4416076023
-83.5386251466
-83.8460748419
-83.8198418157
-83.6277316952
-83.7406871575
-83.5927520992
-83.6071149111
-83.6753995216
-83.6172775551
-83.5821333722
-83.6608214476
-83.3732025845
-83.817377299
-83.571162699
-83.6744030551
-83.5803441538
-83.6444792998
-83.7463744746
-83.7097956747
-83.6282968912
-83.757006867
-83.5795341535
-83.7827343832
-73.5789880045
-83.5287112667
-83.641956354
-83.9404679786
-83.6734180138
-83.6589072307
-83.5413689935
-83.5102316346
-83.5197194931
-83.7439556055
-83.5496026848
-83.4626000776
-83.468560951
-83.8268314346
-83.688564491
-78.8035234844
-83.5737350472
-83.7967771589
-83.7274792342
-83.8351237155
-83.7945358142
-83.4692959509
-83.6701119534
-83.7234491259
-83.7129208724
-83.5034948755
-83.7234387682
-83.6607673195
-83.6266522922
-83.6222187899
-83.6155728659
-83.6499130085
-83.8864462535
-83.6981737108
-83.7679052409
-83.5319082861
-83.6634293076
-83.5632569989
-83.6059837538
-83.4934633673
-83.370161662
-83.6961876999
-83.7365022814
-83.6851039647
-83.5798038154
-83.5714306965
-83.8102019632
-83.6582138622
-83.6396910052
-83.335822134
-83.7130781204
-83.6364356993
-83.7657733179
-83.903470235
-83.6830244559
-83.5713089486
-83.7901490099
-83.4129160256
-83.7654853202
-83.5626991494
-83.5470864056
-83.6999541446
-83.9713179987
-83.6588142884
-83.6483964584
-83.7774116166
-83.7902354344
-83.8944786723
-83.7980872907
-83.6557898552
-83.6860278908
-83.5797416132
-83.5323531515
-83.5441582504
-83.6686417234
-83.6812363742
-83.6234948715
-83.6463346462
-83.5354520484
-83.514538457
-83.5200058928
-83.8226064093
-83.7113172255
-83.563942926
-83.6796909743
-83.6358228807
-83.6554456145
-83.8024451186
-83.6240474741
-83.3908627954
-83.5400663865
-83.4828131852
-83.8194130396
-83.3151582014
-83.6847732309
-83.7224869138
-83.7305306177
-83.7957464199
-83.7430238286
-83.5513736378
-83.5521068957
-83.7086273619
-83.4340201963
-83.6843142208
-83.7180298321
-83.6119762045
-83.3618090113
-54.7358902255
-83.5898508052
-83.5508606632
-83.6390847484
-83.7456774955
-83.6464836445
-83.8464639868
-83.4980902003
-83.4398622687
-83.5445973052
-83.7886348242
-83.7343500924
-65.4873508504
-83.567598367
-83.7362267385
-83.7909030548
-83.4977461014
-83.6959092764
-83.7138845697
-83.5508805452
-83.539244507
-83.8078296009
-83.8856328715
-83.8378280529
-83.6269456724
-83.8811542571
-83.4834934975
-83.6896715389
-83.8658410009
-83.7688825919
-83.6455611535
-83.4659543115
-83.7681488339
-83.8165443481
-83.6264897365
-83.5038435494
-83.7648313391
-83.6194411514
-55.8502714447
-83.5629562982
-83.5853643368
-83.6125883695
-83.6962367109
-83.6298625122
-83.7265349813
-83.5571183079
-83.7324071512
-83.6921677455
-83.6032718203
-83.6538084948
-83.3508468287
-83.7689239952
-83.6804145053
-83.7009515113
-83.7903346547
-83.5052070069
-83.7365254919
-83.5757830965
-83.5224142199
-83.6915593995
-83.7050383716
-83.508954843
-55.8010454146
-83.5729621813
-83.5344182213
-83.8673821668
-83.5010078182
-83.7158449066
-83.6926455593
-83.6901428959
-83.6598363733
-83.7131266252
-83.7318327577
-83.6321038725
-83.5894259433
-83.7221090119
-83.7027106035
-83.7897799019
-83.5168143206
-83.4457634426
-83.8107832971
-83.7287659511
-83.6156756506
-83.7348660719
-83.703499048
-83.4815695303
-83.8467204156
-83.718096633
-83.5413289852
-83.711518897
-83.7308003429
-83.4734112349
-83.3987131534
-83.6989414382
-83.7118656904
-83.6605063127
-83.7650775087
-83.6375959
-83.6316321103
-83.4016220714
-69.0312611097
-54.3835924194
-83.3846442183
-83.6719294245
-83.5309382194
-83.6102726037
-83.7116564899
-83.7728867816
-83.6191885643
-83.6856898143
-83.6243060182
-83.6082596087
-83.7997489638
-83.7231059522
-83.76581395
-83.816661983
-83.3599875359
-83.4203217208
-83.7510290169
-83.4485104921
-83.6182118509
-83.4531485255
-83.5238117349
-83.8594740427
-83.8089803356
-83.7311487899
-83.4614552505
-74.8318456701
-83.6422034426
-83.6926232099
-83.7269201283
-83.572191055
-83.7067889169
-83.6292330723
-83.5120695017
-83.6979494401
-54.4190780474
-83.6681790897
-83.4727013803
-83.7080635881
-83.6674441341
-83.6045140815
-83.7062536367
-83.7292925902
-83.6900457923
-83.7589525338
-83.8349800224
-83.5757601999
-83.60222062
-83.6643888865
-83.7705896878
-83.6637532007
-83.5032970573
-83.6167931903
-83.6280275126
-83.4907149919
-83.646501402
-83.7137888718
-83.3874355164
-83.703052967
-83.2899978271
-83.7364455444
-83.6255109107
-54.1781657498
-83.6746822863
-83.5815063955
-83.8280563573
-83.8315703253
-83.5921199017
-83.6586619556
-83.5697257767
-83.6275500897
-83.6895776978
-83.8233920056
-83.6638589681
-83.6313638547
-83.6722312409
-83.76214968
-83.5169091139
-83.7070879006
-83.777373485
-83.70986165
-83.608520498
-83.5547604536
-83.6920528254
-83.6431918816
-83.7255769987
-83.63898083
-83.7785843703
-83.6819162933
-83.7792155443
-83.8144702422
-83.4333222961
-83.6442035144
-83.5940769309
-83.7221019472
-83.7935432894
-54.5329714065
-83.4635788181
-83.8116961584
-83.7408804672
-81.7296938269
-83.8449957577
-83.4768189545
-83.7070412686
-83.7185075591
-83.6315564428
-83.6596568428
-83.5786130665
-83.2854830314
-83.5888323146
-83.7111938688
-83.6434864418
-83.648462418
-83.6973254458
-83.8312559461
-83.7162205945
-83.5825241699
-83.7000349723
-83.7901148835
-83.5257551212
-83.7441092497
-83.7263374804
-83.6067468142
-83.6495686949
-83.7929124064
-83.582901633
-83.7749494921
-83.7111263338
-83.7266487554
-83.7892316159
-83.6751253924
-56.6944478154
-83.657084235
-83.7709334332
-83.5122947653
-83.6307401324
-83.454663774
-83.657781954
-83.594586329
-83.5369174974
-83.7470726479
-83.543722062
-83.6010316904
-83.6018105797
-83.8089663454
-83.4413290958
-83.6413687982
-83.7313056483
-83.7324190929
-83.7329849544
-83.6562521251
-83.5174267787
-83.7357987976
-83.6635823059
-83.6700964039
-83.7665358223
-83.8755383941
-83.7118072085
-83.5843308934
-83.5384679155
-83.5630768662
-83.795634793
-83.6671809037
-83.6326732058
-83.5680084342
-83.5757395453
-83.7584112795
-83.8285021179
-83.5836617817
-83.8627243358
-83.6085968446
-83.6345099546
-83.6061597742
-83.9011387162
-83.8007634755
-83.7958849586
-83.4987035417
-83.7249312423
-83.6389929453
-83.4654452812
-83.7835321163
-83.5459215378
-83.5886401281
-83.6273587356
-83.6420700971
-83.6165950464
-83.6992361222
-83.6795943901
-83.5839416392
-83.5859410898
-83.9945661115
-83.7438067445
-83.8100458176
-83.4088991415
-83.596116183
-83.5475499882
-83.6512539285
-83.6297519953
-83.6899593017
-83.7111295183
-83.7102134932
-83.7431917025
-83.5010995518
-83.5948468076
-83.4962624478
-83.6866054532
-83.604993488
-83.7636148618
-83.7348029079
-83.8406449466
-83.4692193521
-83.506828325
-83.5232146766
-83.656766792
-83.6480996622
-83.5734681295
-83.6991287539
-83.5960444585
-83.4610911424
-83.7748774224
-83.7147060988
-83.5933572079
-83.835522553
-83.4051980981
-83.420832649
-83.386807279
-83.5759914872
-83.6942098372
-83.6724709589
-83.7551426094
-83.5781020059
-83.741854538
-83.5829131241
-83.7034971232
-83.4467727427
-83.5233124709
-83.6118918511
-83.7395657097
-83.7285384413
-83.3565869562
-83.7279233463
-83.7816231621
-83.9446204956
-83.654622552
-83.6740941058
-83.6114282304
-83.5537071268
-83.898599756
-83.4948073392
-83.710131527
-83.485410095
-83.5364459624
-83.5121824407
-83.5201191027
-83.6197666495
-83.8126132239
-83.8102708119
-83.720199896
-83.8597187415
-83.6940062496
-83.4481347796
-54.4424004371
-83.7973622932
-83.5746927935
-83.5151282673
-83.5168676184
-83.6238015065
-83.6240859223
-83.3618491014
-83.3876706415
-83.6820382389
-83.7466314752
-83.4898593424
-83.7769354115
-83.6431845914
-83.6496395008
-83.5727965563
-83.7895678525
-83.5917395668
-83.7362583785
-83.7184604386
-83.7665905797
-83.7792533817
-83.6076469665
-83.6294049699
-83.7419213149
-83.2478564221
-83.797722631
-83.662396536
-83.7556628355
-83.4573345269
-83.6088725466
-83.6932860567
-83.4889587379
-83.8797514595
-83.7289258712
-83.5787931658
-83.6636298403
-83.6609627813
-83.5077922559
-83.5900884508
-83.7149579943
-83.6744379499
-83.6977720225
-83.5849450135
-83.5949994405
-83.6351946073
-83.5810790404
-83.844523844
-83.5683195764
-83.6487237135
-83.7218647972
-83.7569256269
-83.6310861028
-83.8773972016
-83.4773510872
-83.6970894633
-83.7683363744
-83.6014588177
-83.6645695086
-83.6398910955
-83.6296947767
-83.6298690448
-83.8116676741
-83.5865345454
-83.6484344932
-83.5266238859
-83.652119552
-83.6022691085
-83.6568612339
-83.6951633365
-83.5715393436
-83.8245263284
-83.802771394
-83.6452458305
-83.575860077
-83.6416584392
-83.7521179081
-83.4792675722
-83.6123828337
-83.2987303303
-83.5306134757
-83.3927873389
-83.5737985711
-83.4079967521
-83.3385917774
-83.5610415434
-83.5423564055
-83.5470770416
-83.7571139436
-83.6976487872
-83.6291060678
-83.6355101328
-83.5020363402
-83.8429042414
-83.7045703455
-83.8158811101
-83.6432002025
-83.7318407928
-83.6952370278
-83.2335230632
-83.6459330752
-83.6231193777
-83.6560604267
-83.6490297892
-83.6462957893
-83.585125652
-83.6332855952
-83.6064301396
-83.6746521905
-83.8556094818
-83.7111664087
-83.6900480387
-83.6144529991
-83.8594571151
-83.5530490668
-83.6513172447
-83.4633517309
-83.439239054
-83.3586280596
-83.7440728119
-83.7356113701
-83.6342663555
-83.757779181
-83.6544422752
-83.5982652759
-83.5362374746
-83.5172664314
-83.8069435556
-83.612090491
-83.707639918
-83.5053953372
-83.5210054601
-83.7393144648
-83.57241306
-83.6648719239
-83.6634876582
-83.6120330776
-83.83590069
-83.4838409451
-83.8761551366
-83.6390044472
-83.6839784393
-83.6921655132
-83.5364445912
-83.7672385996
-83.6417841853
-83.6281348398
-83.7006552591
-83.9038752158
-83.8004290544
-83.6542037242
-83.3861495597
-83.5773255431
-83.6249222851
-83.4151179677
-83.6139381972
-83.4390385087
-83.5235836039
-83.4074623246
-83.6592464756
-83.6484674161
-83.6428146319
-83.4743590746
-83.6262818823
-83.7222776316
-83.6732128952
-83.6502705607
-83.6147493336
-83.5974148714
-83.6024491319
-83.4287439229
-83.602747283
-83.5492585461
-83.6827874321
-83.5100854848
-83.6964323271
-83.632636657
-83.522093122
-83.6160963446
-83.58354543
-83.3080343812
-83.4946562594
-83.5567445515
-83.6678829033
-83.6948672095
-83.5719778554
-83.3696632353
-83.5193552487
-83.738828405
-83.7639463345
-83.5715109048
-83.720403371
