-84.2842759075
-84.0144097087
-84.0436168649
-83.9024824606
-84.2261117588
-83.8727306885
-84.3104317937
-84.1779103337
-83.8897545069
-84.2019433698
-84.0683070968
-83.9982475716
-84.0164040201
-83.984881037
-84.1608348112
-84.1427051138
-84.0282413661
-84.1997777558
-84.5073732296
-84.014894273
-84.0831118455
-84.2472609941
-84.3039025271
-84.2354417882
-83.3880330912
-83.9684625642
-84.3407477146
-84.3621837322
-84.1731517966
-84.1599034684
-84.0031836791
-84.3387045089
-83.6580481067
-84.0901990874
-84.0275860403
-84.570275882
-84.6088742982
-83.5944864157
-83.982479303
-84.4564109138
-84.1739836047
-84.0425293944
-84.1061723876
-83.9074562675
-84.16098366
-84.1597528852
-84.4528558021
-84.1556688403
-84.2039595042
-83.9635982851
-84.3040974202
-83.9699574795
-84.1255769632
-84.4384196549
-84.3535632155
-83.7314792786
-84.461551338
-84.3984889691
-83.9364785517
-84.2692115854
-84.2468838797
-83.4783383326
-84.2426205239
-83.9067525172
-83.7866526634
-83.9967772192
-84.146993958
-83.7067210091
-84.3453534159
-84.0276452103
-83.9621392028
-84.3591643393
-83.7865963347
-84.1618204844
-84.1002460864
-83.7974375153
-84.1085551914
-84.1905029455
-84.2314609904
-83.9053313095
-84.1208485405
-83.8523592887
-84.3613984772
-84.1526523516
-83.6011166359
-84.0651286999
-84.0220939218
-83.9974071042
-84.0878480835
-84.1198181651
-84.0083657678
-84.2493258201
-83.9275726341
-84.41402654
-84.398382746
-83.8316101758
-84.2938006486
-84.1568296223
-84.4377624072
-83.9845856056
-83.9299498951
-83.6807055827
-84.2323246956
-84.2031544096
-84.6131673009
-84.287363582
-84.3006723666
-84.4090738908
-84.0923873701
-83.8951491634
-84.256012753
-83.6031333701
-84.3703943939
-83.6268624106
-84.4239874901
-84.467051812
-84.4505856444
-84.309792999
-84.2758770954
-83.666793204
-84.1262712929
-83.9332251756
-83.6221986898
-84.0605985547
-83.6995402669
-84.1132829615
-83.9237686438
-84.2519774733
-83.7546329942
-83.9124745126
-83.6668069094
-84.2984284277
-83.835511694
-84.6214485411
-84.1693628446
-84.0959321755
-83.9934007902
-83.988804596
-84.243785583
-83.7661964584
-83.5677881846
-84.1269542708
-84.0283728284
-83.9845731873
-83.8473199668
-84.4354365557
-83.8359069663
-84.3189049861
-84.161045391
-83.9629809063
-83.9273429648
-84.2861498557
-83.900008175
-83.5905720561
-83.8652701015
-84.1794741191
-83.9223109217
-83.8804538943
-84.0242073756
-83.9755145819
-83.5997536628
-84.2104363926
-83.8258005862
-84.0981466194
-84.0936891756
-84.074846243
-84.4643287157
-84.3066077654
-84.1172403009
-84.1164828024
-83.7441378733
-84.0597909841
-83.5485991265
-84.3372294917
-84.4915867547
-84.0163980965
-84.3333944155
-83.7842674742
-83.571007023
-84.1672979286
-84.3534673684
-84.2664904889
-84.2830310158
-83.7001575834
-83.8860358063
-84.1246508684
-84.354658679
-84.2232965859
-84.0918260565
-84.3003497666
-84.1731873472
-83.6670815349
-84.0193714396
-84.5276901667
-84.0603478993
-84.1129468452
-84.1121526724
-84.0169434751
-84.0812470593
-83.5343851326
-83.8939657919
-83.827270589
-84.0593878932
-84.3643307152
-84.0110542406
-84.1828638243
-84.0996585913
-83.2384578761
-84.1834836663
-84.2617617427
-83.8071488969
-83.7146621798
-84.25647535
-83.9642990746
-84.3987250987
-83.8126996847
-84.367746365
-83.951331383
-84.1175707027
-84.2133224827
-83.8155597361
-84.01338644
-83.9839967503
-84.1830421382
-83.8929575129
-83.8683597596
-83.911224429
-84.0826367301
-84.1649198797
-83.2056089023
-84.2106511332
-84.0461122746
-84.3525143509
-84.2472869463
-83.7527397167
-83.8647231922
-84.0092354979
-84.2211278272
-84.0327693813
-84.2458709099
-84.2914717924
-84.1503472988
-84.204985803
-84.1496332419
-84.0188483516
-83.7676951235
-84.1230322018
-83.9556944941
-84.2866743997
-84.4162557934
-84.255244096
-84.2367040939
-84.0728646981
-84.3898564249
-83.8355052101
-84.0790895281
-84.1252714866
-84.4346104932
-84.1509506784
-84.0870772455
-84.2532435224
-84.0167014903
-84.0615053729
-83.7508419638
-84.1958302866
-83.4694740807
-84.653456226
-84.3596934253
-84.1982492355
-84.2899251538
-84.0167726998
-83.7417202571
-83.9258932073
-83.9025856453
-84.3699645497
-84.0892904842
-84.140205163
-83.9459103916
-83.7715340255
-84.2480016955
-83.857309499
-84.1158935128
-83.9507904825
-83.8603393802
-83.8826817225
-83.5874344285
-84.1793954182
-83.4615939257
-84.1996485207
-84.3004639988
-84.4174926762
-83.9421484762
-83.6963980795
-84.0539444101
-84.1161006498
-83.8459453877
-84.3160653287
-84.4427772587
-84.347986532
-84.3293835819
-84.162193466
-83.7096332518
-83.8246294543
-83.9404415667
-83.9874404439
-84.2704000713
-84.4233233741
-84.3350196407
-84.2029813038
-83.9037430114
-84.2473909759
-83.9908047694
-84.3205612629
-83.6694848332
-84.0829534554
-83.9149126079
-83.7363929708
-84.2139708236
-84.0053419081
-84.0173063197
-84.1059334388
-83.9950100405
-83.6226502331
-83.8753536249
-83.8002536087
-83.8343836408
-83.9351926393
-83.8201223698
-84.1905956533
-83.9672245554
-84.2458266848
-83.6862424236
-83.9818748012
-83.5842862262
-83.8456454884
-83.7535597524
-83.9151432221
-84.2730029251
-84.043796336
-84.288262304
-83.663883196
-84.0503650846
-83.7996501177
-84.072998743
-84.3392092471
-84.1801773842
-83.8305457372
-84.3289684432
-84.098176896
-83.9220488008
-84.0652744663
-84.2449009666
-84.0400427485
-83.9968331683
-83.9777082487
-84.2162621939
-83.4906918942
-83.6812530585
-83.787326245
-83.8633420839
-83.986612345
-84.0435539257
-84.4019684073
-84.0547397555
-83.7572033474
-84.1882958141
-83.9086747553
-83.7521566884
-83.9678415148
-84.3981149261
-83.8380990714
-84.04239515
-84.0636935195
-84.3406104341
-83.8220922788
-84.3587209791
-84.0168436524
-84.1593641903
-83.904011504
-83.6048428812
-84.230877916
-84.2273302496
-83.6612120568
-83.9564301057
-84.3045395954
-84.1791628515
-84.0759002134
-83.885983414
-84.2825802059
-83.6473726954
-55.8936498139
-83.9165951743
-84.3575631377
-84.1597782113
-83.8352681535
-83.4191412404
-84.0546816747
-84.2475469437
-84.3165200839
-84.2657583026
-84.0452777555
-84.1422136959
-83.7721516634
-83.8988350323
-84.1062086112
-84.3080323539
-84.0962483481
-84.0369040363
-84.0425298124
-84.2319707046
-84.0095737019
-83.9200077257
-83.0626927978
-83.3634402806
-84.3169095624
-83.8446206228
-84.0873007191
-84.2412434435
-84.1512143378
-83.6380994928
-83.513753184
-53.8502631958
-84.0587284556
-83.7336220341
-83.9743113098
-84.1111177163
-83.6356528953
-84.0400578457
-83.7248810784
-84.4478066731
-84.1798482815
-84.0370926598
-84.1001723069
-84.354909924
-83.7683209292
-84.0003483887
-83.8257417215
-83.8020941177
-83.7514819559
-84.1550612294
-84.021588005
-83.7320291017
-84.353927073
-83.824941147
-83.9692229118
-83.9772326635
-84.1186703192
-83.8713715231
-84.3217343027
-84.0277638353
-84.0253062815
-84.342374136
-51.9886047363
-84.2277338601
-84.2511380564
-84.1703488103
-84.0392204104
-83.9382203183
-84.2075735196
-83.9678221743
-84.2781387479
-84.058588046
-84.1513187456
-83.9654338344
-84.150186705
-84.1345212943
-83.9745410903
-84.2968105449
-84.3550569337
-84.1584186119
-83.9438614877
-84.0093014513
-84.0881037224
-83.7275145906
-84.0248882518
-83.9275997428
-83.7900858005
-84.6041847734
-84.1102485287
-84.1047174475
-84.4562589656
-84.3048852049
-84.0436898136
-55.8328953006
-83.9249004964
-83.8732050555
-84.1944263113
-84.0830572196
-84.090316884
-83.7656594866
-84.0220726288
-83.9690266591
-83.8607488854
-84.1456370434
-84.172718307
-83.960127875
-83.9434707225
-83.6962597012
-84.1241573295
-83.9772606728
-84.0133934195
-83.1548708714
-84.0775306173
-84.2217841805
-84.7770048719
-84.0177512433
-84.233862727
-84.0231336196
-84.1802345486
-84.0766102399
-84.0856657165
-84.0423293848
-84.1296073413
-83.6481034538
-73.0322684727
-84.0370464339
-83.3144779888
-83.8035362869
-84.0172969867
-83.9839656524
-84.193616386
-83.7298734447
-84.3739986697
-84.2253670106
-84.1693471003
-83.9257232154
-84.2152924384
-83.7988060027
-83.425922205
-84.3689843314
-84.0072882355
-84.3367532396
-84.2920443708
-83.9875037078
-83.7142521461
-84.7225995244
-84.0419802
-83.7485982627
-84.0528451316
-84.0498846173
-84.1537462403
-84.4478483896
-84.2834580301
-84.1056747954
-84.0710963983
-81.3695011765
-83.9586479617
-83.7173135637
-83.5926000899
-84.2208753135
-84.32656158
-83.9510081923
-84.2498679209
-84.0356268094
-84.2805098436
-84.1453175789
-84.2181258357
-83.716025562
-83.9736530455
-83.6082229827
-84.020722364
-83.9460035141
-83.8927910628
-84.2317754595
-83.8402637245
-83.7486079972
-83.7757828115
-84.0545028919
-83.6819896555
-84.0739170306
-83.7828021121
-83.8610017523
-83.4420257221
-83.9177265083
-83.8585773849
-83.7740744688
-83.6886525808
-81.8991656453
-84.169155969
-84.0745048958
-84.1786804447
-83.8363397818
-84.1238911416
-83.8631694291
-83.7804058506
-83.9010227203
-84.329820662
-84.2892020164
-83.9273891919
-84.3853983817
-84.1105641198
-84.0924169993
-84.1329663695
-83.9920407393
-84.2049353806
-84.151568737
-83.9476890455
-84.0579234888
-84.2473373619
-83.8730293796
-83.9362234992
-84.2114408753
-83.6727504366
-83.2512682523
-84.4743269747
-84.3532040435
-83.5723344607
-83.7042384678
-58.6543396559
-83.7482285977
-83.8758848537
-84.3185740609
-83.9230730316
-83.9428550813
-84.0383301706
-83.7998220507
-83.8649692536
-84.1384376791
-84.0577600163
-83.8868825329
-83.8790806891
-84.2620596323
-84.2053682518
-84.3227029036
-84.0552476903
-83.559098577
-84.0931505046
-83.9866345801
-83.7862862163
-84.3201930663
-84.3115338228
-84.2789477219
-82.7519513682
-84.2141259681
-83.9333020419
-83.8793353675
-83.9271210346
-83.7007802293
-84.0371561092
-53.8262889221
-84.1900277171
-84.2071260264
-84.0175223531
-84.2168353146
-83.9887292284
-84.42382004
-84.1828932211
-84.2018899695
-83.8266577958
-84.2200318733
-83.8392822295
-83.6711193127
-83.9207393075
-84.0429969279
-84.4041891605
-84.0202239912
-84.2138504591
-84.2450710078
-84.3713131287
-83.9229729201
-84.0004675356
-83.9962642181
-83.9049455499
-83.59476273
-84.1964292934
-84.1253206183
-83.7115210178
-84.0806849719
-84.2863815965
-84.2275290622
-52.8226059706
-83.7256912241
-84.1651698485
-83.9251373058
-84.0500135985
-84.1373720025
-84.2928224369
-84.0031660978
-83.5916831434
-84.0733339961
-84.0251771438
-84.1039461527
-84.12563835
-84.1672703106
-83.6000303446
-83.8553279499
-84.1088240855
-84.1393401156
-83.9689318799
-84.0564254361
-84.3189213412
-84.5992816071
-84.255225367
-83.9761673369
-83.7583121504
-83.8558453202
-83.7737325851
-84.1234479809
-83.6124220367
-84.3299128157
-84.1348404137
-53.7819918977
-83.399242666
-84.1768739499
-83.9411319497
-83.4463101209
-83.9607057285
-84.4115038565
-83.8613342343
-84.1711665338
-84.122258307
-83.87331364
-84.0530807225
-83.4708282684
-83.7708686352
-83.84247488
-84.0495849435
-84.2433025207
-83.7896151587
-84.3475797056
-83.5716833575
-84.007149417
-84.3161636452
-83.895487649
-83.9884863121
-83.7853889269
-83.9157405649
-84.1442833272
-83.9412487216
-84.3394742624
-84.037501507
-84.1527870776
-55.2345624672
-83.9666803164
-83.964006284
-84.1546713132
-83.8788685149
-84.1752824106
-83.8552134484
-84.2222169197
-83.852911197
-83.8925618263
-84.1083344821
-84.0676886405
-84.1480964243
-84.2908750167
-83.9735569193
-84.1074647722
-84.5610212889
-83.7511371126
-84.1048205069
-84.1319067581
-84.3365567628
-83.1299000862
-83.6553240195
-84.1200636309
-84.1195164435
-83.9547247688
-83.8574759539
-83.608443623
-84.1520386395
-83.7621732005
-83.9452116076
-83.6053720075
-83.6668026432
-84.2324322347
-84.1534030563
-84.2755911626
-84.183008333
-83.9250260723
-84.1963038291
-83.9606410352
-84.2233008975
-83.957705598
-84.2604146641
-84.6277832959
-84.2796998033
-84.3073329878
-83.8160845539
-83.633827303
-84.2228416253
-83.8841567435
-84.1261958437
-83.5028665015
-83.956032861
-84.2953226129
-84.4205817435
-83.8755084858
-84.1895101869
-83.9216014055
-83.717655231
-83.8272368492
-84.0235176521
-83.9408895959
-83.6709988966
-73.8895022151
-83.9168777415
-84.3075341516
-83.9410851359
-84.3593132068
-83.9560797842
-83.606276274
-84.0807083371
-83.6147553492
-84.0711906452
-83.6999305498
-83.7797378871
-83.8177084111
-83.5821066599
-83.7882794418
-84.0175065333
-84.0366455811
-83.7072717478
-83.7211757519
-84.1582897293
-84.2753715523
-83.9424180989
-84.0596807706
-84.1743077524
-83.9752537684
-83.7880867779
-84.0089223039
-83.9101808952
-84.2034860095
-84.2637498559
-84.0258316186
-50.8741644421
-83.4033523872
-83.8994847126
-83.9368766248
-84.0512874907
-83.962034296
-84.0305143069
-83.4832202739
-84.2701583767
-84.3520448085
-84.6308698519
-83.5421017666
-84.0777897018
-83.96241684
-83.5714040655
-83.8871382901
-84.080508068
-84.0197181774
-83.7124364049
-83.9232380632
-84.0803817107
-84.1114886719
-84.0815258726
-83.7901061666
-84.4924761661
-84.2788922903
-84.0481619673
-83.889726535
-83.8305992503
-84.1534774191
-84.0274514526
-55.4458504471
-83.773862698
-84.1015180476
-84.467428218
-84.1698510618
-84.2408688225
-84.2713061704
-84.2813922653
-84.0796344576
-83.9072180596
-83.994253223
-83.7493736199
-84.1802287978
-83.9084088212
-83.5570927192
-83.8572295816
-84.0058653798
-84.3707877248
-83.8450931303
-84.2813966605
-83.9783146504
-84.341191321
-83.806079077
-83.7596625238
-84.039756027
-84.2270973913
-83.7404035467
-84.1386774125
-84.0140567085
-84.0167414296
-83.8270678675
-53.761610815
-84.3142380654
-83.9537870096
-83.7326787525
-84.1619049809
-84.0840729604
-84.2762135382
-84.030193603
-84.215899213
-84.2737709037
-84.0739689836
-83.9155866501
-83.9778153918
-83.932506547
-83.98896673
-83.6531387429
-83.59097482
-84.4504978979
-84.1517411046
-84.0922321018
-84.3719035106
-84.1062399649
-83.7253655291
-83.8707836566
-84.0673273667
-84.2130303168
-84.3131105007
-83.8684464049
-83.9402422664
-84.0637948204
-83.0973324574
-54.8215610772
-84.3348222089
-83.7116753202
-84.0384948938
-83.9573594178
-83.9217019883
-84.3887623675
-83.8543655744
-83.9667598704
-83.8309181326
-83.6380091661
-84.0848753894
-83.8565059858
-83.9299639685
-83.7903426294
-84.3279001263
-83.525797385
-84.0975576227
-84.1117928477
-83.9257166829
-83.9867630259
-84.0032540545
-84.3422992326
-84.1131157371
-84.0579330112
-83.9447914658
-83.9414408653
-83.9206584411
-83.671907912
-83.7861393285
-84.3159832691
-59.2971186313
-83.4554696674
-83.8043730919
-84.0501271231
-84.0204402146
-83.9467965406
-83.9317650803
-83.9757043315
-84.2395191362
-83.872048659
-83.9461419098
-84.0797401143
-84.0121246579
-84.02008999
-84.0984743987
-84.2398964271
-84.3673881479
-84.3357999478
-83.8495711398
-83.9798365186
-84.2110390994
-84.4407617104
-84.435872314
-84.2050301427
-83.5780145801
-84.1850405209
-83.6154808988
-84.0097457411
-84.5433820597
-84.1422698566
-83.8335375822
-84.2589938216
-78.4813977622
-84.1458946301
-84.2181908592
-84.0744540138
-84.3852032953
-83.2307861643
-84.1670864796
-84.2272898788
-84.4693133721
-84.1962361392
-84.0671949511
-84.2395050349
-83.8784678502
-84.5002536675
-84.3308475562
-84.2706983683
-83.6254711582
-84.1574500311
-84.0533377421
-84.2465301731
-84.1339518569
-83.7491270055
-83.3981681139
-84.3131095905
-83.9888757621
-83.8963116627
-84.1017297681
-84.3234366843
-83.9502060026
-84.0971333007
-84.0343985423
-70.4522403881
-84.1704716385
-83.9900296728
-83.6376035677
-84.2492588158
-84.1767139495
-84.363891768
-83.9201049216
-84.1485457721
-83.77148986
-84.3896562439
-84.0267486655
-84.1151023115
-84.4961758474
-83.9249892076
-84.7704363184
-83.951931767
-84.2133504492
-83.8026452772
-83.7463656627
-83.8509686615
-83.9767412215
-84.0023324738
-84.0406552732
-83.668851649
-84.2352600642
-83.9005264152
-84.0354929843
-84.2153750369
-83.9050398483
-84.2722181128
-67.9062131202
-84.290052806
-84.3611638402
-83.5609710575
-84.0843968227
-83.6643179221
-83.8309303527
-84.1058018576
-83.6373943474
-84.0186086393
-83.989411043
-84.0283620387
-83.9170488294
-83.6395528156
-83.8749858089
-84.0349289038
-84.0599618484
-84.2249869414
-84.2216614702
-84.2808671926
-84.419738523
-83.9219880198
-84.2158768779
-83.9242843682
-83.9177321964
-83.6509053542
-84.0721250637
-83.9792790566
-83.81611757
-84.3091203865
-83.9483307935
-54.8022081122
-83.9058777765
-83.8403545231
-84.3376480835
-84.2258976777
-84.3763403833
-84.0779517249
-84.3198189964
-84.0234942276
-84.1241656024
-84.0424971931
-83.8609290232
-83.7682225238
-84.0631818802
-84.3406242006
-83.9092154241
-84.3542115172
-84.3830632264
-84.20818601
-83.6903052433
-83.9612490486
-84.2560050392
-84.6662609962
-84.0329312913
-84.2475892474
-84.2250922053
-83.9698831569
-83.8769234183
-84.1429432546
-84.0493720383
-84.0281932683
-55.3706959653
-84.1123036771
-84.0318052118
-84.3810104369
-84.002490262
-83.8447099713
-84.1940560435
-84.4278138264
-83.7955082042
-83.6867540819
-84.0836295452
-83.5828703174
-84.1956366309
-83.9355556199
-83.5387496602
-84.1055148885
-84.3425382054
-83.6746691024
-84.1396231257
-84.5518314633
-83.7794309815
-83.9971289902
-84.0421729681
-84.0261834655
-83.7593004239
-83.8917733521
-84.2314714949
-84.0000265125
-83.7990390312
-84.0253737673
-83.4529111711
-59.0564965591
-84.0222211155
-84.0267286323
-83.7014174724
-84.2518780927
-83.8742781643
-83.7664335299
-84.0263993705
-83.8542738383
-84.4245146068
-83.9246390755
-83.8006423217
-84.5662079328
-84.1103135296
-84.0968202161
-84.2103228
-84.3950005769
-83.5940088921
-84.3299557873
-84.3486839747
-83.6807952696
-83.8670885174
-83.8426425211
-83.8949191443
-84.3994270483
-84.0604264002
-84.0923870986
-83.792446294
-83.854872317
-83.9801360747
-84.1743831152
-61.9738473187
-84.4066201425
-83.2665408671
-84.2111959709
-84.3185125555
-83.9440973301
-84.0223387469
-83.8986514225
-84.2375594732
-84.2055439893
-84.3400936439
-83.5178566296
-84.017168272
-84.0483981032
-84.2727184512
-84.2040576237
-84.2255270289
-84.1998900456
-84.3125943835
-84.1052654175
-83.8346537765
-84.0683428007
-84.0635241445
-84.276290822
-84.0798458833
-84.0766610889
-84.1374361758
-84.0157451665
-84.2487309137
-83.8247803691
-83.9383140562
-83.9432294144
-83.8691607594
-83.930754247
-84.3563092772
-83.9964704032
-84.2702188107
-83.7432875046
-83.9604657026
-84.218801311
-84.5566076827
-84.428629685
-84.0603866525
-83.9008608939
-84.0600879177
-84.159430059
-84.0873846382
-84.0148585325
-84.1175043271
-83.7211104383
-84.005589729
-83.8167986149
-84.0725989019
-84.0331631607
-84.1497203444
-84.0243524708
-84.3559169766
-84.3555079229
-83.9564089074
-83.94208131
-83.8273126434
-83.671149028
-83.9545787598
-78.1653976669
-84.1620204976
-83.6904533968
-84.799009199
-84.0102215301
-84.2847355146
-83.9646814309
-84.0993876653
-84.084001613
-83.9615245008
-83.9108456667
-84.1859885092
-84.0434659383
-84.033044849
-84.2403265682
-83.8856042837
-83.9595408011
-83.780359087
-83.8878295566
-84.1182702246
-84.0293508464
-84.0128929474
-84.0381859339
-84.0132796107
-84.0369746196
-83.8338410088
-83.9279225293
-84.0390314605
-84.169580472
-83.9794056243
-83.9803693975
-73.643413419
-84.2151020859
-83.9779897759
-84.0729833521
-83.5714677573
-83.8746389851
-84.0334575417
-83.8490547119
-84.1629852213
-83.8466795027
-83.960963555
-83.7839241476
-84.3553165399
-83.8358555723
-83.5498759643
-84.0459001131
-84.1942025465
-84.2177815628
-83.9362767439
-84.4077636676
-83.9566975581
-84.3815303875
-84.0679249278
-84.6054983629
-83.5348856964
-83.9867082916
-84.2908317276
-83.9254846691
-83.7126726606
-84.0904649733
-83.9309878121
-59.0087825957
-83.8572402837
-84.1807300483
-83.7769681583
-84.1449481419
-84.05618821
-84.260501208
-83.9268268632
-83.7709774863
-84.1516313067
-83.7180236804
-84.186730973
-84.0779909506
-83.6704852715
-83.8377487797
-83.8277185189
-84.1595818839
-84.1311539035
-83.6411702315
-84.1025603521
-84.189295153
-84.1875469952
-83.7211358066
-84.0021196669
-83.4255188292
-84.3615231858
-84.0799619734
-83.6218196962
-84.1029913741
-84.0502136814
-84.1184017703
-58.266233355
-83.6760552075
-83.6913730768
-83.7434663567
-84.113239889
-83.9385127977
-83.4013183948
-83.8694127415
-84.190565569
-84.3351083261
-84.2340477713
-84.2549414082
-84.1570677588
-83.8849468348
-83.6637954306
-84.2153515075
-84.1208095653
-83.8947882639
-83.8645922756
-83.6333712916
-82.9152153796
-83.580018553
-83.7755018689
-84.1376121447
-84.2084637982
-84.0357558023
-84.110221993
-84.0391085958
-84.1523869834
-84.5414323711
-84.4594214991
-84.4416025712
-84.2566029358
-84.0880969658
-84.0821894665
-83.7254564287
-83.9997967445
-83.8753581679
-84.0048805501
-84.0026406126
-84.0574359587
-83.7223571872
-83.8935075919
-84.2067826097
-83.7729341146
-84.0788319683
-83.7227446353
-84.0427868155
-84.0563154194
-84.1835072701
-84.0369243442
-83.896581279
-66.2183718371
-84.2178377672
-83.7500716702
-83.8388559835
-83.8855744903
-84.195572914
-84.0714531246
-84.4201223155
-84.3000238251
-84.075829737
-84.2068832922
-84.137080494
-83.6612983709
-83.8057023345
-83.9359966526
-83.8614415596
-84.2058460576
-83.6945652504
-84.1072551085
-83.974126548
-84.0457868043
-84.0020301137
-83.9544422952
-84.1291275416
-84.0511412998
-84.3863204232
-83.7985615676
-84.1463656041
-83.7633251712
-84.1391283234
-84.0307122958
-64.2221744119
-83.8312272492
-84.0534868955
-84.129217306
-84.0535599839
-84.5285734615
-84.0618984075
-84.3833877568
-83.6640120235
-84.014833308
-84.3101059854
-84.3513149258
-84.0666392233
-83.8534087087
-83.9645877699
-83.9403947992
-84.0996028573
-83.8611498785
-84.1262942155
-83.9675714911
-84.1700264839
-84.2487771138
-83.8295618698
-84.1301639001
-83.5216717178
-84.1408969864
-83.9367723219
-83.7949474109
-84.3021972046
-84.0887187743
-83.7779157992
-58.9190845298
-83.9381615672
-84.298155609
-84.341510228
-83.9947942907
-83.8665615904
-83.9409519374
-83.9844367231
-83.6109515788
-83.7024951063
-83.458353231
-84.2253475259
-84.176958915
-84.0374916496
-83.7469251659
-83.6070140117
-84.0891820797
-84.0715760134
-84.2395166441
-83.6139598613
-83.7299740148
-84.0584743287
-83.9167053802
-83.9435952269
-84.2182977432
-83.9108320737
-83.9331942212
-84.072306258
-83.6525793575
-83.91749815
-83.9092435414
-56.789566959
-84.059743904
-84.0305386806
-84.3517513651
-83.7392976342
-84.2773316141
-84.0187163146
-83.1860652091
-84.0275499867
-83.9359131744
-83.2652071035
-83.9049176129
-84.5239752667
-84.2470547594
-83.9684709904
-84.2845879728
-83.9681048599
-83.3842240565
-84.1266459259
-84.0925738974
-83.6425232658
-83.7872634981
-83.8336659973
-84.1411964955
-84.0095670411
-83.9477078541
-84.0301083857
-83.8718653595
-83.963674595
-84.1984810633
-84.1318303942
-56.3899127855
-83.7733544496
-84.2447862212
-84.1347826639
-83.8985422997
-84.1132912813
-83.7925788225
-83.7672028634
-83.708008664
-83.565292937
-83.7570608108
-83.9341667966
-83.8423158521
-83.8028872986
-83.953046713
-83.6519750929
-83.9505169931
-84.0611037622
-83.9125098704
-83.806307314
-83.7997089925
-84.015454414
-84.0679630531
-83.6611904064
-83.7188161488
-84.2969101844
-83.9727529245
-83.9857151331
-83.7043951223
-83.5312701305
-83.3472903503
-64.8400807656
-83.839193403
-84.1589844956
-83.9806178592
-83.8251083177
-84.1243469344
-83.5996218514
-84.0402843049
-83.7373944378
-83.9473085732
-83.7968139422
-84.1652762799
-83.7397889638
-84.1858625636
-83.9900715294
-83.5493383695
-84.0805397542
-83.7510186213
-83.9270880312
-83.5817096985
-84.2579623418
-83.6404530025
-83.7555949894
-84.2281309863
-84.1682417102
-84.4461342875
-83.3246437535
-84.2185594671
-83.9641016895
-84.1203287309
-84.2271337616
-66.9913670201
-84.108538811
-83.8228911399
-84.1778587667
-84.2447661255
-83.4333838668
-84.3034297838
-83.9422066434
-83.9844850355
-84.1699057052
-84.2246502243
-84.1856072623
-83.8211145958
-83.9121355403
-83.9305142102
-84.3946658268
-83.6587353265
-83.6082199581
-83.8798521853
-83.5973847848
-84.2364774317
-84.4491481964
-83.807873238
-83.8788305028
-83.6380250572
-83.6198527058
-84.1656502096
-83.8239126867
-83.9962647167
-84.5259592312
-83.7186784199
-84.3151706353
-71.0720416638
-84.2187058086
-83.8991319566
-84.0922149667
-83.9990375286
-84.3367220401
-84.1261806479
-84.134864627
-84.3341283063
-83.7787663075
-83.7982452197
-84.2436139014
-84.2849916584
-83.5152178675
-83.7122818808
-84.2972650175
-83.5841231314
-82.948941347
-84.0053786444
-84.5188834518
-84.1492193831
-84.1769911062
-83.9615577716
-84.0811965143
-83.853719604
-83.8459630973
-84.1591762087
-83.7133161887
-83.9420900464
-83.6515403947
-84.1759835504
-65.4436761689
-83.7545080993
-83.8486395155
-84.0919312986
-84.1152306676
-84.169756632
-83.6888074568
-83.5789942141
-83.8996400929
-84.286158815
-83.9705014662
-84.373333171
-84.1797077398
-83.8347096123
-83.8819196891
-84.1055949816
-84.0957187331
-83.767437111
-83.3960951354
-83.8938347576
-84.0426632017
-83.5509042125
-83.3408734422
-84.0818528104
-83.7376789062
-84.166478343
-83.8910776448
-84.0346542184
-84.1370645504
-83.8537063583
-84.1384672471
-63.040572831
-83.6015388128
-84.07164647
-83.9588669964
-83.9879135928
-83.8887429064
-84.4957764703
-84.3365453218
-84.0100724196
-83.9019290575
-84.0238932479
-84.159617568
-83.8718898103
-84.1482685144
-84.3544835763
-83.8621179693
-84.1014379812
-83.6272829584
-84.2137551419
-84.4679307052
-83.8060611993
-83.8233529245
-84.2903528858
-84.1174715339
-83.7141360146
-84.2554594748
-84.1595627375
-83.6580724549
-84.1042981403
-83.8157591177
-83.6320586964
-54.5022298074
-84.1396124358
-84.1720070388
-83.991396566
-84.377696393
-84.3235128906
-83.9831415979
-84.0074735048
-83.8119104661
-84.0247375138
-83.9463978412
-84.0426392833
-83.8721541668
-83.7074313377
-84.0654522741
-84.2977106842
-83.5823149145
-84.0557720638
-84.0715180753
-84.4931736212
-84.0664656354
-84.2857164632
-84.098098121
-83.9566104969
-83.97731516
-84.1805689158
-83.9932206552
-84.237381167
-84.0779847048
-83.7929348088
-84.002731775
-55.4752946151
-83.7705067455
-84.1992284542
-84.1087085839
-83.942208502
-83.7543269471
-83.5970125794
-83.7584641061
-84.0383790856
-84.1964616806
-83.6875510778
-84.1224076358
-84.1749535911
-83.9438655235
-84.1388557441
-84.0435666557
-83.816733846
-83.8519729377
-83.8799484932
-83.6610025833
-84.2089841964
-83.8270765371
-84.0104614968
-84.3962415751
-83.6951678391
-83.7187250027
-83.961683092
-84.0017277202
-83.9353360506
-83.8881224094
-83.9613715617
-63.850500614
-84.1867413151
-84.0048904491
-83.9627236246
-84.0222211069
-83.8617375946
-83.8886948518
-84.2870615637
-84.2812456571
-84.1559991271
-84.3225740901
-84.055114509
-84.2395716514
-84.2486551609
-84.0741682512
-83.8114349432
-83.7677425048
-84.0223518748
-84.1247429251
-84.136900765
-83.7994034763
-84.0391515811
-83.8889538095
-83.9971698187
-83.8909045237
-84.2283117703
-83.967052648
-83.8543179016
-84.2078197596
-84.0948290763
-83.9739177794
-66.2576178056
-84.1625207533
-83.5213740417
-84.2479635407
-84.1022093908
-84.2932807445
-84.1375171505
-84.2245733533
-83.895397044
-83.9301439552
-84.4270814165
-83.2988027192
-83.47468468
-83.8545924867
-84.2088341635
-83.7923212783
-84.1230351825
-83.672824797
-84.3086733592
-84.0854128118
-83.9932546446
-83.7914343895
-84.1740263909
-83.7556309765
-83.7878195346
-84.0124002834
-83.4675536455
-83.6420864579
-84.0490588335
-83.8253136905
-84.3804586684
-84.2659423555
-84.0772776631
-84.1807894211
-83.6617852753
-83.849120963
-84.2138703495
-84.3964793939
-83.7112821321
-83.9738969021
-84.1100970081
-84.3762773177
-83.7192876973
-83.6735809135
-84.2058269821
-83.9500297372
-84.1368411012
-84.0374919824
-83.7799508354
-83.872848609
-83.7517352131
-84.1286474735
-84.1016922586
-83.642339461
-83.8600206882
-83.9872044122
-83.8311866087
-84.1258238447
-84.2256719168
-83.440625953
-83.8475278385
-83.9992337727
-83.948142833
-60.3919862082
-83.81000592
-83.3847016513
-83.7969797201
-84.2554084182
-83.8586972572
-83.8922754973
-83.876277469
-84.2264086066
-83.7945257857
-83.942070782
-83.9388727018
-84.0697910112
-83.9979754012
-84.131092692
-84.2616286163
-83.7595612938
-84.262520337
-83.5197631834
-83.8473065745
-84.0038295181
-84.0145170945
-83.6667072449
-84.1670697903
-84.1964667899
-84.0365575423
-83.761688785
-84.2087483403
-84.0217727768
-83.9180309468
-83.5725251608
-60.5809268115
-84.3090026239
-84.0561891898
-83.7897042727
-83.834471829
-83.6048755831
-83.4187623781
-84.0450088444
-84.0128342268
-84.2025731739
-83.531264258
-84.2132836387
-83.9066867273
-83.9206978455
-83.7657500005
-83.9505358208
-84.1051468707
-84.136148377
-84.2341391666
-83.5826011441
-83.9652380094
-84.1255788678
-83.9632623817
-83.6542882902
-84.0415778412
-84.2120661148
-83.5659410119
-83.7217579195
-84.1323522786
-83.8479233403
-84.1204378516
-51.2240603438
-83.9627342542
-84.4088788998
-84.1147913008
-84.1765605103
-84.0502996172
-84.3389002206
-84.3310425663
-83.8366840394
-83.6205915322
-83.8823809145
-84.1038493387
-83.9819455296
-83.7052423267
-83.843910967
-83.7370206404
-84.374971513
-83.7742332607
-83.9084434158
-84.3294792031
-84.3955596177
-84.2693417677
-83.9942334187
-84.1102800035
-84.0595214258
-84.2133379507
-83.9234609076
-83.8424947339
-84.0237749358
-83.3471226206
-83.9431230944
-52.6349756074
-83.9810973228
-84.125889779
-83.7550773031
-84.1016526287
-83.929276851
-83.9022139733
-83.9539926638
-83.7827326889
-84.2126602127
-84.3063273468
-83.882720316
-83.8004062623
-83.7942212936
-84.3439908467
-83.7687115816
-84.1092824628
-84.2740003385
-83.5992246974
-83.9069009617
-84.4533926598
-83.5504147277
-83.92347239
-83.9695966444
-84.1905489002
-83.7792716269
-83.6717115113
-83.9154500333
-83.6372049158
-83.7036912306
-83.8314333632
-56.2299271644
-84.0308806109
-84.1771504394
-83.9544551644
-83.7108828172
-83.4610469405
-83.9848992254
-84.2477344895
-84.151232876
-84.3293065477
-83.9926807328
-83.6147259663
-83.8052668486
-83.9825906919
-83.8997452331
-83.8947587665
-84.3517241925
-84.0000200357
-83.9273950705
-83.989707376
-84.3116674786
-83.8434353202
-83.7578157594
-84.1418896591
-84.0533191679
-83.9518017206
-83.5825645518
-84.1353033038
-83.8459390013
-84.3794823203
-83.8172864351
-61.9922347618
-83.8789910352
-83.411526764
-84.0932424159
-84.0896940437
-84.2691953093
-84.6049302276
-84.0558129945
-83.7742160684
-83.9010968885
-83.9184054096
-83.7844050209
-83.9984157988
-83.9223661078
-83.9701998443
-84.0672949297
-84.1060561906
-83.9629280722
-84.0358978824
-83.8436667806
-84.4208701018
-84.1879030367
-83.7006115979
-84.0148065013
-84.0932276204
-83.9464595732
-84.447178349
-83.9411620594
-83.933765803
-83.9061242251
-83.7344115561
-67.3840633468
-84.4923179757
-84.1348887587
-83.715546957
-83.9642837629
-83.792372497
-84.0351139792
-84.2637884526
-83.9496566607
-83.638165494
-83.8403007841
-83.8617776968
-83.948269023
-83.7352830065
-84.1481580371
-83.9946561649
-84.1984463398
-84.0155741013
-83.7962240631
-84.2543803306
-83.8864821583
-84.2903425263
-84.2379604745
-84.1994673993
-83.7431512749
-83.4836456727
-84.0488641212
-84.012744163
-84.008190769
-83.391662532
-84.2283568254
-84.0221437584
-75.1553751011
-83.7019495731
-84.1199367217
-83.9569007822
-83.8929042749
-84.1291308854
-83.7940182202
-83.847926281
-84.3819228676
-84.0213337629
-84.3138001351
-84.0180726668
-83.7801692535
-83.957658704
-84.2722979791
-84.4252281644
-84.1745604204
-83.8535146833
-84.3870759524
-84.1933441722
-83.9666977607
-84.0743060726
-84.0324810618
-83.6463520484
-83.7061544079
-84.3086507269
-83.8148101929
-84.2162208558
-84.1434320052
-83.9104859106
-83.867617691
-65.1043647597
-84.3973817109
-83.3483046416
-83.8254874794
-84.0465234823
-83.8822018624
-83.8423701777
-84.133102067
-84.1770213664
-83.7418036145
-84.2776585535
-84.3139752256
-83.8631911046
-83.9398684753
-83.8019821222
-84.2556706137
-84.1405152936
-84.1465584701
-84.1244351441
-84.0956266491
-84.2068887301
-83.7091736828
-83.8396927321
-84.0234702934
-84.2564489148
-83.5987023496
-83.8427955666
-84.0773621183
-83.5424239482
-84.1903647719
-83.6345015784
-51.9542274632
-84.200351888
-84.2748394811
-83.9950647604
-84.0010876929
-83.7303073475
-84.2156920553
-83.8236271678
-84.3167295194
-83.5996423044
-84.257349347
-83.9725425038
-83.8079657378
-83.9677478852
-83.9587955553
-84.0588092158
-83.8653781206
-83.9390936764
-83.8224437497
-84.178540652
-83.7549349473
-83.3182151328
-83.9482181274
-83.7028615302
-84.1711523019
-83.9222967024
-83.5816085272
-83.8308307844
-83.7790781198
-84.1084581587
-84.2772319553
-52.1531263559
-84.3570636153
-83.7021863581
-83.8565892676
-84.1230551439
-83.7269551746
-84.1742779125
-84.2706015212
-83.8715874059
-84.0969644088
-83.4442650082
-83.8244730649
-84.5138671081
-84.1461654982
-83.9382670316
-84.0645060557
-84.1119992882
-84.0213799964
-84.2731750865
-83.836633727
-84.2599966369
-83.9802172094
-83.8676699129
-83.9650284292
-84.2286560715
-83.8241021026
-84.1369925539
-84.1000679261
-84.0252043275
-84.0369459119
-84.2604929625
-52.071119422
-83.837283062
-83.9643851188
-84.0668319923
-83.7792893226
-84.0571783662
-83.9768863657
-84.0289319558
-83.9681571226
-83.9531331811
-83.9278525735
-84.0020641985
-83.848282427
-83.7948630274
-84.0439598756
-83.9800894298
-83.7223357264
-83.9133348946
-84.0535487399
-83.6529264146
-84.0953813368
-84.1361239054
-84.2062619477
-84.1168277775
-84.3722632301
-83.7083684681
-83.6033936414
-83.7017639172
-84.1909232915
-83.6969144636
-84.2641301087
-57.5551385656
-84.2223637055
-83.99795408
-83.8732084441
-84.0395389091
-83.82290732
-84.0137038757
-84.3284419746
-83.6252046423
-83.859700153
-83.8306963035
-83.8956123844
-84.3077895214
-84.1312016556
-83.9216562748
-84.2172426738
-84.1117379185
-83.9706152707
-84.1687463945
-84.176934129
-83.8856927228
-84.2497270929
-84.2436142006
-83.913622241
-83.9226223039
-84.1373982568
-84.1431499754
-83.5621618032
-84.3459454149
-83.7588439974
-83.739263012
-58.7074406556
-84.2915470455
-84.0293665006
-83.6400271694
-84.1842954747
-83.7828741873
-83.8635694143
-83.9214871214
-83.7138291671
-83.8827311265
-83.667201083
-83.6985063483
-83.857599824
-83.8154716844
-83.7484606223
-83.592379481
-83.7975490943
-83.3084823337
-83.7288693588
-83.5499756194
-83.8284146138
-83.8894248921
-84.0822713402
-84.3002578302
-84.0736811336
-84.4038830556
-83.6326100175
-83.8207902284
-83.8198849091
-84.1625174222
-84.32513797
-83.8581465962
-83.1242897833
-83.9957396657
-83.6227649162
-83.8746952735
-84.066208137
-84.0335540201
-83.9560514426
-84.4874715783
-83.9164853584
-84.492496433
-84.118325879
-84.2427813672
-83.9580074519
-83.8453627369
-84.2511947426
-83.9084043448
-84.1050386558
-84.0860920735
-83.9047685532
-83.7530736007
-84.2977741346
-84.3436478565
-84.2984501462
-84.1338434716
-84.0178525838
-83.9144166654
-84.1283256482
-83.991691893
-83.9183307142
-83.7831587757
-83.4190605334
-82.9894369145
-83.9137396571
-83.6134969269
-84.4361709248
-83.990093651
-84.0982309306
-84.3136098143
-83.3811442259
-84.1509795307
-84.0301394742
-83.7593583423
-83.8098806932
-84.0632570545
-83.9482195854
-83.9256497189
-83.6509385682
-84.3404532614
-83.9283868677
-83.8349227451
-84.1209914273
-83.9497038491
-83.8967949355
-84.2104851953
-83.762087482
-83.7445401776
-84.1144469246
-84.2813525263
-83.9184344811
-83.8127136586
-84.1083122516
-84.3784128183
-79.8632021368
-84.0014910663
-83.6789287967
-83.6071206158
-83.8724345543
-83.9322077766
-83.7583404617
-84.034386994
-82.9015998672
-83.8571147712
-83.5095378344
-83.7843177149
-83.1370206847
-83.8890926952
-83.9333142612
-84.0319830876
-84.1787819738
-84.0622945541
-84.094532221
-84.0506452789
-84.2234291507
-84.0614495891
-84.0253030282
-84.3549264692
-84.2935908942
-84.2799496463
-83.6225496683
-84.002880553
-84.203890984
-83.8079352945
-84.0136645024
-56.5756771827
-83.8099091654
-84.2442610328
-83.8398328096
-83.9396489117
-83.8938198467
-83.7447885442
-83.9842654061
-84.5013627455
-83.5970285628
-83.8362706176
-84.2611404692
-83.8865214796
-83.9232242318
-84.4957059149
-84.072123458
-84.2165841624
-84.0046566303
-83.4867577576
-83.552023089
-83.6812751476
-83.8036569389
-84.2657649498
-84.1464612798
-84.2713593077
-84.1660991502
-83.9598217033
-83.4859146997
-83.6750774907
-83.757165041
-84.2041600661
-54.9213153283
-84.0648173118
-84.0338499091
-55.1261374175
-83.8285516676
-84.2483291813
-84.0233064232
-84.3631365071
-84.1619335463
-84.1822040941
-83.8092511492
-83.840920252
-83.9027348944
-84.3087121944
-83.5803040826
-84.0111468518
-83.6430035213
-84.4707767017
-83.7883116894
-83.7473084685
-84.169490492
-83.9003762159
-83.6874472358
-83.8128956898
-83.8581812988
-84.2866420615
-84.1807531604
-83.59087691
-84.2051742468
-84.0708804732
-84.2052961077
-83.874387048
-83.7999925149
-84.2411216835
-84.2944401012
-83.6691706953
-84.3174715054
-84.293792078
-84.2670424895
-84.060857757
-84.0718747933
-83.6829835662
-83.8540259219
-83.9772668743
-84.0061833876
-84.1180266111
-84.3390213537
-84.1288634876
-83.9996764774
-83.9381353626
-84.4235185269
-84.0731653129
-84.112174191
-84.0166595409
-84.3602067962
-77.3869737987
-83.7584665564
-83.3861271366
-83.8542462375
-84.2479986118
-84.0960778897
-84.0984679875
-84.1833041601
-84.2082054368
-83.3934564481
-84.1228731528
-84.0872758595
-83.9486055634
-83.666003426
-83.8584065272
-84.0088466606
-83.7813087294
-84.0480423974
-84.1059684261
-83.5757634238
-83.8541004368
-84.1375308627
-83.6982795933
-84.0702708344
-84.0985171547
-84.2087810506
-83.3508903568
-83.8578026265
-83.866751125
-83.7540532457
-84.1776468881
-83.5620235059
-83.8974092637
-83.7150207413
-83.9047302193
-84.0395015024
-84.0304818661
-83.5827291329
-83.8812917247
-84.0231928076
-84.2540530118
-84.2774939347
-84.0484102188
-83.9086665927
-83.6642811609
-84.0239088515
-83.6730437812
-83.3623051033
-83.8699265561
-84.1009399151
-83.7960820261
-83.9240896695
-84.3374747016
-83.9822729382
-84.0327916756
-83.5774135552
-83.4687280525
-84.1595217089
-83.8803202773
-84.0263083731
-83.7355745616
-83.9768004103
-84.1889247524
-78.0684569982
-84.3781564061
-83.7739771625
-83.8470985666
-83.7529972001
-83.5830607252
-84.0192564599
-84.1564739518
-84.2731186266
-83.7356795919
-83.825369148
-84.1839835732
-83.7502220714
-83.3717769876
-84.240064601
-84.3588375008
-84.4346640577
-83.9123817056
-84.0063357168
-83.856525739
-83.3314682929
-83.8309257413
-84.0315971779
-83.7174178231
-84.1063847655
-83.9213522922
-84.0890171491
-83.7412438994
-83.9555884779
-83.9753330998
-83.9195160416
-53.8516419014
-83.2596549696
-83.7479582833
-84.2120705037
-84.1178972607
-83.6128586653
-84.2058051881
-83.6842128145
-83.8223135269
-83.9905553551
-84.1088239622
-83.9017324706
-83.872963045
-84.1618322893
-83.7261009023
-83.6090303416
-83.8289643895
-84.4848933959
-84.2849125083
-83.8723989549
-84.1295012443
-84.0431899895
-83.7166378624
-83.9924139437
-84.1242553536
-83.8859785068
-84.062687423
-83.9536755897
-83.7398992443
-84.200532863
-83.5441741547
-52.5960218105
-83.4851662149
-83.9703817533
-84.0751786021
-84.3048531497
-84.1221093856
-83.8809682993
-84.1867636532
-84.2034552033
-84.0184143867
-84.0478242571
-84.0615833639
-84.2323241048
-84.2134219465
-84.3246629223
-84.0160012275
-83.8223875599
-84.1337387666
-84.0290824606
-83.8984246256
-84.2883899134
-83.9900488576
-84.0773909106
-83.659364314
-84.0172231139
-83.7999971874
-84.0909025395
-84.4140942979
-83.6263196998
-83.4501254116
-83.7751403303
-52.6294409466
-84.3698277462
-84.1869606772
-84.1764750145
-84.0940057182
-83.7874450439
-84.3915395024
-83.9379045586
-84.0031247243
-84.3115540477
-83.747243802
-83.5443357468
-84.1666113937
-83.9993494927
-84.3053817106
-84.2711579924
-84.0258876505
-84.1097923998
-83.8397729119
-83.6331244096
-84.1893286142
-83.3245025968
-84.1130733582
-84.3187870719
-83.6514315457
-83.8987835703
-84.0338156129
-83.9822583854
-84.4447380584
-84.2759964197
-84.2973499514
-53.779957287
-83.9940210496
-84.0796289009
-83.5638956198
-83.7697913977
-83.4887172135
-84.0898134857
-84.0350475207
-83.7814622039
-83.9920080973
-83.6912316851
-83.7630903941
-83.597872114
-84.1713571412
-83.825842299
-84.0865378582
-84.0654202324
-84.224668978
-83.9400587982
-84.12568825
-83.6966122754
-84.054418964
-83.8956655303
-84.148083723
-83.7595995846
-83.7425368443
-83.6907821666
-84.0792217447
-84.0751024521
-84.1091632722
-84.1568086746
-55.5121532734
-84.0421840014
-84.0963043267
-83.7071644731
-83.7440608138
-83.9643911862
-83.8922064153
-84.1969122691
-84.2300684984
-84.0797854541
-84.0172754624
-84.1866009278
-84.2208206071
-84.2115551111
-84.0020819243
-84.1645008645
-84.0769619214
-83.74647712
-84.1403592627
-84.2334438086
-84.0014721987
-83.9216276625
-84.2044947899
-83.7603574998
-84.2267381825
-84.0895713318
-83.9279854295
-83.8276742237
-83.5674643835
-84.3732373768
-83.9965030564
-82.1148359742
-83.874752069
-83.8734229662
-83.8850228274
-84.0079433582
-84.3685598434
-84.0244425862
-83.8850765148
-83.9882997076
-84.0242573068
-84.0707412525
-84.3227027636
-83.905052144
-83.9101781355
-83.7770521204
-84.0083362264
-84.0833985334
-83.8485798352
-83.8624533295
-84.1054142903
-83.9792579002
-83.9464038086
-84.2460420737
-84.0514607645
-84.0386064497
-84.1573918756
-84.4867736167
-84.2868769954
-84.0333041007
-84.2454429605
-83.8802209988
-83.4847732251
-79.5079311646
-83.7925436125
-84.038855206
-84.004487475
-83.8943027935
-84.1690701551
-84.2890614953
-83.7157436377
-84.3875096397
-83.750316965
-83.8499452851
-83.9809987133
-84.1669522607
-83.8592304758
-83.9101278455
-83.7769792117
-84.2778421869
-83.7357834992
-83.8909276769
-83.8209223076
-84.0426821444
-83.9775857043
-83.8244024451
-83.8821605625
-84.1688989398
-84.0526147408
-84.1783666211
-83.8901793285
-83.8749544664
-83.6817310425
-84.292079571
-55.342058684
-83.5083731676
-83.9207459222
-84.1056026473
-84.1494500875
-84.2148464454
-83.842868102
-83.4141388988
-84.3051425419
-83.5880936414
-84.3505378593
-84.1572608487
-84.0636381259
-83.8240208401
-84.2170525509
-84.3701828872
-83.999145327
-84.1229182126
-83.8965748234
-83.8438949965
-84.0740223076
-84.0466476012
-83.8617116462
-84.2879371553
-83.7830953957
-83.8416208336
-83.8682703814
-84.1302215053
-84.3252311034
-84.0129159838
-84.0382526063
-54.1643032723
-83.6468376252
-83.9044238726
-83.7833098529
-83.8872335382
-84.1376146514
-84.1542763433
-83.4516228827
-84.2115886383
-83.94040331
-84.0242347533
-84.0529488761
-84.1171431518
-83.8331759442
-84.2475276795
-84.2576712771
-84.244418595
-84.1029557821
-83.9625317153
-84.1033104658
-83.8415172128
-84.0588509167
-84.457194101
-83.6214157082
-84.0487030112
-83.8243087079
-84.0216642816
-84.3807772666
-83.9047165859
-84.162537942
-83.9734278756
-53.788475936
-83.5480409555
-84.3895605948
-84.1924793076
-83.761259383
-83.8579059776
-83.9890426061
-84.1683463916
-83.9820541945
-84.2241006782
-83.8820007063
-83.9156837253
-83.7771495433
-84.2662309467
-84.2098023874
-84.0204315914
-84.123814254
-84.4721699046
-84.1928739674
-83.828327643
-83.8602917279
-83.9005786252
-83.8428755638
-84.2455052799
-83.9477787401
-83.767357215
-83.8361475272
-84.2465778023
-84.5404466112
-84.0618650058
-84.258809897
-55.053980269
-83.9166581392
-83.9765482899
-83.8292937825
-84.1612054892
-83.7660463951
-84.2431389103
-84.1103434088
-83.7552252202
-84.003581772
-84.0047276496
-83.7496477672
-83.8850643546
-84.0504215767
-84.003100447
-84.1748159366
-83.9401829423
-84.0693650642
-83.8264970065
-83.5893568895
-83.8525981694
-84.1370242629
-83.967181923
-84.2276813259
-84.1171552331
-83.0512577261
-83.8858515104
-83.8065585195
-84.3100698775
-83.3362105409
-83.8738268045
-57.3030348016
-84.0237926512
-84.0755725142
-83.9562217189
-84.1218333107
-83.7678486827
-83.6282711891
-84.5265695952
-84.1272025115
-83.8424955722
-83.7513803632
-83.7673091329
-83.9710399522
-84.2337472931
-83.9418531184
-84.2574610214
-83.7565603167
-84.0385836401
-84.013829736
-83.9705777691
-83.8088808207
-83.710610149
-84.0923745689
-84.1002034241
-84.023441168
-83.7244894313
-83.9386181118
-84.2200165624
-83.9134452711
-83.9590576448
-84.1022289567
-82.4602304403
-84.0137471465
-84.1444201169
-83.5394992559
-84.3203851872
-84.1932696167
-84.221169851
-83.9030450971
-83.925373698
-84.0270833691
-84.1175789403
-84.0915994595
-84.2393406131
-83.850306837
-83.9559531386
-84.0600591143
-83.9198712339
-83.9008897519
-84.0941024003
-83.850546717
-83.8320803045
-83.8051855737
-83.9825998336
-84.0065842019
-84.1545321849
-84.1279861064
-83.8883569038
-84.3970163272
-83.672125169
-84.113636061
-84.1118591197
-84.2511813403
-80.1160290667
-83.9285686444
-83.4543654862
-84.2984205567
-83.9884657271
-84.1553004796
-84.2391852718
-83.7188442434
-83.9628243767
-83.9987782875
-83.9385607681
-84.1079817618
-83.613904565
-84.3838130912
-84.2356934844
-83.8977857132
-83.8940228259
-84.0138155874
-83.9239781684
-83.661422684
-84.0677885703
-84.1234471319
-83.9451234663
-83.9954562203
-83.9267870307
-84.1228855364
-83.9686274405
-83.732482945
-84.4264675042
-84.1560247796
-84.0018796553
-74.1387557441
-84.1117001312
-84.233643317
-83.7758652673
-84.0171219888
-84.4173482809
-83.780293249
-84.2511128412
-83.7645524821
-84.2356692876
-84.1482496341
-83.9341646848
-83.5741780178
-83.8230980821
-84.1806248459
-83.7158339976
-83.9433021183
-84.0928407617
-83.859975789
-84.1859041946
-84.2741391195
-84.0909512919
-84.0994664216
-83.9952044554
-84.1083976282
-84.1078600249
-83.2264914019
-83.782424029
-83.8499400258
-83.9051299826
-83.9667947712
-53.6107730794
-84.2622336144
-84.2877202217
-84.087312066
-83.5838176333
-84.0972825627
-84.2167528893
-83.6844303145
-84.2144973026
-83.8647588839
-84.2735308901
-84.2507878302
-84.1218616061
-84.1553406716
-84.3677962586
-84.0707503726
-83.7243327581
-83.6407797687
-83.9256274223
-83.5334831945
-84.3659760174
-84.2228299302
-83.9591808725
-83.9676864987
-83.7479540553
-83.9740241482
-83.9397110286
-83.6311048155
-83.6200480648
-84.2667040004
-83.9426884859
-53.4341322168
-83.6915578119
-83.8277560761
-83.7517399692
-83.7684029333
-83.9916598517
-83.645062055
-84.3332873798
-84.0053085283
-83.7637564884
-83.7652909197
-83.9865142055
-83.7662798003
-84.0961102783
-83.8496988589
-84.0539813765
-83.8640929599
-83.8735567342
-83.6839857695
-83.889039884
-83.9708717091
-83.9658180401
-83.5060346089
-84.1638087826
-84.1393059416
-83.9615853426
-84.224159568
-83.9370086733
-83.9076622253
-83.8102563467
-84.025476359
-54.3398475694
-84.2958572801
-84.058574216
-83.926116444
-83.9740658894
-83.8880970529
-83.9653898524
-83.6214488233
-83.6079244711
-83.9012340386
-84.1603262707
-83.6646728957
-84.3394307739
-83.9646428419
-84.3409048231
-83.7104500334
-83.952004852
-83.8007162861
-83.690215483
-84.0565836509
-84.1010434003
-83.9211064179
-84.0543589372
-83.9662125384
-83.5028305301
-84.1302499126
-83.7845689316
-83.8692495142
-83.9433104003
-84.0767730278
-83.7144131407
-55.336926033
-84.4689068797
-84.0141204732
-83.9651588296
-83.9368409333
-83.7088098568
-83.8841835441
-83.9844881719
-83.8900981964
-84.1927126924
-84.2302378194
-83.5514809311
-84.1940343645
-83.9650936855
-83.7552024147
-84.0224598614
-83.3658164184
-84.1237965624
-83.8806648022
-83.890585522
-84.1139947999
-84.1978364635
-84.3076877895
-84.2256521201
-84.0415786829
-84.4257248191
-84.2741078359
-84.3253287079
-84.2212352277
-83.8759318666
-84.201831376
-78.7284559598
-83.7353464759
-84.2848160121
-83.8700129916
-84.0998697243
-83.6131782553
-84.1554716075
-84.4042280588
-83.8863985399
-84.1764854774
-84.0661120435
-83.717220441
-83.8666282343
-84.1121225868
-84.1763441171
-84.4663992561
-83.8016884485
-84.3977147162
-83.7524089036
-83.6259652513
-83.7085807224
-84.2266733956
-84.1366727669
-83.9475918577
-84.1223558554
-84.4178937326
-84.108059604
-84.035432329
-83.864841873
-83.9904771642
-83.6590657438
-83.7754512881
-82.2861025562
-83.875049996
-83.7024751286
-84.1345098978
-84.0217848619
-84.1757692134
-83.7582570984
-83.8815923169
-84.331663721
-84.0011520346
-84.2673832159
-83.8941187662
-84.3519526612
-83.7634318284
-83.7681363015
-84.2870580087
-84.1754147706
-83.8143796571
-84.0482208387
-83.3548542188
-84.2875335922
-84.3677539034
-83.9532443906
-84.182137742
-83.8537101313
-84.2205864196
-84.108045277
-84.2668714446
-84.2015781333
-83.3418181256
-84.3790448597
-70.3590037622
-84.0822416925
-83.651537492
-84.0096950713
-83.8770071069
-83.3758203965
-83.9725579426
-84.4675942083
-84.372459386
-84.0147069474
-83.4446913923
-84.4240236061
-84.31280908
-84.00372426
-84.2638049865
-84.0804327651
-83.9908296325
-83.9395214456
-84.0805049579
-83.7775602007
-83.9433909044
-84.1732417527
-84.2378908475
-83.9832536724
-84.2684453797
-84.249797438
-83.9991901432
-84.2104657721
-84.1002475464
-84.1487202629
-83.8652110453
-53.7063659003
-84.0116304759
-84.0861426446
-84.0038760226
-84.0533781293
-83.8064674981
-83.5197762392
-83.8127396815
-84.1328792969
-83.4310381838
-83.9405769889
-83.7418082634
-83.7028278377
-83.8518712766
-83.7714568501
-84.0770268216
-83.9606107891
-84.0695662684
-84.2297198701
-84.0628270978
-84.1806592301
-84.2598785672
-83.5264142028
-84.1286583032
-83.6723401031
-84.2271221167
-83.4619389935
-84.1231655195
-83.9842172975
-83.5265766352
-84.0904691118
-51.6007879929
-83.7340216614
-83.8714653467
-83.9109709192
-83.9782471769
-84.3655203702
-84.3346599341
-83.9298005239
-84.3730480742
-84.0718398811
-83.9674017422
-84.2482226149
-83.7912425592
-84.0685660872
-84.0610715048
-84.1934662157
-83.9156773847
-84.1681574716
-83.5811696969
-83.6481655333
-83.6192999527
-84.1774801985
-84.0322196227
-83.8334959155
-84.1786140566
-83.8446066154
-84.1845110799
-84.0486817679
-83.4916924441
-83.8671039548
-83.9112643666
-56.554048434
-84.0948055199
-83.9067082221
-83.7820865168
-83.8095276309
-83.9097215457
-84.1568812815
-83.9015635147
-84.5214640113
-84.1705772799
-83.9217762189
-84.0207432289
-84.103310046
-84.0466891785
-83.8135934824
-83.7442276367
-84.3941979109
-83.5898061339
-84.0404516473
-83.7616994147
-84.0517641058
-84.0572554416
-83.4903930932
-84.2220421235
-84.1608810971
-83.7885475296
-83.5666179884
-83.8139622516
-84.1047872247
-84.0634235734
-83.4355001126
-56.9437644006
-84.1455498801
-83.8375980528
-83.5471318134
-84.0994271459
-84.5519156062
-83.8497938003
-84.1458677635
-83.6786056024
-84.3108951189
-84.0692214796
-84.066860948
-83.9263909984
-84.2395001233
-83.7362627721
-84.182370174
-83.6789648477
-84.0446323883
-83.3353906537
-83.7694606049
-84.0194475998
-83.9645550839
-84.1700240339
-83.9048102058
-84.2181993958
-84.195768681
-83.8430894846
-84.0203587244
-84.3972607966
-83.7244872783
-83.742329414
-59.8567508216
-84.1487898544
-83.9062600019
-84.1316103295
-84.3232431317
-84.1013185419
-84.0665922442
-84.1478867542
-84.0332777523
-84.3734537543
-84.0318174519
-83.6922275754
-83.9030302611
-83.8268068149
-84.6012263365
-84.0727360807
-84.0065814685
-84.0532358817
-84.4448850044
-83.9126465326
-84.1751452361
-83.8439044293
-83.8055975997
-84.2390449018
-84.1407821313
-83.8431942451
-83.9308503971
-84.4317603944
-84.2634832492
-83.7172142812
-84.2427669205
-83.6128127365
-83.8892332905
-84.0002167046
-83.8454927461
-84.0887207679
-83.853337978
-83.6524998827
-83.8748902702
-83.5878153482
-83.9011609289
-83.6395337134
-84.083016892
-84.3328057439
-83.8696716727
-83.9745290811
-83.9772658804
-83.5618685873
-84.3284668866
-84.1185108662
-83.8546031623
-84.1747321545
-83.9969603859
-83.9654095044
-84.1532240904
-84.4308599353
-83.8347542524
-84.0108313359
-83.921922846
-84.4772115696
-84.101681832
-84.2793826158
-84.1279882626
-83.9801449152
-83.9794475101
-83.9752644132
-84.1082855869
-83.4537935463
-83.905515643
-84.3663521093
-84.1667724802
-84.0072343581
-84.0069804488
-83.792427655
-83.9663580087
-83.7218665402
-84.3946051334
-84.0484430473
-83.6888644221
-84.4044042681
-84.3129699591
-83.5786110651
-83.9108178013
-84.3688802334
-84.4450497711
-83.6880657371
-84.0409929076
-84.2596732675
-83.9689373637
-84.3034908474
-83.7422912339
-83.9921221439
-84.1719781135
-83.9907241794
-83.3749697987
-83.8134075817
-84.021319942
-84.3462489978
-84.3598933256
-84.1954447374
-83.8721039036
-83.8140531164
-84.0655883091
-84.0220872848
-83.9358922708
-84.2466864364
-83.5973217631
-84.0106146216
-84.1537326815
-83.9989744138
-83.9308146902
-83.6434442744
-83.7795146079
-84.2531909741
-84.0968990863
-84.5064366091
-83.6327675273
-84.0373629585
-83.8300400448
-83.9258449413
-84.0442168009
-84.2288449823
-84.4478777188
-84.2578864651
-84.4908105225
-84.007381815
-83.7517847402
-83.7814833247
-84.4214240041
-83.7800328458
-84.1042484536
-84.3082428707
-84.2848297649
-84.5530887951
-84.1481314692
-84.1034377212
-84.1992354232
-84.492748553
-83.694270411
-83.9379233348
-84.4007328401
-84.1994633834
-83.8763397239
-84.0213685878
-83.8613954121
-83.9688232605
-84.0429914178
-83.895726836
-84.5428711973
-84.0733644509
-84.4186114071
-84.0263803604
-84.1368723908
-84.2067756917
-83.9347870841
-83.8375962147
-83.1820547701
-83.9007157571
-84.1027385626
-84.1708731949
-84.0998097279
-84.0886756095
-84.218534918
-83.9139384486
-84.0865586715
-83.9708531637
-84.1039859189
-84.0720815597
-84.2130580383
-83.4601194426
-84.1932320142
-84.1466174331
-84.1540996633
-83.794394178
-83.9715493466
-83.752858451
-83.849958238
-83.8909272371
-84.1715263629
-84.0452743144
-84.1823408562
-83.6701117266
-83.7319990676
-83.6981924536
-84.4299250723
-84.246657678
-84.1183528184
-83.4987363645
-83.80751932
-84.1051032352
-84.1641910916
-83.9062987495
-83.8331952669
-84.1085072543
-84.1637034834
-83.9126133378
-84.2088006625
-83.5225545211
-84.1285467153
-84.2118770384
-84.4636999536
-83.5812700114
-83.7632328144
-84.0671278757
-84.1923234133
-84.1123259441
-84.2203450916
-84.0381737959
-84.521609743
-84.2417235405
-84.0979944202
-83.4621089469
-84.3059318325
-83.8514056574
-83.8333631951
-84.0995658754
-84.0436247788
-83.9659957003
-84.0649805175
-84.1247233887
-83.520872187
-84.023342169
-83.4091399612
-84.2883673428
-84.0046914932
-84.1698101519
-84.1239698575
-84.0823705086
