-83.7311273808
-84.0796177773
-84.3499640586
-84.2647656613
-84.2658225626
-83.5133716497
-84.1652266841
-84.2725807052
-84.2562540164
-84.5170420423
-84.1198378463
-84.1146917118
-84.3939395987
-83.5525073784
-84.6177161153
-84.4173121593
-83.782996943
-84.3865690332
-84.1324888497
-84.0293907867
-84.0715293673
-84.1272154779
-84.2810196126
-84.5209170412
-84.1515318311
-84.1521543501
-84.0515976893
-84.1288244134
-84.3568027304
-83.9784272224
-84.2288537895
-84.3295939827
-83.8962156026
-84.2438144613
-83.8441125953
-83.7306223733
-84.3310897079
-84.1355723671
-84.3699053418
-84.0516452955
-83.9134017812
-84.1221216808
-83.547951365
-84.383158702
-84.0268873927
-83.8349580589
-84.1034475995
-84.3126086025
-84.0731379163
-83.8427773471
-84.1760742305
-84.1891025272
-84.3064780696
-83.8415119117
-83.8836128559
-84.3952888492
-83.9562310911
-84.2198176907
-83.7186439786
-84.1075797024
-84.2345166203
-84.2215683592
-83.9241795159
-84.0552075496
-83.9007577738
-83.8403054066
-84.1296617101
-83.7886211539
-84.2771315864
-84.5096482731
-84.0955837214
-83.1208280269
-83.6731511991
-84.2335240736
-84.2393380425
-84.3234437605
-83.7772097702
-84.1226543816
-83.9282797913
-84.1854405511
-84.2007226184
-84.5399309796
-84.2373453111
-84.218499406
-84.3350271908
-84.2087517113
-84.2236994028
-84.2130947564
-84.1411445981
-84.3863470029
-84.3858781752
-84.2378698232
-84.2911902566
-84.0536392789
-84.1266560074
-84.0704945131
-84.3458391569
-84.2238829396
-83.9447348331
-83.6599766533
-83.8570684808
-84.04896005
-83.9717787386
-83.8297647909
-84.2017374515
-84.1824656764
-84.4222286345
-83.4393002455
-83.865365843
-84.3357277989
-84.3002443936
-83.8330009896
-84.0619830173
-84.239787347
-83.8291322297
-83.9336041275
-84.5327736041
-84.070053938
-83.9327544783
-84.3034228396
-84.265094266
-84.1465686901
-84.060207875
-83.7388138433
-84.3465855842
-83.9493267963
-84.0894237686
-84.184657616
-83.8662178224
-83.8656181219
-83.8166238654
-83.9306769348
-84.3426621076
-84.3471199708
-83.9573099752
-84.1083876896
-84.090815644
-83.9711147612
-83.7027257436
-83.5520698552
-84.1221837455
-84.0532742341
-84.3487287654
-84.2332915522
-84.1460520544
-84.2321560319
-83.6683951276
-84.1703755921
-84.4518443898
-83.3656363889
-84.2535825993
-83.6318551242
-83.8585386533
-83.7686652572
-84.1886211506
-84.298573953
-83.8021116527
-84.1684056999
-84.0391802191
-83.9032129681
-84.2135491971
-83.639316151
-84.0685889858
-84.4948843313
-84.1658995014
-83.6956112666
-84.2395904241
-84.3919647676
-84.3415788702
-84.3131883983
-84.1474676888
-84.1702245955
-83.7611248614
-84.1884851619
-84.4033604682
-84.0173953992
-84.1870642679
-84.0434743121
-84.4957955383
-83.9698840091
-83.8314314932
-84.2661313403
-84.0877950815
-84.3546744251
-83.6805607103
-84.1443762205
-83.8934965471
-84.2320152335
-84.2992427207
-84.2028684176
-83.7983315942
-83.8511465109
-84.0061541302
-84.3270327751
-84.2395312853
-84.1803619883
-84.2073957234
-84.5070276333
-84.1832917411
-83.9864990305
-83.853232131
-84.1307988187
-84.2598799449
-83.8612864977
-83.7606529999
-84.4369940159
-84.1729357123
-83.8470677213
-83.7693906131
-84.1375737984
-83.9792151115
-83.9714706104
-84.4111083774
-84.3846005357
-83.8551462977
-84.1345720991
-83.7677626496
-83.5290147171
-84.2475777957
-84.1394649996
-84.6076885584
-84.2709087986
-84.4920729274
-84.541006002
-84.4306135957
-83.5636571095
-84.1599695814
-84.2105474911
-84.0338265969
-83.9664612159
-84.5019080897
-84.252510933
-83.7943164627
-84.2351905152
-84.1541396234
-84.5627910709
-84.046838501
-83.870896689
-84.3266092822
-83.6733531045
-84.2281779691
-84.1463273379
-83.7899073909
-83.9603954333
-83.9029306127
-84.2141447326
-84.0675235752
-83.9549906441
-83.731130149
-84.1947428265
-83.671759055
-84.3621849833
-83.7055002877
-84.46040666
-83.7338101436
-84.1587888037
-84.2102049518
-84.4889281901
-84.5972083029
-84.0392239608
-84.1022531971
-84.1608519979
-83.8092583631
-84.0965606873
-84.4427454772
-83.6480339795
-83.6417553717
-84.1468765459
-83.8506391265
-83.7232967436
-84.0137622284
-83.5622587205
-84.5272786189
-83.8876205661
-84.1226598064
-84.6671958782
-84.4038801798
-84.218808986
-83.6741025266
-84.251664916
-84.0195146497
-83.859114737
-84.0182439827
-84.1420953416
-84.3390095023
-84.1970757807
-84.272617888
-84.030032766
-84.4218073154
-84.3695601091
-84.4888498502
-84.3761034753
-84.2191925871
-84.1011653629
-84.0773734986
-83.7721936545
-83.775828213
-84.245303505
-84.2948125877
-83.9667695215
-84.2453026652
-84.1404224479
-83.7890461888
-84.3406692008
-84.0339556134
-84.1473297868
-84.1368560465
-83.736647477
-83.8738271294
-83.7577327059
-83.7201579365
-84.1057958053
-84.1341455106
-84.1389112354
-84.0034804139
-84.175356134
-84.4550058304
-84.2032707363
-83.908713327
-84.6024480794
-84.3670185541
-84.2667164109
-84.1425703878
-84.5525547038
-83.894055769
-83.9620797046
-83.9187952593
-83.7220229534
-83.7430954973
-83.7793979711
-57.3603197712
-84.1015166674
-83.9297258896
-84.0546434572
-84.052420923
-83.7302032322
-83.5593318556
-83.912008631
-84.1452450219
-83.6034706515
-84.2707163686
-84.1361783894
-83.391346475
-83.944622884
-83.6770292493
-84.2854518366
-84.4051438395
-84.2406634654
-84.5342604153
-84.1716925765
-84.2738697495
-83.9823829587
-84.2140743562
-84.0559605976
-83.8487334051
-83.8946374366
-83.9605360905
-84.0650764995
-83.9507608037
-84.1734147533
-83.9575026895
-58.2873528003
-84.0812493756
-84.1594753377
-83.2759733654
-84.212197338
-83.5291461157
-84.19378626
-83.8845351193
-84.4067257319
-84.2716757079
-83.0429914986
-84.0356336511
-83.9529099164
-84.1158446567
-83.9673140048
-84.037881271
-83.6853681265
-83.8603646704
-84.5011822801
-84.3314041802
-83.8821159061
-84.0410749934
-84.2570352356
-84.2899325208
-84.1126982486
-84.3158685864
-83.8985571964
-84.4517119466
-84.1429449459
-83.7354039383
-83.9824494441
-75.3214283072
-83.6566914916
-84.0609741128
-84.1120312343
-83.9217869473
-83.5980489588
-83.4509184693
-83.9309506419
-84.2518719374
-84.2644042446
-84.133409583
-84.3499337322
-84.0689572163
-84.2967703362
-84.3600889696
-84.2527949257
-83.5823574371
-83.8600747806
-84.0547342354
-83.6025692029
-84.2146445263
-84.2631350697
-84.4236012869
-83.948399858
-84.122864747
-83.9907986685
-83.9753630133
-83.5688723793
-83.8031963959
-84.0137907032
-83.8160962944
-80.1962490462
-83.7056473506
-84.2148194752
-84.3439191112
-84.2517549196
-84.4186083533
-84.3299102602
-84.118906041
-84.1948803484
-84.2179257203
-84.2495755412
-84.0997243695
-83.9265924173
-84.2222220058
-84.0714664819
-83.9558256448
-83.9514655512
-84.2619821245
-84.0987674186
-83.993951652
-83.847853279
-83.8299152873
-83.9955952364
-84.1421976851
-83.9781637122
-83.9546823996
-84.2134833713
-83.7862655195
-84.0335643913
-84.1645788807
-84.328791812
-84.1548651037
-62.0171161592
-84.2076346812
-84.1419551061
-84.1206666218
-83.8162898088
-83.7485254562
-83.7465249979
-83.633194789
-84.2051193335
-83.8931147433
-83.9965058654
-83.9116983178
-84.6011036967
-83.6693990331
-84.1485708751
-84.3207850934
-84.60362227
-84.1854024164
-83.6825242318
-84.1686915511
-84.2278951065
-84.0309379468
-83.3137945517
-83.8758678089
-83.9737721185
-84.2756700799
-83.8996001378
-84.0157786957
-83.5590418684
-84.1416076844
-84.1811401339
-59.0853965995
-84.1961865492
-84.2212840585
-84.0502678175
-84.2131970667
-84.1409415512
-84.0840379828
-83.9143829038
-83.9175790165
-84.1197641683
-83.9897593859
-84.1161549566
-84.0809507748
-83.9606294849
-84.0009959782
-84.096967432
-84.6226890844
-84.2744168481
-83.6144272406
-83.8461969428
-84.2542977768
-83.9728193279
-83.8120452355
-84.0861155059
-84.2192282988
-84.3784759224
-84.2466421309
-83.5962451869
-84.1507083323
-83.9372066284
-83.6886240415
-59.2243755191
-84.2446848526
-84.2179892842
-84.3755339302
-83.933070254
-84.1295781208
-83.8104007503
-83.8445979659
-83.9062615685
-83.8677920142
-83.6237694054
-83.9907508938
-84.0392884201
-84.0901757598
-84.3995911631
-83.7392788999
-83.7499400507
-83.990642529
-84.053919465
-84.4963555077
-84.3049380711
-84.0604639896
-83.8916799827
-84.2127883791
-84.050287362
-84.4573938792
-84.1619553723
-84.2322214128
-83.7896464797
-84.2302959298
-83.9865181295
-55.3899445252
-83.8970924364
-84.0064494746
-83.8169330371
-83.9000617443
-83.9672501371
-84.2416705018
-84.3980083146
-84.4000797647
-84.4343114356
-84.2601925688
-84.191814316
-84.1809611744
-84.2994865651
-83.6944374957
-83.6197381867
-83.9940496244
-84.2373960215
-84.1465859644
-84.0749927908
-84.2704067909
-84.060566306
-84.3596889983
-84.2034020721
-84.4770547396
-84.1989634119
-83.931099884
-83.6299044465
-83.7949313157
-83.9292251407
-83.8830200553
-55.7110733202
-84.1035459611
-83.7363217854
-84.4584221643
-83.8159382645
-84.0169935168
-83.8007122705
-83.6644533589
-84.2777041661
-83.8477549037
-83.93075881
-84.2687154571
-84.0481728798
-84.1229420144
-83.8291702682
-84.2158814342
-84.0895305883
-83.9930838604
-83.9968038636
-84.1218467824
-83.9583028194
-83.9022963851
-83.8608180695
-84.0916067066
-83.8816693962
-84.2967730943
-84.0892336692
-84.1027529217
-83.8735283867
-83.9197356383
-83.7918755693
-69.0234188107
-83.9006726612
-84.2045290924
-83.9836831604
-84.0072800358
-84.2194898428
-84.1934431329
-84.116186048
-84.3553661692
-83.8535812691
-83.9204963473
-84.2053177385
-83.8824025065
-84.6017450117
-84.1942267721
-83.2795271457
-84.0540987924
-84.5084457476
-84.0111480934
-83.8204324241
-83.8162231943
-84.0484607471
-83.3809115308
-84.0749945577
-84.1507528182
-83.7508943898
-84.1667566631
-84.0271218208
-84.0768443286
-83.6866404265
-84.2690889004
-74.55266182
-84.3103373536
-84.1328294553
-84.2164934718
-83.7901349638
-84.0655211208
-84.0807752629
-83.8196803057
-84.16177724
-84.1984940176
-84.2672590317
-83.5821991847
-83.7285032002
-84.0503454467
-84.1218557803
-83.8011139148
-83.9520985768
-84.0271468257
-83.9678062154
-83.5254793159
-84.0930900012
-83.9169865677
-84.4050396913
-83.8145363759
-83.9235421017
-84.1517471249
-84.2928911832
-83.9764583857
-83.5522331107
-83.8757788858
-84.0915989209
-82.9651296867
-84.253811272
-84.1799435894
-84.0505918347
-84.0778479702
-84.0503182234
-84.2479598289
-83.9006394499
-84.438543595
-84.2693345103
-84.1053060081
-84.1534165031
-83.7813569893
-83.6795429418
-83.7515234685
-84.0661020864
-84.3999747767
-83.6799139124
-83.9885800062
-84.0748371267
-84.0186433402
-84.0895143037
-84.3977741221
-84.071916395
-84.3206082301
-84.2913498218
-83.6496004235
-84.0740472034
-83.7084928242
-84.3377789325
-83.8280550831
-84.4179436875
-56.9152066938
-84.1319341003
-83.9567577728
-83.5511047298
-83.9555314139
-84.6676526827
-83.6339550979
-84.4396830671
-84.5455854986
-83.9455327952
-84.086420826
-83.8581123868
-83.5807343619
-84.1347903685
-84.1826788452
-84.3354138671
-83.8770337051
-84.2647296842
-83.9778065353
-84.2032621713
-84.011165749
-83.9668945056
-84.1296540897
-84.0181591825
-83.6517357177
-84.2817965345
-84.0500521074
-84.1474482416
-83.8366663597
-84.1432677711
-83.6860131833
-54.2618276564
-84.1015861745
-84.0128566228
-84.1090608016
-84.3298125273
-84.5415429069
-84.3223601726
-84.2388545724
-84.2270929388
-84.1456367496
-83.7282076329
-84.3663614574
-83.6500470033
-84.2502519502
-84.1431159128
-84.1042797141
-84.1506745709
-84.1000955957
-83.9904640272
-83.791540547
-83.9063059547
-84.0799593785
-84.1489929632
-84.110923117
-83.8051494978
-84.3573925297
-83.90121337
-84.0015686002
-84.4243513313
-83.8356937869
-83.7365825324
-51.9596086113
-83.7937283614
-84.1624747337
-84.1298472535
-84.0585066622
-84.184643058
-83.7806291505
-84.2344373851
-84.1761098332
-84.1602254546
-84.0614563146
-84.2107017861
-83.8693368369
-83.7397549343
-84.2271562155
-83.5244080114
-83.848676177
-83.7338676764
-83.7680703769
-83.7769363763
-84.0932342183
-83.8010582346
-84.1058336385
-83.887783667
-84.058292548
-83.9750587979
-83.8844443043
-84.083058933
-84.0224968677
-83.4095766239
-84.0069823129
-52.7446796886
-83.7955087581
-83.6082877692
-83.9405745831
-84.3019204041
-84.1391966118
-84.1929686378
-83.9198439683
-83.9523421213
-84.1709255541
-83.7375187204
-84.1048656709
-83.9666420413
-83.8639350418
-84.4806548695
-84.3110258921
-84.0620647727
-84.0499521497
-83.9987983573
-83.7565225586
-83.9394307356
-84.0321108676
-84.0459765266
-84.144613709
-84.0958429195
-84.0580826872
-83.9785473718
-83.8922908663
-84.1617250329
-84.0023277002
-84.6197439307
-60.6676394842
-84.2021548044
-84.126202991
-84.4029908855
-83.9626923472
-84.416191923
-84.1862909274
-84.1430482981
-83.8595635435
-83.9792507649
-84.4607862707
-84.0943751769
-84.1248244049
-83.7466554193
-83.5949484202
-84.2672002689
-84.1562370747
-84.0699404743
-83.907682229
-84.1983884281
-84.0415708006
-84.3540296474
-83.7227156217
-84.0767344831
-83.4115977549
-84.307472373
-84.0118810943
-83.6270417931
-84.2143457796
-83.8224402691
-83.8041610796
-74.7100433692
-83.9944822086
-83.9980788329
-84.2508340125
-84.2219568225
-84.5836490288
-84.2063133505
-84.0005914382
-83.917425113
-84.1068589251
-84.0118432023
-83.916183138
-84.0467232432
-83.9937098671
-84.2412260693
-84.0445846752
-83.9349077101
-83.9559426159
-84.4272049769
-83.781334956
-83.9214632268
-84.2186738166
-83.8350852107
-84.2716525817
-83.9043262963
-83.7753309985
-84.0798998046
-84.1119352261
-84.1339610913
-83.884062087
-83.9791874953
-82.3329327762
-83.9973383766
-83.8142221683
-84.0751172644
-84.2941368835
-84.0550197719
-83.8028591098
-83.9696351166
-83.7202452767
-84.0604752243
-84.3840023375
-84.2561358271
-83.7593591788
-83.9154181078
-84.1614009426
-84.0934858641
-84.1275668039
-84.2076593018
-83.9259624528
-84.0521641777
-83.5196847406
-83.6533047419
-83.8014550711
-84.046976024
-84.0830726025
-84.1014796278
-83.8968718492
-84.0197807114
-83.6251566013
-83.8890908788
-83.6411249736
-83.8041483099
-57.2109550562
-84.1590679478
-84.1985335924
-84.2199989123
-84.1976034493
-84.6676658201
-84.2460762336
-84.1461281725
-84.0765586371
-83.8414587998
-84.19584442
-84.206840901
-83.8878398648
-83.9314662269
-84.0704686149
-84.4790063829
-84.2505814727
-84.0821803719
-83.8693593745
-83.4915362248
-84.3218899617
-83.9125002344
-84.0880664139
-83.6916836215
-84.1632514321
-84.3513279773
-83.8690670231
-83.7500038203
-84.2610458367
-84.2569842057
-83.8066619633
-54.6024644467
-83.8062827882
-83.7370653753
-84.3536778549
-83.6184728795
-83.7621737
-83.9058412202
-84.1964126745
-83.9895214874
-84.3962580931
-84.0383362365
-84.061824674
-84.1433233718
-84.0016548334
-83.8755344433
-83.5406910051
-83.716574665
-84.4919967155
-84.1402716622
-83.8906590511
-84.4021942595
-84.0900171324
-84.1462126468
-84.0508003086
-83.9470875998
-84.3896587628
-84.0285691239
-84.0119321241
-84.1574666576
-84.1245214067
-84.2556557395
-52.2338056475
-83.8896843585
-84.1231051182
-84.2604760277
-84.1796957828
-84.5581781806
-83.8000347724
-84.2901250032
-84.0645632515
-83.374125437
-83.9982836707
-83.9818017744
-84.4692601741
-84.0950066172
-84.057964816
-84.0900720235
-83.8912776104
-84.1177947728
-84.0701094195
-83.9204400813
-84.2029472086
-83.9849487791
-83.9125566371
-83.6514206983
-84.057067684
-83.9995950127
-83.9508760702
-84.0949411537
-84.0485226248
-84.133661893
-83.8344199243
-51.1685838114
-84.006489709
-83.7123449332
-84.1718829351
-84.3083015152
-84.1031453814
-84.313498296
-84.2286006699
-84.0426648641
-83.4432030646
-84.0338805929
-83.5590455797
-84.1102100939
-84.2774127626
-84.2662233643
-83.954436499
-83.9642049699
-83.6324576692
-83.9345926358
-84.2950603951
-84.1401901898
-84.0426395321
-84.1075721947
-84.1987639819
-83.8281804827
-84.0629903579
-83.8192164955
-84.1044298482
-84.1057429483
-83.3768683111
-83.8563929979
-51.7990230404
-83.893202521
-84.085166939
-84.2101775183
-84.1445364456
-83.7425147844
-84.1775555044
-84.095444787
-84.0146629824
-84.1754614114
-84.1866392168
-83.8846755405
-84.0511280679
-84.1871878194
-83.917478545
-83.6384522622
-83.8834326681
-83.7340490601
-83.9806995939
-83.9494977212
-83.7992756843
-84.1231692923
-83.9576199032
-83.8351841767
-83.8197408982
-84.6842858064
-84.3254122624
-84.1232864534
-83.8784055364
-83.903760149
-83.4557519277
-63.6222603246
-83.7555267567
-83.9367221221
-84.2046396942
-83.7382119656
-84.1363329595
-83.5749684879
-84.0935160796
-83.9782509564
-84.1628815301
-83.991987286
-83.751793085
-84.1440005986
-84.2492140566
-84.157255553
-84.1941740012
-84.0673392028
-84.2492202364
-83.7403632853
-83.9181516672
-83.8679023892
-83.8613108076
-84.0728374082
-83.9287501499
-84.1068494008
-83.8054225537
-84.1174673366
-84.2460179822
-83.7823252798
-83.982417635
-83.8231000282
-68.2077236602
-84.1807476472
-83.7228200581
-83.9061959857
-84.0497045995
-83.8308315228
-84.0186102379
-83.7920119512
-83.4796842522
-83.7385339597
-84.2127155225
-84.047067065
-84.4801541234
-84.2844342252
-84.2118153244
-84.2972303489
-84.2985454037
-84.1301146092
-83.8164613692
-83.5537802122
-84.452614218
-84.2298647857
-84.0811784484
-83.9064786068
-84.0191455331
-83.9393755186
-84.2962788948
-83.6750150349
-83.6711337496
-83.9654801838
-84.0012180875
-84.3867622504
-84.1580139574
-84.1269437737
-83.7527449746
-84.3248677411
-83.9739486382
-83.3786250321
-84.4159999837
-84.2647241524
-84.3537455685
-84.0153336413
-84.1062315079
-84.0347656125
-84.1255452139
-84.1698483225
-83.9647424427
-84.3950570571
-83.8370818712
-84.0224733344
-83.9328358143
-84.427644028
-83.7898884401
-83.9686236747
-83.8270978078
-83.6427217746
-84.3896757725
-83.9404951638
-83.7450081115
-83.8983806229
-84.0786860322
-83.9346432958
-84.0746338446
-63.7460983876
-84.2345944751
-83.9596133442
-83.5282950363
-84.2912866897
-83.5102793602
-83.954246262
-83.8941720267
-84.1621047679
-83.7666147922
-84.0860389672
-84.0785616595
-84.1887926175
-83.7605206372
-83.9662833415
-83.7709319268
-84.2777365539
-83.8007254472
-84.2489834562
-84.4026220601
-83.8204169668
-83.4452242909
-84.3280927249
-83.869674598
-83.9754756535
-83.9907260132
-84.0808894405
-84.0670443436
-83.8870477387
-83.9088362172
-84.2301235007
-60.0573659265
-84.1881177543
-84.0561821641
-83.6951486154
-83.8992114688
-83.9427973986
-84.4645984039
-84.3599470707
-84.1884593151
-83.7914032621
-84.2244879584
-84.2030646352
-83.9934032178
-83.81305451
-83.7354407844
-84.1181333908
-84.387741728
-84.0625270878
-84.0033041553
-84.0680150694
-84.2862436822
-83.8420761218
-84.0755574682
-83.9274649064
-83.7980487293
-83.98880259
-83.4277302453
-84.4499263109
-84.0562047703
-84.1009962084
-83.7977480086
-49.107383657
-84.4699321322
-84.0134864028
-84.2175783062
-84.0913195277
-83.7364118364
-83.9277559102
-83.7087807035
-83.6040791105
-84.2963918291
-84.0103201289
-83.9990473214
-83.8506091071
-84.0911704403
-83.9684164484
-83.2498416919
-84.0194229535
-84.1151747773
-84.0551597272
-83.8793102253
-83.9166347014
-83.7373629913
-83.8069732683
-84.2125825642
-84.1652482677
-84.2321589831
-83.9567480866
-84.0382572859
-84.0903031719
-83.8919295651
-84.3000169491
-49.3542276473
-83.842143364
-83.5738880449
-84.1698052724
-84.3013223946
-83.5515748791
-84.3019404696
-84.1458444061
-83.5903564751
-83.8459943819
-83.9381311796
-83.89193416
-84.409391907
-83.9796348695
-83.8183222325
-84.0506045208
-84.0141653057
-83.972928617
-84.2187434897
-84.2572237767
-84.0532341875
-84.2169531514
-84.5098588891
-83.7637893083
-84.1065000946
-83.5593476644
-83.9607382769
-84.0177599151
-84.1348661332
-84.044299154
-84.1658531903
-54.5344875175
-84.134443368
-84.0570669129
-83.7676608793
-84.8247769163
-83.8087667351
-84.0684761042
-84.3992860083
-84.2892689768
-83.860746663
-83.9202624862
-84.2420559267
-84.1701523353
-83.9943296982
-83.8738546813
-84.2564829404
-83.4849808144
-83.7719505259
-84.1613863364
-83.8936615234
-84.0780022358
-84.5846043513
-84.1154435711
-83.985192721
-84.1458048889
-83.9391220285
-84.3684454171
-83.9478272649
-83.8238944752
-83.9685958451
-83.6794246404
-57.5556268793
-84.3215293429
-84.1721495324
-83.9465370884
-83.7645640759
-83.6722123561
-83.9406126366
-83.4085292529
-83.901574767
-83.892687843
-83.8400759847
-83.9991352056
-83.8796530072
-83.9647516099
-84.1563706764
-84.1412622264
-84.1619499833
-84.1522311402
-83.7034575157
-83.8974984543
-83.9954999053
-83.9874104672
-84.1120820396
-84.3421488389
-83.8235477036
-84.1700828657
-84.3443383143
-84.1913973136
-83.9245978626
-83.9848562624
-84.0842104303
-62.6693596532
-83.9842773082
-83.9504094813
-83.9640427948
-83.7675789306
-84.1693385675
-83.9958865522
-83.7475592999
-83.5966904068
-84.086737688
-83.5167700965
-84.5058970643
-84.4236976812
-84.1739400336
-84.1003304856
-83.7220119146
-83.5443615284
-84.0060092412
-83.8246272664
-83.9214145996
-83.8542073717
-84.0112374729
-84.3304756827
-83.7405374775
-84.1695147929
-83.8392348319
-84.08393029
-84.0699161371
-84.5449520793
-84.6086139182
-83.2836748161
-83.8423670612
-66.5138159477
-83.7981262322
-83.5216056892
-83.7860891482
-84.2694405309
-84.1460574254
-84.2173245806
-83.9008812012
-84.2370426092
-84.3249598952
-83.9339466283
-83.5411450286
-84.2295551093
-83.9794618862
-84.2253187845
-84.2767620211
-83.9327769303
-84.3147780758
-83.7478210509
-83.800747415
-83.5234056516
-83.7429076427
-83.9477514923
-84.2863437641
-84.1362128155
-84.0262963256
-84.3675716515
-83.9040615693
-84.0637232374
-84.1014667575
-83.4925699009
-60.391315022
-83.9857778186
-84.0402336633
-84.2846208429
-84.4435425708
-83.6710622374
-84.1412849207
-84.1779562238
-84.2349494288
-83.9231282035
-84.4892082856
-84.1023172468
-84.058831947
-83.9944876969
-84.2433538879
-84.037917765
-84.153929948
-84.2910874525
-84.2262015964
-84.0690905883
-84.0014624833
-84.0686337628
-83.9253043548
-83.741698161
-84.3568965837
-83.8398998971
-83.993511826
-84.121024254
-83.808611816
-84.1411088649
-83.8369690168
-50.616050786
-84.2154560405
-83.8161923051
-83.4615160948
-84.2167734809
-83.9027426664
-83.6057573075
-84.0263146102
-83.8877986985
-84.0454394698
-83.9872026536
-84.1629560834
-84.4458660856
-84.3253570869
-84.0941226983
-83.9080150992
-83.9634926514
-84.3123250595
-84.1854770925
-83.7859469982
-83.8488226977
-84.1365086837
-84.0126024909
-83.9969162888
-84.2196922584
-84.1555191561
-83.9768136443
-84.776632763
-84.2117593283
-83.7119493792
-84.0989730206
-49.7786145945
-84.2062956538
-83.6719836426
-84.0016649042
-84.0301400424
-84.2493175668
-83.8719182384
-84.1289880851
-83.8010475997
-83.9730258872
-84.057137278
-83.7363410955
-84.3679601463
-84.7484792372
-83.9276821605
-83.7196872375
-83.8736501768
-84.226092595
-84.1975886
-84.155747551
-84.1445036231
-83.6119923234
-84.3039440838
-84.0537782027
-84.1254505644
-83.6052633658
-84.0624267304
-83.9413658338
-83.9461879587
-83.9294696862
-83.5287818799
-49.3246010576
-83.9606231468
-84.1365332291
-84.0272763783
-84.1749535864
-84.1162893845
-84.1943067852
-84.3836799527
-84.044953529
-84.2921306742
-84.0702426343
-84.0851097491
-84.2536104231
-83.652185153
-83.6749856829
-83.5729051636
-84.2112777231
-84.2040945523
-83.932806842
-84.2487523703
-83.7942922253
-83.8635275255
-83.707850324
-83.9104277525
-83.1377401954
-83.6185708933
-84.2599975282
-83.8591501112
-84.0110380344
-84.0892776215
-83.9291505386
-61.633152816
-84.0152022189
-84.276690729
-83.6832135144
-84.0576591377
-83.7685926477
-84.0086113518
-83.9620408303
-84.3293540929
-83.6916903909
-83.9045884323
-83.5818440201
-83.9122665209
-83.699576178
-83.9305101234
-83.8587256974
-83.4871385702
-83.9503539866
-84.0759295221
-84.0747474527
-83.8761359189
-84.0292678779
-84.0506546388
-84.0865609183
-83.5478464378
-83.8856674825
-83.9702741957
-84.1292788504
-84.2224355203
-83.3485047403
-83.887118753
-66.6515607873
-84.2325548939
-83.7468290771
-83.8499692659
-84.385940061
-84.0513667408
-84.0098794131
-83.8112611183
-84.1744397031
-83.9033854459
-83.9035308504
-84.1991283432
-83.7833754114
-84.0193363792
-83.7786648869
-83.4063455633
-84.4219985547
-84.0715920787
-83.2871722318
-84.0292891296
-84.4752116943
-83.7497307782
-83.8775319798
-84.3504794241
-84.0914890469
-84.2053954927
-84.3051291515
-83.6383759837
-84.262253067
-83.7567882118
-84.0987308633
-84.4269903206
-64.3890937741
-84.0880619691
-83.7853236541
-83.9701861481
-83.7129864441
-83.6998250285
-83.9648251452
-84.1227812959
-83.7128474474
-83.8877280627
-83.9482983759
-83.9990200955
-83.9725208325
-84.3007962981
-84.1555783673
-84.1624332681
-84.0021507424
-84.2079339765
-84.058612721
-84.0485929469
-83.7424595978
-84.1672180606
-84.1478028886
-84.3292987467
-84.041372875
-83.813593808
-83.1345697636
-83.8242397022
-84.230622478
-84.2461906596
-84.114773054
-61.1907103605
-84.0665817592
-83.6035457803
-83.7744928093
-84.0610622339
-83.9655286216
-83.5895493477
-83.4905939658
-83.525941677
-84.2722811797
-84.4273314204
-83.8559777795
-83.6346509162
-83.7425295339
-83.39772805
-83.5436132028
-83.9281539198
-83.2439100531
-83.9420583587
-83.8710456489
-84.2865333312
-83.8017157558
-83.7290815784
-84.2066527689
-84.0365589434
-84.0711409578
-83.7272527885
-84.1696470011
-83.9869852535
-83.7730993988
-83.8808067032
-58.6229981917
-84.1770015267
-84.0974934611
-84.102101913
-84.4633134762
-84.2713842095
-83.9238824905
-84.2582313608
-84.2482705883
-83.9555948352
-84.2534376904
-83.7347514441
-83.9942482853
-84.1884861388
-83.7608161027
-84.0782002656
-83.6852370624
-84.2806391476
-84.3376942157
-84.0244204947
-83.6799271891
-83.6096571532
-83.7665113598
-84.1341376886
-83.8603848756
-84.2019155808
-84.3976304891
-83.9365461671
-84.0486559583
-83.9449468863
-83.88788174
-49.8834539742
-84.5431892812
-83.8543493664
-84.172111536
-83.9770153128
-83.8074826778
-83.8585731908
-83.9785303653
-83.9277793661
-83.9825763344
-83.8994947189
-83.8965386779
-83.911301471
-84.019863343
-83.6629623773
-84.3746049964
-83.9678895436
-83.913338626
-84.4148760336
-84.0128528184
-84.0979132719
-83.8707561782
-84.3820805286
-84.3610522612
-83.8076704822
-84.2901476403
-83.7075627781
-84.0967233894
-83.9080088222
-84.1564218014
-84.065863
-50.3734905096
-83.7041696084
-84.1253111191
-84.0737598933
-84.2273172785
-83.9794947272
-83.9155054388
-83.9643534139
-83.9877819399
-84.3858207344
-83.9583818485
-83.9214795962
-84.0466147737
-83.7822576743
-83.7368721876
-83.9787683507
-84.1135774345
-84.5241668656
-84.0123779062
-84.1594594035
-83.9855414158
-84.0536833438
-83.5830848707
-84.1707615149
-83.8610184029
-83.4873150345
-84.2708562071
-84.0144547477
-84.247201255
-84.040742311
-84.0038426702
-54.521004117
-84.2304639783
-84.2205326963
-84.3305591333
-83.8498909782
-83.9098974963
-83.9332482038
-84.1034909076
-83.9053195453
-84.1974640981
-83.5730668526
-83.9715834931
-83.8049560739
-83.8615070699
-84.0467723031
-83.7985713656
-83.9861775868
-83.7008608411
-84.121352292
-83.7758759182
-84.2506940051
-84.0592390141
-84.0668402989
-83.9645705807
-83.7908432653
-84.1132571747
-84.1131720637
-84.5781053504
-84.1059895093
-84.1605111288
-84.3060136244
-55.8196259165
-84.1629354229
-83.5500528844
-83.8842817974
-84.3045516595
-84.0869603889
-84.3493209568
-84.0213945563
-84.0759731129
-84.2522726907
-83.8223488821
-83.9962506803
-83.6051903565
-83.9780013944
-84.0120496173
-83.8551116162
-83.8468889936
-84.0984752598
-83.7844682291
-83.8995855282
-83.7550570864
-83.8533240003
-83.8521808971
-84.0835715218
-83.3290106422
-84.253996892
-83.8792591647
-84.0153086979
-84.2438714447
-84.0546858263
-83.9165687396
-59.8291615958
-84.2347615043
-84.1442683911
-83.9399389786
-83.8383357312
-83.9979783519
-83.9696217946
-83.4919365621
-84.1340592728
-84.1507680185
-84.1898365503
-84.055611578
-83.5346813498
-83.8782089863
-84.0043874333
-83.9922515979
-83.8317934689
-84.0827119381
-83.722700689
-84.3759350595
-84.0224448719
-83.7780723612
-83.9749169312
-84.0898766774
-84.2367033221
-84.1637671301
-83.7600898876
-83.7946917908
-84.2212585169
-84.3375880889
-84.2468651984
-83.5276186946
-76.4330528599
-84.0757978125
-83.678377274
-84.4300214792
-84.1838766585
-84.1873737994
-83.997369203
-83.5209081515
-83.4152821815
-83.9999615422
-83.347060884
-84.2460330642
-84.157048589
-84.3172556594
-84.0618212392
-84.1078294522
-83.9178812059
-83.7734349221
-84.1446915304
-83.8863437931
-84.0683695225
-83.9166115004
-84.1456252282
-83.326019615
-83.8830869961
-83.9900053101
-83.9764624789
-83.65571431
-84.3398957313
-84.2236876841
-83.557440685
-72.6048285182
-83.8834567611
-84.3305787248
-84.276634894
-83.6968793867
-84.3268757956
-83.5350412215
-83.7840234279
-84.1054671853
-84.0246910347
-83.9226438776
-83.7661612452
-84.340175374
-83.6466547876
-84.0219812031
-84.0192084114
-84.3951943663
-84.5017032793
-83.7694762581
-84.0736625486
-83.8556286422
-84.3264765436
-84.2262673353
-83.9034319928
-84.3223142365
-84.2150093566
-84.1833431987
-84.2661277675
-84.1879702904
-83.9484134083
-83.6539214559
-52.0712825011
-84.1702345307
-84.3642798913
-83.6935329697
-84.1449191327
-84.3087575827
-84.0320670423
-83.8566445926
-83.897904336
-83.8422775181
-83.8841290148
-83.6753882086
-84.185989816
-83.9551007554
-84.1973111438
-84.2158899094
-84.1259265364
-83.9779490666
-84.3540868632
-83.9582752784
-83.9932665797
-83.9983602212
-84.0253739868
-84.094327958
-83.8009958522
-84.1957295842
-84.0489126786
-83.8272552971
-84.3718473832
-83.8389891479
-84.2460333581
-52.856976666
-84.3692696369
-84.0498957531
-84.4928730149
-84.3529588445
-84.0461506519
-83.9579351449
-84.0342734712
-83.9363604705
-84.4222455456
-83.690469222
-84.0471729025
-84.2121156458
-84.3834342269
-83.6824352401
-83.9430504647
-83.7267266369
-84.0529456104
-84.1666150655
-84.1830136575
-84.4637307399
-83.9212742052
-84.2050863093
-84.5536058781
-83.7024710702
-84.1280340399
-83.5617351527
-83.9885029267
-83.9887984098
-84.5732919067
-84.2456413622
-52.2695874054
-84.2677282064
-84.3825573534
-84.1061339174
-84.5035205035
-84.2380426342
-84.3936495473
-84.2224343247
-84.2437102506
-84.4416921859
-83.9661585897
-83.9734397551
-83.6881298105
-84.4733340381
-84.1472480868
-84.1996541624
-83.953203832
-83.7925938328
-83.9587003607
-84.1361316954
-83.6937087864
-83.6028314911
-84.3735888866
-84.2419830955
-84.2568709805
-83.9117022566
-83.9976853431
-84.482731873
-83.9923746693
-84.1611020909
-84.3305285221
-53.7684308974
-84.1598293371
-83.8174210629
-84.1574961523
-84.0809695696
-83.9535501638
-83.8742624834
-83.7456606246
-84.0604010648
-84.3615223418
-84.2829102521
-84.1156247537
-84.282236233
-83.6542552478
-84.0438126019
-84.1272523576
-83.8818166041
-84.1380120078
-83.9577519668
-84.2500851432
-84.2344355783
-83.8714201273
-84.0170806264
-83.688724244
-84.0244490247
-83.9838629508
-83.8722440847
-84.2793843367
-84.0544221122
-83.7430817708
-84.1884310278
-59.8078016169
-83.8063154326
-84.2559239163
-84.2133785284
-84.0707088275
-84.4063210944
-83.9615520506
-83.5544406779
-84.1593294504
-84.254010282
-83.9587459597
-84.0542605147
-84.2492054075
-83.6628187175
-84.2566547977
-84.2173861043
-83.7249075879
-84.1801639806
-84.1324198894
-83.9210726011
-83.8746300964
-84.010276998
-83.7535751157
-84.0573330836
-84.2194114588
-84.4710569829
-83.9876886973
-83.9396555636
-84.1085069408
-83.9571362279
-84.1495261926
-82.1257753078
-84.1800159582
-84.190309822
-83.8359974711
-83.6081900944
-84.0939733303
-83.8879548307
-83.8138103678
-83.7758298609
-84.2945443431
-83.7775407152
-84.0627647815
-83.3839224004
-83.8776512899
-84.0267244731
-84.0083311792
-83.926273669
-84.095923672
-84.2532453448
-84.0064245026
-84.2641531788
-84.1023430425
-84.1756566334
-83.8903091622
-84.1671778697
-83.6029886551
-84.2038682754
-84.4264137834
-83.9349391802
-83.6274745066
-84.2488236847
-83.6601539411
-83.8629663138
-83.7644768502
-84.1140084782
-83.8670530774
-83.9223699206
-83.9612131319
-83.9945532056
-84.2161906375
-83.7061210352
-84.0993406206
-83.7098723234
-84.113931635
-84.2518680225
-83.9886449612
-83.7799683267
-83.8123990188
-83.5999845825
-84.2989515261
-84.1799496664
-84.0137165627
-83.6289353934
-83.8868305199
-83.8577034517
-83.8584967482
-84.0583766581
-84.2762990185
-84.0844467768
-83.4737499133
-83.7721940275
-83.7625489884
-84.1998585605
-82.7195027126
-83.831925215
-84.1809985671
-83.8643572813
-83.9736073932
-84.4339775402
-83.6623041537
-84.0400814449
-84.3147079321
-84.1953819831
-84.2653467872
-84.0990794165
-83.828957858
-83.8872904515
-83.694840353
-84.1313913145
-83.8811032636
-84.3035616899
-84.0551467156
-84.1174674763
-84.1236093847
-84.1795351968
-84.268377871
-83.9054683085
-83.8985472075
-84.3557217162
-84.1926638472
-84.0794604799
-84.0653055909
-84.0443449731
-84.0067811596
-63.136472789
-84.1643280437
-83.9749099627
-84.2826506425
-84.0703071012
-83.9961419421
-83.7161510863
-84.1372133287
-84.3433633989
-84.0527654652
-83.7462681747
-84.2293251456
-84.0807509385
-84.2242918619
-84.0259020785
-83.8846706166
-83.6488984685
-83.8439495705
-83.5802894539
-83.8229901178
-84.3392988596
-83.9862890398
-84.2013079785
-84.0920426738
-83.6729014547
-83.8244711127
-83.8770590085
-83.7754058113
-83.6761515139
-84.3095273099
-84.2321720625
-57.6461485192
-84.3469812001
-84.3809482238
-83.9312933623
-83.8370571687
-84.4566950961
-84.1666842441
-84.2218039738
-84.0982266527
-83.742247384
-84.1596523658
-83.6971695262
-83.8386037124
-83.8682844858
-84.2336429324
-84.3633197875
-84.1797244157
-84.1167859687
-83.6643707889
-84.1553788665
-84.2297932513
-83.9002199049
-84.0172631434
-83.9315616855
-83.7798164203
-84.5570204011
-84.0896926001
-83.8607164774
-84.0492070586
-83.9523447583
-83.9076030975
-83.9744431148
-84.2820749005
-84.0566090791
-83.4428634424
-84.2755985494
-83.8712155747
-84.2569932561
-84.0618965866
-84.1399099621
-83.7480413292
-83.725099043
-84.06182232
-84.1755538466
-83.7401955606
-84.0556069051
-83.6758233306
-61.5740588814
-83.7039330375
-83.9086119741
-83.3918251833
-84.4132606644
-83.8908389573
-84.2179253856
-84.2717932177
-83.7600103901
-83.8114470204
-84.2900261832
-84.0887288547
-84.0198388685
-83.8827602778
-84.2121215252
-83.9336636598
-83.843087588
-84.1752687853
-84.4653018431
-84.2632767359
-84.2949278891
-83.8464158498
-83.9441083874
-84.1564847197
-84.4272780157
-83.7888528276
-83.3558416629
-84.2880410273
-83.6777127368
-83.6755031703
-84.640026526
-84.2317155988
-83.2782033972
-84.2554813429
-84.2052958223
-83.7158229527
-83.662576938
-83.8708820757
-84.3582380138
-84.0148262537
-83.7475850939
-83.919046437
-83.9086006681
-84.1524772666
-84.2198066561
-84.2033725372
-84.1361275842
-84.0594445241
-83.7496063483
-84.2770878437
-83.3269871095
-83.7687208878
-84.294639744
-83.7510754578
-83.8855307846
-84.4254760612
-83.7367258109
-84.366972857
-84.0875685006
-83.9126696684
-84.220963625
-83.5065393775
-84.2465202917
-77.7035157288
-84.3109514765
-84.1958818437
-83.6940382459
-83.8837092049
-83.8932976624
-84.2115351808
-83.6522462031
-83.9378251833
-83.9920466142
-83.7190728015
-83.8694906788
-84.5201091712
-83.7336207745
-83.9141135302
-84.1755877023
-84.3305406222
-83.975103321
-83.9043397492
-84.0563662284
-83.8423962955
-83.9933948785
-83.9460541398
-83.8585163308
-84.0777055203
-83.8271620924
-83.9053351576
-83.9654009262
-83.7104917413
-84.1770845344
-84.004392146
-54.2852389146
-84.2024035142
-84.0731798991
-84.2284147158
-84.1648450078
-83.7381447523
-84.3126275409
-84.1763311987
-83.7769777662
-83.8746778793
-83.8984775127
-84.3144033513
-83.7246070614
-83.8839458605
-83.5233771387
-83.9870908849
-84.1710978401
-83.8375641953
-83.9207972967
-83.752390534
-84.0405643383
-84.3358296672
-84.1841036672
-84.2107923788
-84.2302163369
-83.9222921966
-83.6839160001
-84.1837848279
-83.8014390382
-83.9089631345
-83.4747115341
-53.9729836836
-83.7985518664
-83.6544588808
-84.2104765657
-84.3363757793
-84.1299355207
-84.0318861606
-83.9560141537
-84.0199162143
-84.1899379682
-84.0702234407
-84.4985380676
-84.3553670541
-84.3848998801
-84.1243096653
-84.0460496187
-83.6393896657
-83.7083031454
-84.4086751435
-83.7348968439
-84.342892738
-84.2287485256
-83.6076550532
-84.2199458465
-84.1390000562
-83.8436935628
-84.1089215709
-84.0324716767
-84.0201395607
-83.9039225809
-84.1803083755
-61.9959928823
-84.0546207949
-84.1048080101
-83.7627257789
-84.209446092
-84.4935553596
-83.9509609424
-84.0725276314
-83.9400400689
-84.254472522
-84.1139185166
-84.02256843
-83.9540647317
-84.1727210389
-84.0112313052
-83.9941095527
-84.0064615485
-84.0835943122
-83.6769001398
-84.1270743968
-83.9613814061
-83.8091026498
-83.8445664096
-83.9093389243
-83.3531042293
-84.4301772167
-84.2668428578
-84.2055526054
-83.6619548025
-83.8043909317
-83.7656665583
-69.9709623046
-84.1028758568
-84.0794829827
-83.8841016632
-83.8610513083
-84.3148637298
-83.86245343
-84.2294385519
-84.0848039308
-84.0831149242
-84.0479927983
-83.7479297551
-84.3852908621
-83.944335263
-84.1219170444
-84.0012142037
-83.703826272
-83.9335371212
-83.5892548679
-83.7063019619
-83.9094952417
-84.0342062925
-83.5997705252
-83.8692807298
-83.9769768997
-84.4912315775
-84.0118408666
-84.0853841589
-84.1088586117
-83.9178687176
-83.7152285826
-73.1086835406
-83.8619849785
-84.0228623583
-83.9504171258
-83.688923293
-83.749780348
-83.9602836325
-84.2018493895
-84.0481466641
-84.1529222731
-84.1193399503
-84.286026313
-83.9916156201
-83.728553359
-84.0397937487
-84.0191932827
-84.364042519
-84.0382515273
-83.834059912
-83.9808615884
-84.1259487091
-84.0480239757
-83.4922749122
-84.1945376932
-83.8177407669
-83.8313948757
-84.1948974883
-83.9466638895
-83.8740717291
-83.9815414255
-83.6404491011
-84.119915885
-83.1198942403
-84.0788936995
-83.8637115957
-83.8319671705
-83.6463400677
-83.934667624
-83.9309361902
-84.2633827799
-83.6710628915
-84.2082914596
-84.0981394107
-84.1718373168
-83.7696368428
-84.4569897311
-83.7653766297
-83.7697089395
-83.9660357108
-83.8598246118
-83.8570430326
-84.1951336914
-84.076907822
-83.6853337941
-83.8773638691
-83.9520418927
-84.067402435
-84.117991149
-84.1929853916
-84.0438895312
-83.7030768958
-83.9590803999
-83.9032212814
-75.0723277767
-84.012873419
-84.1842766919
-84.1233125757
-84.4945777071
-83.8394698405
-84.2714588448
-83.8981089559
-83.5282430382
-84.557306395
-83.4683864063
-84.1162573896
-84.1139556114
-84.1646144384
-83.9355211942
-84.1597876803
-83.7495061302
-83.9046640058
-84.4646744012
-84.2742145775
-83.6368369781
-84.0658953175
-84.2497795873
-84.1233045619
-83.818987828
-83.9634549865
-84.3372822593
-84.100376103
-83.9554677899
-84.0371655765
-83.3999712244
-64.3473131539
-83.8660303438
-84.2028680277
-84.2195011854
-83.9318796678
-83.2914207044
-84.1467739664
-84.1282668892
-83.8396097051
-83.7605840043
-83.7703598333
-84.0167495675
-84.0098103712
-84.1470075544
-84.4228582129
-83.9452720165
-84.2018238971
-83.6886294143
-84.2595406756
-84.4271940435
-83.9616505898
-83.9446890531
-84.4412104106
-84.4557643873
-83.8457913851
-84.4009532803
-83.9066130416
-83.3465110867
-83.9222047607
-84.0113818178
-84.0665314817
-54.246286495
-83.7490201865
-84.1100996621
-83.8346704167
-83.9211632741
-83.9902891525
-83.7736281359
-83.8936945334
-83.759771386
-84.106001856
-84.0225314468
-84.0861258209
-83.5061315233
-83.8440847333
-84.421781998
-83.8447998558
-83.7356158713
-83.7558881739
-84.1690784696
-84.0238344391
-83.8448697024
-83.9723177745
-83.971709006
-84.4666373319
-83.8428646077
-84.0762282226
-83.921812905
-84.0195465661
-84.0293969505
-84.1434295665
-83.8684756674
-54.9820864367
-84.0499855165
-84.0940754279
-83.9441032437
-83.9308263236
-84.4207652204
-83.8574265484
-83.9231473927
-83.9563325768
-83.7568718232
-84.0538168281
-83.9067056814
-83.8591973824
-83.9659421677
-84.0162700877
-83.7115411043
-83.7414948921
-83.869775705
-84.0325493976
-84.244039364
-83.6110588662
-83.695627217
-83.9597321796
-83.9671769347
-84.3182002457
-83.8334659568
-84.0578461126
-83.9671475228
-83.7348048571
-83.9341067357
-83.9956916509
-60.4385478093
-83.8575628437
-83.97569309
-83.8697026625
-84.0714483549
-83.8818402917
-83.9659983176
-83.5361887768
-83.8165224574
-83.7868314111
-84.2336837732
-83.4219923899
-84.193892451
-84.2835844345
-83.4345368389
-83.7564990625
-83.5916481853
-83.7674507374
-83.8095793646
-84.0205799176
-83.8585595759
-84.4041608141
-83.9111573642
-83.8852056258
-84.2311812181
-83.8795367514
-83.795976856
-83.9700792277
-84.3332484901
-84.1271250769
-83.9921335121
-62.2714593328
-83.94643907
-83.7629647882
-84.4783198302
-83.9099141633
-83.9838427887
-83.890469223
-84.1274101112
-84.3242620305
-83.8927770129
-83.7013212434
-84.3147109295
-83.4436286537
-83.9510855664
-83.7060147357
-83.9217481116
-83.9482413591
-83.6069554858
-84.3587097499
-83.8520892089
-84.3251903711
-84.0675601332
-83.8486859767
-83.9445158079
-84.0500568704
-84.1962505233
-84.044542748
-83.6918531059
-83.7912019026
-83.9551570395
-83.9801290075
-68.2631925567
-83.7669019464
-83.8990125445
-84.225910931
-84.1270563176
-83.8521052795
-84.1329586375
-84.1090915405
-84.1749838423
-84.0638456463
-84.3602740537
-84.3440916204
-84.2266525671
-84.0352102613
-84.477602128
-83.9546756586
-84.0930462367
-84.1148353911
-84.1209640329
-84.3165156261
-83.7894290448
-83.7953580237
-83.8912794694
-83.7592522294
-84.0262439581
-84.1739327827
-83.8882258463
-84.0010210106
-84.290074067
-84.039292554
-83.8425289315
-83.802808652
-66.5475883535
-84.0341741133
-83.6717991285
-84.0975307756
-83.9684565249
-83.5163845765
-83.6991540119
-83.8421455233
-84.103921365
-83.9947012403
-83.9039486793
-84.1502703507
-83.4568045411
-84.3291918656
-83.8782388726
-84.3118371033
-83.863976349
-83.885973439
-84.1685875629
-83.6204861605
-84.0473385584
-83.9441243786
-83.8826394258
-83.9588340308
-83.8597187823
-84.2112786982
-84.2260479695
-83.972769519
-83.6337799965
-84.151494649
-84.080078781
-62.1877064376
-84.1857251023
-84.0813672107
-83.8099972672
-84.0243932672
-83.9448914889
-84.2627936658
-84.2684106632
-83.9007416092
-83.9494368971
-84.2588101576
-84.1111991436
-84.1157408574
-84.4788164751
-83.9893802486
-84.2506634933
-83.8225405314
-84.2245650647
-84.0269896926
-84.0019407696
-83.9077057406
-84.3481677837
-83.6256399793
-84.2154349369
-84.4268839451
-83.8190145213
-84.1852165544
-84.010814101
-84.1979693776
-84.0860558663
-83.9225043823
-53.1451978843
-84.1469293052
-84.2275107954
-84.2960211677
-83.934128798
-83.9415728717
-84.1331291645
-83.7478888347
-83.751125775
-84.2438373219
-84.2190469969
-83.816530357
-84.5029205758
-83.950215645
-84.0311384518
-84.2928294932
-83.9348019224
-84.1751524795
-83.5014030093
-84.0373725971
-83.9609778204
-84.2174763879
-83.90263781
-84.2304177589
-84.3130314285
-84.0642387591
-83.9453860926
-83.8738591512
-83.8505257078
-84.1064774639
-83.8896391965
-52.4705848062
-84.0939275552
-84.1298176292
-84.0938882179
-83.8100633384
-83.8367640646
-84.3925097117
-83.3339918492
-84.0949181513
-84.3429873122
-83.9877463057
-83.92193623
-84.2952302239
-83.6377362534
-84.1670346109
-84.1398425086
-83.9136683146
-84.1678650586
-84.0740927973
-83.752216568
-83.6389378775
-84.1576247209
-84.1811016074
-83.9250790093
-83.5781576089
-83.8546352082
-83.8015900149
-84.01615368
-84.1611911317
-83.7451326936
-84.2698691192
-50.8238261391
-83.8027314392
-83.9497536418
-83.8763418954
-83.8637603564
-84.017758656
-84.161360157
-84.2165765401
-84.3304129949
-84.1335652745
-84.1975331044
-83.7586953872
-84.4694615058
-83.5998202916
-83.9666464564
-84.2466135992
-83.8909803941
-83.6389640744
-84.098569663
-83.6087523767
-83.671417618
-83.4846330533
-83.5875155239
-84.2051584212
-84.062938976
-84.2948563766
-84.2611654766
-83.7730927328
-84.4751929154
-84.5637263378
-84.0281883094
-63.6404512966
-84.007705631
-83.8309138243
-83.0573066671
-84.3347050403
-84.293489823
-84.2484023358
-83.7056062015
-84.478914553
-84.1209227724
-83.8734939408
-84.135060499
-83.7751823977
-83.9980327174
-83.8175133638
-83.8823393578
-84.1708125384
-84.0184625576
-83.6529681415
-83.8761620482
-83.9206639975
-84.4826592441
-83.7650672495
-84.2209253071
-84.3356800765
-83.5894021387
-84.3277665321
-84.5782531651
-84.0932094395
-83.9065515269
-84.1261778193
-70.0563267776
-84.4490774142
-83.6841796294
-83.9152721581
-83.6097546009
-83.9990757231
-83.9769087346
-83.9281528165
-84.2493476324
-84.2493406604
-84.0029442389
-84.4779360495
-84.2538470957
-84.199373053
-84.0552703163
-83.7121724369
-83.8231789737
-83.9246057384
-84.2861675873
-83.9329800611
-84.3503363003
-83.9647918979
-84.0663261709
-84.2088245244
-83.661752128
-84.2300817084
-84.2485826314
-84.2148990184
-84.2947112188
-83.9031504153
-84.4938936292
-84.1054062704
-63.6798543491
-83.6396645968
-84.6163782586
-84.0255550156
-84.2466962945
-83.7630528475
-83.5339065029
-84.324045275
-83.9445875517
-83.7175376427
-84.1014196197
-84.23832849
-83.9751183143
-83.7045867596
-84.0765427369
-83.6649601163
-84.0230657223
-83.7970849101
-83.735029777
-83.9648427461
-84.0312137814
-84.1572604684
-84.0466030691
-84.4137645798
-84.2529126941
-84.1524236173
-84.0022762278
-83.8684338285
-84.1059534418
-83.5561560643
-84.0276922069
-59.017191864
-83.8745296054
-84.0764924342
-84.1899097168
-84.0934831812
-83.8691398132
-84.0844538352
-83.7732747641
-83.9942222482
-83.9980281962
-84.0972178091
-84.3752193864
-83.9237655175
-84.1945083219
-83.6971124169
-84.1585765042
-84.3373768134
-84.3621645337
-84.3215716249
-83.9497304285
-84.5556640394
-84.1099232434
-84.1809898515
-84.2717977159
-83.6244101919
-84.1479073102
-84.0310373939
-83.821791127
-84.275728431
-84.0539724555
-83.9066986996
-55.3784446268
-84.0582347363
-84.1051206032
-83.6422036797
-83.9337358444
-84.1272810064
-84.0944159673
-84.0391460616
-84.2642951884
-83.9971135775
-83.9648730269
-83.9552255064
-84.0889847485
-83.9140466644
-84.4173350977
-83.9197197522
-84.1395737156
-83.9106543867
-84.0786538387
-84.1311222498
-83.9296665764
-83.9545179706
-83.9264057085
-84.1938273835
-84.3387600355
-84.327994829
-84.0548176097
-83.8806436264
-84.0315292658
-83.6030861653
-84.2181107084
-50.6858898647
-83.6146443651
-83.9712048922
-84.1128572089
-84.1266034647
-84.3142098973
-83.9932581164
-83.8771241594
-83.9525481668
-84.0274071705
-84.0576149408
-84.5124934525
-83.5815457429
-83.7897557216
-84.2232853447
-84.2232506515
-84.165713032
-83.8023051235
-84.0177367317
-84.251766109
-84.0855063038
-84.4110717951
-83.9463597964
-84.3707082595
-84.0653348611
-84.0251248578
-83.9273558923
-84.2376096804
-84.214176777
-84.3396078782
-83.9648785185
-51.6455488776
-83.515198772
-83.3928580408
-84.1033036886
-83.8398610964
-84.4698116451
-84.1302792729
-84.1425501447
-83.5445769156
-84.6191506236
-83.7803691505
-84.3568992738
-84.4540829362
-84.0293326138
-83.7890964234
-83.9969761669
-83.8794891103
-84.253272833
-83.7934756004
-83.848793124
-84.0240813765
-83.9567310777
-84.0733434905
-83.8892531033
-83.7964554025
-84.0484768816
-84.4006437738
-84.1950862102
-83.8257017164
-84.0184464869
-83.7161447043
-64.5317341254
-84.0928314594
-84.1626445198
-83.691652232
-83.9886186048
-83.9780357011
-84.0708382749
-84.1138327996
-83.988576246
-84.2089348259
-83.8426490675
-83.9954544747
-83.9981406701
-83.7498376589
-84.0334018732
-84.1149866012
-84.069948887
-84.1243009874
-84.0268306818
-84.0002035017
-84.2654755413
-84.3290701334
-83.8343208152
-84.0285218234
-84.1166050432
-84.2608095572
-83.6302741341
-84.1112073586
-83.6620024599
-84.2261965289
-84.3056637975
-70.934529132
-83.7731163654
-83.8558166694
-84.0105543342
-84.2771787119
-84.1206796322
-84.0221027224
-84.1505524891
-83.7942914908
-83.9047256589
-83.9783914192
-83.6331732241
-84.1295321405
-83.7610240023
-83.9870586661
-84.0774808431
-84.3364265892
-83.9116794625
-84.1316400748
-84.0104502684
-83.9566283078
-84.1606082577
-83.6011145805
-83.9274303918
-83.9787547075
-84.0195706316
-83.8957541314
-84.1510625366
-83.9789105025
-83.8243350816
-83.9775130127
-84.0705927394
-84.0275871166
-84.235146428
-84.0806305541
-83.6986174926
-84.3075541414
-83.6928544589
-84.0568642395
-83.842377822
-83.9350360622
-83.7454836559
-83.9384238821
-84.5102171264
-84.2904657733
-84.1943578625
-84.0571546332
-84.2978158015
-84.0041912099
-84.1329661841
-84.2178981351
-84.0773798298
-84.3772625668
-84.1778102833
-84.0953200302
-84.1544810991
-84.283373462
-83.7358308336
-83.8543928197
-84.1096446604
-83.954312745
-84.5607093392
-83.4669836906
-58.1453141087
-84.438697569
-83.821291709
-83.9614798339
-84.5219566337
-83.8778224807
-84.1188523565
-84.0934124034
-83.8270127176
-83.8614339117
-84.0627466556
-83.6705215177
-84.0272022129
-83.8715584122
-83.9999233756
-84.134208229
-83.8567833708
-83.5137091036
-83.6641016805
-84.0660615725
-84.0834137816
-84.0656912803
-83.3531455882
-83.8772844761
-83.7713113699
-83.9334095761
-84.3643909218
-84.374139716
-84.3335495348
-83.9815408174
-84.0770477472
-56.5584991909
-84.4274395432
-83.9109123364
-83.9544933263
-83.9300623607
-83.9369696036
-83.875745579
-84.2202146618
-84.1975453737
-83.9905867222
-83.7226412815
-84.1269893571
-83.4631310425
-84.1791145036
-83.8385508346
-84.1105607674
-84.1269200742
-83.9367202536
-83.7750825824
-84.3932585209
-84.3456710286
-83.8236447287
-84.1668838039
-84.4311146769
-83.9639140775
-83.6105749795
-84.561519021
-84.1541009501
-83.8269822028
-84.5914223015
-83.9966742464
-51.7579250806
-84.050070494
-83.7529643097
-83.5842234072
-83.720721767
-83.7812260876
-84.0083095002
-83.9404101548
-84.0475021356
-84.1747164991
-84.0167543532
-83.9066058033
-84.3953932222
-84.1033250848
-84.1805959469
-83.5780946637
-84.017289996
-84.200842843
-83.8577769173
-83.9954353948
-83.9478054776
-84.3081734168
-84.0481686674
-83.289587866
-84.0877900868
-83.9174011903
-84.0395761527
-84.2188075102
-83.7253313065
-84.0293175863
-84.4799890644
-55.1820257787
-84.4045021746
-84.07623196
-84.1948126693
-84.0310772173
-84.2378775734
-83.5906976031
-83.8382509889
-84.6779042944
-84.2321729234
-84.0348361879
-83.7988298941
-83.8775433267
-83.8437448005
-84.41070119
-84.2484175562
-84.0931248705
-84.117403234
-84.1922294396
-84.0829110776
-83.4117803472
-84.1450660109
-84.0870249498
-84.3387488914
-83.8334567038
-84.2418712738
-84.055236818
-83.9853859781
-84.1860927011
-83.9568611799
-83.850154575
-84.0597687638
-84.2787955554
-83.9934741147
-84.1706134175
-84.376865972
-84.0216688866
-84.133085377
-83.7565069403
-83.664623006
-84.0555852288
-84.3471783743
-84.0920510493
-83.9734621314
-84.1126996592
-84.1702903345
-83.8448524162
-84.1027481001
-84.0889645547
-84.5321184105
-84.1514143366
-84.3196383827
-84.0807870813
-84.2312996241
-83.7749458709
-84.2655030242
-84.2147504918
-84.3996858728
-83.8686296999
-83.7601855182
-84.1707998866
-84.4140283972
-83.8575081554
-83.8478869832
-83.6811162473
-84.2491733733
-84.6267167313
-83.8976493655
-83.6892941907
-84.3223983889
-83.9954291859
-84.199688099
-83.9353185211
-83.8693375009
-84.1036118644
-84.1926867784
-84.263360534
-84.2118726588
-84.0395996916
-84.2759417977
-84.3388278465
-84.1253354326
-84.2921254486
-83.989642738
-83.722451682
-83.9321057868
-83.8380169311
-84.2743116909
-84.3144312607
-84.0419206876
-83.6531564214
-84.1279142577
-84.2772255423
-84.1569535589
-83.8026883825
-84.5265415439
-84.2013485817
-83.9981668059
-84.1242396983
-84.2934769618
-83.934676393
-84.0154371979
-84.1354661934
-83.8098123245
-84.0229661419
-84.0999925286
-84.0406971157
-83.9666346421
-84.1988561864
-84.398778811
-84.2551186821
-83.6599247495
-84.350507941
-83.9469057156
-84.2029176104
-84.3653930211
-84.2916189486
-84.0104252609
-84.33948955
-84.3728568725
-84.0854557805
-84.1495664394
-84.0729328264
-84.2684570725
-84.2946970243
-84.0776532638
-83.9685864307
-83.9619654744
-83.809160767
-84.1941261871
-84.1481739438
-83.8980660895
-83.9755105793
-84.2506608373
-84.1706033357
-84.0931828718
-84.2460751866
-84.0663842443
-83.9948696175
-84.4328956948
-84.2827257591
-84.0811878295
-84.2653015475
-84.1132207811
-83.9812458138
-84.112383348
-84.0867702438
-84.2148615527
-84.3306966088
-84.3950663404
-84.2313617433
-83.8694329959
-84.142472034
-83.8659578049
-84.1152452166
-83.8885072925
-84.4963489373
-83.9821341715
-83.9237468835
-83.8683918298
-84.050346027
-84.2923650796
-84.2385562156
-84.1620729965
-83.897631173
-84.2268984959
-83.4796510804
-83.7214910568
-83.8855481102
-84.3297243804
-83.9436528257
-83.9820571532
-83.7024833233
-83.4575873951
-84.005352118
-83.8769499442
-83.9753036659
-83.9035375205
-83.9227017932
-83.9778758091
-83.9711857251
-84.1137828658
-83.8368704032
-83.9644216487
-84.480049298
-83.5284653701
-84.5487234077
-84.2986261699
-84.3243677041
-84.0808491576
-83.885155949
-83.4499548813
-84.0354382226
-84.0990236749
-83.8384773327
-84.2923760618
-83.8946301356
-84.5870086447
-83.5620028291
-83.7194584194
-84.0607150797
-84.1858615256
-84.103661563
-83.9049431684
