linux; GNU C++ version 5.3.1 20151219; Boost_105800; UHD_003.009.002-0-unknown

-- Detected Device: B210
-- Operating over USB 2.
-- Initialize CODEC control...
-- Initialize Radio control...
-- Performing register loopback test... pass
-- Performing register loopback test... pass
-- Performing CODEC loopback test... pass
-- Performing CODEC loopback test... pass
-- Asking for clock rate 16.000000 MHz... 
-- Actually got clock rate 16.000000 MHz.
-- Performing timer loopback test... pass
-- Performing timer loopback test... pass
-- Setting master clock rate selection to 'automatic'.
-- Asking for clock rate 32.000000 MHz... 
-- Actually got clock rate 32.000000 MHz.
-- Performing timer loopback test... pass
-- Performing timer loopback test... pass
64
Using Volk machine: generic_orc
gain = 38.0
-113.210385378
-113.97139908
-113.525731855
-113.176972385
-113.540852033
-113.015838571
-113.206598758
-112.255303814
-112.591529981
-112.944640317
-111.907646032
-112.61388081
-112.568006987
-111.829192513
-111.219556091
-112.600226996
-113.094358883
-112.40597178
-112.685488924
-111.61692165
-110.86617928
-110.709380041
-110.062154184
-105.646183878
-104.896981067
-106.648391582
-109.990870468
-111.939962277
-110.97019983
-110.72941742
-111.419131944
-112.842221595
-111.689194333
-112.576777797
-112.961921371
-113.119600951
-113.1057059
-113.226386858
-112.55062279
-112.892586589
-113.06607036
-112.082585591
-112.635335919
-112.163783766
-112.424705802
-112.638251371
-112.74538967
-113.472779284
-114.113074198
-114.003782923
-112.605072603
-114.242910746
-114.33651172
-113.958784294
-113.097336319
-113.078704067
-113.377436628
-112.60329843
-112.598306791
-112.622656703
-112.468046438
-113.350803577
-112.792739041
-112.52089514
-111.274527918
-111.64249011
-112.169214304
-111.422685411
-110.681844883
-111.039515215
-109.76607938
-106.589788396
-104.999656094
-107.758969033
-110.849069866
-111.064746419
-111.715833105
-112.203631259
-111.831248993
-111.768489063
-111.74386158
-113.210175682
-112.756705961
-111.459109046
-113.15832301
-112.773386906
-112.398629468
-112.655987708
-112.472581634
-112.819599539
-113.991538255
-113.444178718
-112.540958607
-112.86514279
-113.898568671
-112.472497528
-113.380308851
-113.142274692
-113.671723576
-113.396001987
-114.095616832
-112.972120915
-113.054177076
-113.465132599
-113.924743325
-113.409663882
-113.484737425
-113.800912401
-113.430342287
-112.391503694
-111.841942597
-112.732567454
-113.084248592
-112.161643925
-111.623354699
-111.970571055
-110.375525621
-110.769469867
-110.999790312
-107.649427635
-106.043417836
-107.522085961
-110.115075658
-111.385929079
-112.123172984
-111.801464825
-112.242316422
-112.788153175
-112.016076897
-112.925023066
-112.095884672
-113.042742457
-112.394869376
-112.423775686
-112.631976733
-113.511727111
-112.32127401
-111.287657776
-112.500583564
-113.428681394
-112.868116569
-113.598495769
-112.761972286
-113.802684508
-112.842480759
-113.449608967
-112.501646568
-113.634442264
-113.351628158
-112.719331193
-113.257985232
-112.662709145
-112.228881056
-112.903414373
-113.950069755
-113.557601844
-112.735657575
-113.055293221
-112.065987024
-112.79187955
-113.223197688
-113.309917601
-111.543379101
-110.987208567
-111.140282783
-111.381825357
-109.641078859
-107.053330591
-105.569621883
-106.378019948
-109.023226605
-110.855860521
-111.759867291
-111.446189399
-112.131547241
-111.673390764
-112.51615695
-113.628741458
-113.063712849
-112.159431102
-112.625351095
-112.838929056
-113.303772423
-113.567283973
-112.660847129
-111.928814877
-112.631775808
-113.463893294
-112.682784813
-113.395907884
-113.191476147
-113.05345016
-113.196927054
-113.606782139
-112.781403534
-113.421002047
-113.547088826
-112.91561045
-112.643137437
-112.985794333
-111.664946569
-112.040568948
-112.732466303
-113.458365465
-113.199073774
-112.885676643
-113.051338326
-112.694937209
-113.090709465
-111.813587574
-112.09419127
-111.702323481
-111.020125117
-110.985999978
-109.81008669
-106.798080001
-106.577089387
-107.655095916
-109.62005769
-108.962910765
-111.67606176
-111.645051592
-110.057835777
-112.539291582
-112.64424826
-111.172263087
-113.031418041
-111.698859105
-112.772362963
-113.291579732
-112.970591862
-113.394505204
-112.172243288
-112.024225892
-112.674756422
-112.406434738
-112.927160759
-112.937248602
-112.75686394
-113.462875277
-113.700131403
-113.061797464
-112.977838686
-113.152333395
-113.838841922
-113.4892831
-114.094435389
-113.587401135
-113.260102106
-113.179142523
-113.023477897
-111.434858851
-112.520475217
-113.262096116
-112.534532937
-112.396686942
-112.725109743
-111.707643161
-112.377782549
-111.339438291
-111.508434537
-110.200218193
-110.478781591
-107.201318201
-104.773123558
-107.253501352
-110.434433573
-110.22003625
-110.837181535
-111.929584742
-111.938282911
-112.796229467
-113.134495241
-112.86306289
-112.870994459
-112.572195025
-112.320378586
-112.775119331
-113.709689142
-112.932962004
-113.536995815
-113.602636072
-113.770939526
-113.953901075
-114.133709353
-113.356735502
-114.138357625
-113.400938812
-114.113709178
-112.858785919
-113.412356883
-113.740010336
-114.033606506
-112.744654306
-113.068496405
-113.337118336
-113.602597139
-113.295794265
-112.233720757
-113.415323411
-114.05523555
-112.963870576
-112.194409551
-111.647653259
-112.375891303
-112.523753814
-112.047870567
-112.481937649
-111.791102083
-110.873944856
-109.929411801
-106.859381578
-105.877076812
-107.291842813
-108.996977215
-111.56473859
-111.777084869
-111.34446291
-111.454062168
-111.895090808
-112.175405074
-113.42612952
-112.871376996
-113.558703708
-113.099283976
-113.072995496
-111.75154785
-113.088435061
-113.318257153
-113.633966189
-112.67529282
-113.598365063
-113.220019564
-112.548063481
-112.341379772
-113.134106289
-113.987151749
-113.280346642
-114.044469711
-113.629608698
-114.009851601
-112.623936475
-113.079136245
-112.83188136
-112.963312957
-112.157105492
-111.730005183
-113.481012128
-112.944481972
-112.715230661
-112.71183015
-112.361650485
-112.918032745
-112.050609269
-112.521017949
-112.065007359
-111.917104829
-110.486804174
-110.27641934
-107.271968155
-105.581871196
-106.652785284
-109.912923273
-111.258937996
-112.427558136
-111.748856625
-112.217313069
-112.521002068
-112.543741833
-112.275043088
-112.439034722
-113.488792686
-113.112265922
-112.871054132
-113.353886517
-112.361598777
-113.122928947
-112.660793555
-114.249868067
-113.39323412
-113.878591183
-113.943851366
-113.748052256
-113.517820078
-113.546542235
-113.308074953
-113.380775122
-112.792431363
-113.254456473
-114.010109163
-113.432099574
-113.475857737
-112.740162333
-110.927975716
-112.913276413
-113.240420437
-112.269024763
-112.387294952
-111.45709959
-111.970002469
-112.101524401
-112.358707152
-112.650681377
-112.154994563
-110.393741171
-109.841600601
-110.200535455
-106.90496813
-105.172741137
-107.461554698
-109.061018247
-111.47986909
-111.210417633
-111.737812511
-111.645501009
-112.111249491
-112.32721065
-111.547909482
-112.772651273
-112.924877441
-112.685528876
-112.650498127
-112.998550057
-113.016029202
-113.794431109
-113.170131604
-112.936735944
-113.593672205
-114.328538593
-112.00596461
-111.248922994
-113.008631955
-113.74403341
-114.39326269
-113.8556963
-113.011952223
-113.22522836
-113.422319068
-113.017225785
-112.718978438
-113.088669929
-113.366937372
-113.11158663
-113.183290396
-113.831994067
-112.956494072
-113.466805299
-113.102347498
-113.332358133
-111.538604905
-112.414716527
-112.094175596
-112.106769806
-111.25969547
-109.487030521
-106.301132833
-104.341298554
-107.949310099
-110.335708345
-110.882412988
-111.549249768
-112.697167432
-113.159936383
-112.120236907
-112.758211092
-112.548384156
-112.267393322
-111.277427453
-113.397546356
-112.310067397
-112.616408147
-113.173841431
-113.523530841
-113.09373473
-112.671295379
-113.633101271
-113.878672711
-113.019327425
-112.641000082
-114.010641242
-112.514043116
-114.509988203
-114.223713293
-113.011577647
-112.592939465
-113.59218296
-114.119451637
-113.424938232
-113.215434791
-112.468137082
-112.539595661
-112.50058251
-112.186308966
-112.714156877
-113.961025645
-112.521854411
-113.270207546
-112.452231981
-112.006850788
-112.187314749
-112.05025334
-111.366366085
-109.602863096
-107.656715863
-105.498635467
-106.580805353
-108.158736387
-110.817220683
-111.557511344
-111.084794567
-112.209899244
-112.003261426
-110.823951176
-111.215631618
-112.310213298
-112.716916041
-112.931737983
-113.680546423
-113.602449108
-113.609004001
-113.101757695
-112.898441888
-113.195145733
-113.144935179
-113.100008121
-112.761082684
-113.272774718
-112.858848858
-113.822768439
-113.687984844
-112.550730808
-113.603329676
-113.061786272
-112.807846191
-114.07643309
-113.414729856
-112.150518158
-113.838467177
-113.493019034
-112.856338107
-113.537133605
-112.362016543
-112.192431247
-112.009638397
-112.556600858
-112.49685878
-111.715897899
-112.188074632
-112.526616492
-111.774629183
-110.599033205
-108.26080686
-105.422728468
-107.529282383
-110.082046255
-112.452067684
-111.139579228
-111.761186337
-112.560729827
-112.588084073
-113.04636412
-111.362207018
-112.08346457
-112.659863587
-112.486963907
-111.6644453
-113.403788138
-113.255327319
-113.457185879
-113.863934369
-113.195242592
-113.55600757
-113.15561306
-112.658097852
-113.753109052
-113.478626868
-112.328616571
-113.440313591
-113.69694214
-113.787689717
-112.90275156
-113.475919293
-113.255027685
-112.979882909
-112.796232475
-112.27890674
-113.054416083
-112.426911268
-113.784391153
-112.338596321
-113.030965583
-112.831457558
-112.863117491
-113.331172299
-112.310705162
-112.894346465
-112.233370308
-111.212646918
-109.692567279
-107.202577033
-106.332936498
-106.571374855
-109.613085469
-110.878185561
-111.81388954
-111.697699574
-112.21299784
-113.058746825
-112.077947974
-111.946856611
-111.85466605
-112.356908807
-114.071085547
-112.030332716
-113.18063466
-112.99438791
-112.882442669
-113.940583287
-114.303040056
-112.599299486
-113.220580046
-114.00797007
-112.492304135
-114.043701957
-114.354140358
-115.354659452
-114.102078369
-112.89782217
-113.892641801
-113.257528196
-113.766175941
-112.934261668
-113.884680049
-114.074502815
-113.463628026
-113.796204832
-113.094612194
-113.367725995
-112.124520813
-112.873388162
-112.825029026
-113.693821327
-112.071988999
-112.247233419
-112.652793673
-111.593078667
-99.0833428984
-89.2320583001
-86.3850003526
-90.0981419347
-101.284365841
-111.345171381
-111.351368428
-112.288230213
-112.441143882
-113.471252735
-112.946162593
-113.235752098
-111.883159805
-111.66262905
-113.256948293
-112.414522995
-112.244897085
-113.321570814
-113.496806783
-113.497447896
-113.359610758
-112.275799467
-112.425193201
-113.438919167
-113.845274988
-114.025468165
-95.3489945054
-96.3162364053
-97.8965157886
-98.0269823934
-97.0584817552
-96.996603717
-95.7402206766
-93.9590192866
-92.7009391962
-92.0969366608
-90.5396442384
-88.9336433922
-86.9552005899
-85.2574558261
-83.6016024128
-82.8188262849
-82.8675758574
-81.9598350778
-81.6408493252
-75.1124292476
-71.2949360159
-58.1937503863
-50.1586143017
-47.3601204966
-50.9807190439
-60.8043562606
-70.9447653444
-67.4114012252
-70.1528873245
-80.6848966418
-81.9378186697
-82.394211227
-83.7260379349
-85.9523587389
-88.0090502357
-88.7186669986
-90.3279745199
-91.8502687953
-93.9189961931
-95.6888373228
-96.082832055
-96.3751633041
-97.9230786861
-97.6893440683
-97.5481888661
-98.0675717927
-97.267222907
-96.817292897
-86.8002504911
-86.4048326851
-86.0454035348
-85.4710079015
-85.1023525514
-84.8106638437
-84.4222454088
-83.8604840462
-82.8806013298
-82.0273953816
-81.3920271713
-80.6267556703
-79.8600517575
-79.0577685783
-77.980677557
-76.9507992059
-75.9648264417
-75.3524354601
-73.6938033272
-69.7324815653
-65.5948755912
-56.9157912858
-50.0965459299
-47.2941312277
-50.9698172306
-58.3952913525
-69.3465466232
-70.1732249638
-71.0977618849
-72.4734343636
-75.2606489646
-76.8166785346
-77.780384928
-78.851192226
-80.0354194334
-80.8244567747
-81.3910330662
-82.1384551004
-82.6284286891
-82.99462812
-83.6545392515
-84.376998671
-84.9370887877
-85.2844157882
-85.7650012311
-86.4072579765
-86.7511404109
-87.052628222
-83.3483351545
-83.0063756539
-82.6300255035
-82.1677248782
-81.6893081464
-81.1811457935
-80.6096614189
-80.0319807594
-79.4552172791
-78.8077077091
-78.1074458762
-77.3660302959
-76.5465463613
-75.65242637
-74.7087376454
-73.5887449901
-72.2497405971
-70.5969975092
-68.4791289673
-65.9659156965
-62.3806068986
-57.6550653127
-50.2418627491
-47.4342810131
-51.1275750884
-58.6057652195
-63.5285271467
-68.6058951627
-70.9433968454
-72.945372519
-73.1547786759
-74.1347785949
-75.1647267395
-76.057543408
-76.8675574556
-77.665839942
-78.4540075003
-79.1395902898
-79.7692340438
-80.3955238601
-80.9284040046
-81.360761623
-81.8135420965
-82.2773446457
-82.7194538243
-83.1584700016
-83.5993459363
-83.9710616879
-109.678540664
-109.695634123
-108.642682395
-108.55467451
-108.134889312
-108.658343876
-111.009729014
-107.524281965
-105.540320841
-107.870206093
-105.111583992
-103.704932719
-103.757239419
-105.061130525
-101.434764315
-101.412358666
-100.529177292
-93.601275626
-85.7799097656
-83.3165591219
-77.9200157878
-60.1645817999
-50.2749051864
-47.421408181
-51.034428981
-61.087980352
-70.5338847161
-70.1251140993
-73.4292663963
-83.5732565909
-100.498461757
-100.661357569
-103.245224133
-105.34130605
-103.919960939
-103.151745415
-105.517757315
-105.619120203
-107.248307008
-108.260659984
-107.67456233
-109.754467274
-110.604957373
-109.132170533
-107.980154825
-109.554022014
-109.969877136
-111.48451824
-88.9655574892
-88.7453546174
-88.0254988665
-88.0306713425
-88.4518571695
-88.1770965062
-87.8260085154
-87.5388822145
-86.7716496932
-85.4368762115
-83.9707109943
-82.831573395
-81.6965812398
-80.0136338543
-78.5207529756
-77.4403130791
-75.9705367726
-73.6063965196
-71.1507601574
-69.3690854
-65.0810775592
-56.9582781494
-50.173351163
-47.3072501802
-50.8726906036
-57.3848514166
-64.5819332169
-69.828055477
-73.2353813706
-73.2859488341
-74.5457584576
-75.799731443
-77.1752519944
-78.4910917198
-79.6831897613
-81.2398565227
-82.6926546723
-83.6852429114
-84.4515062784
-85.3601402911
-86.7533500166
-88.2289645522
-89.2190410546
-90.5279359697
-91.418021586
-90.6939687872
-90.4631813254
-90.9433184402
-96.3297880776
-96.381257791
-96.3568550563
-95.8601039841
-95.1989040301
-94.9738049817
-94.9910763943
-94.2910990368
-93.6093427011
-92.5917338745
-91.3655091787
-90.8750704548
-89.6752789726
-88.2705262839
-86.9801986615
-85.6415414334
-84.2202883766
-82.6612678751
-80.7692960367
-78.8022722782
-77.0558222923
-60.0053409695
-50.0538732311
-47.1629387059
-50.6816720727
-60.7453015793
-70.6452930316
-69.9779503582
-73.261843826
-81.3058442265
-82.8689416391
-84.1812631458
-85.4834373013
-87.0304163073
-87.9982317635
-89.1406275418
-90.8247559454
-91.7617571731
-92.6770570017
-93.782388077
-95.2623577578
-95.7626582723
-95.668884828
-96.7119093695
-98.0527205277
-97.6785096157
-97.1287460917
-97.3439067944
-97.8493571508
-97.0800506845
-96.3023435763
-95.2866258186
-95.9109513746
-96.3596630539
-94.5711288915
-93.2206343897
-93.6055769164
-93.9547547194
-91.3633654028
-90.4272340214
-91.3530292971
-89.9047303329
-87.5039084311
-88.2469070487
-87.5615012044
-87.6482659256
-83.2461651395
-77.9248911256
-77.6372077031
-59.3431515618
-50.0685444555
-47.219560033
-50.7513871417
-61.0467721453
-73.0991287077
-70.2557065847
-73.4814634091
-78.8199140429
-85.8553883844
-88.6056953115
-89.6517496341
-88.8900168778
-89.8149411363
-93.0524571709
-92.5789214222
-91.844418666
-93.2326982279
-94.3544329719
-94.6478763108
-94.5958894764
-95.7834470033
-96.7927529591
-97.4936300736
-97.158996727
-96.8366886307
-97.1540157788
-82.9039680755
-82.5929254863
-82.2108477097
-81.7285664735
-81.1337928898
-80.4942829351
-79.9277300961
-79.4170931907
-78.8853490396
-78.3192586365
-77.6670665255
-76.9238763879
-76.1119406954
-75.2188336765
-74.2254784572
-73.1801281885
-72.0839178738
-70.7955834825
-68.9513298197
-66.2964773154
-62.6732655279
-58.5368326703
-50.1510092052
-47.3068950563
-50.8873860061
-59.9998415808
-62.9513811478
-65.2805711875
-67.4217758818
-69.5331422509
-71.1735778023
-72.6322660345
-73.8408706044
-74.8927929509
-75.8110525288
-76.6155982947
-77.3814048599
-78.1777586576
-78.9187160622
-79.5588296164
-80.1663460668
-80.7148171164
-81.1208374134
-81.501312523
-81.9632127835
-82.4774641751
-82.9619626761
-83.3296471841
-110.467648539
-111.916330725
-108.735529667
-106.879580349
-107.058521885
-106.692177302
-105.163599252
-105.201519337
-106.757875503
-105.955698466
-103.944053131
-103.979873418
-102.786115515
-101.265492068
-100.407080321
-100.030862687
-98.6826224398
-95.8669092648
-86.6413306894
-84.0143338808
-77.6385577242
-60.0114899178
-50.1923005285
-47.346765111
-50.9224687801
-61.0027472221
-70.8153558988
-70.3132252244
-73.6734612087
-83.7426440515
-98.8336942976
-100.750669207
-101.204448943
-101.156525164
-102.27583322
-102.897025829
-105.042154793
-104.169691889
-105.538032994
-107.505287611
-107.088001519
-109.169662724
-109.388078714
-108.520549241
-109.731877174
-110.877778951
-108.716076753
-109.633594334
-83.9561215278
-83.6378949097
-83.2819716611
-82.7908531229
-82.2270385779
-81.7214765358
-81.2186153182
-80.6207965691
-79.9207202739
-79.1876601167
-78.4633519779
-77.7322518212
-76.9767078495
-76.1142032293
-75.099052579
-73.9491632875
-72.5952528225
-71.0496943687
-69.3368988736
-67.1716219825
-64.0641035259
-60.0147941498
-50.2526360734
-47.4694077246
-51.1686604653
-60.9333361243
-63.6194378774
-66.4126170001
-69.1467915245
-71.5873879373
-73.3001890683
-74.5259617028
-75.5704556183
-76.4991367009
-77.3698848406
-78.2162611666
-79.0175444346
-79.7256048522
-80.3002031598
-80.802252287
-81.3551865565
-81.9313124948
-82.407865572
-82.8283765143
-83.306977843
-83.7818722713
-84.1458224316
-84.4608378449
-90.8467967546
-90.6372723738
-90.5514886315
-90.5785931713
-90.531064117
-90.255203067
-89.684880647
-88.9627212075
-88.4123364223
-87.7431644896
-86.8184746638
-85.6130967448
-84.3205188037
-83.0608756835
-81.6996241174
-80.2279865693
-78.6640440454
-76.8882160271
-74.8710300924
-72.6022735468
-70.3013108518
-58.9990537517
-50.0565964741
-47.2903221214
-50.9438561272
-60.6371505578
-70.9169785797
-70.3012678462
-73.2018431863
-75.9991011388
-77.2836790466
-78.6080089872
-79.8989261443
-81.1609919902
-82.3908312542
-83.6027060575
-84.9002483478
-85.9656158638
-86.9785079723
-88.39776027
-89.5606547113
-90.1369018649
-90.6697705462
-91.6041750461
-92.4658482553
-92.9707865458
-93.1429438641
-92.9589503854
-97.2229944449
-98.5780975263
-97.4783380635
-96.1796391693
-96.2546100467
-95.8766187468
-95.0075538283
-94.5506355819
-93.8272578531
-93.4232358436
-92.3748843629
-91.984559865
-91.0585691032
-90.1482342337
-88.945141873
-88.2437739789
-87.3531866936
-85.7799193321
-84.7031102342
-82.7046098767
-79.8417817455
-60.1367954363
-50.2823636903
-47.4774936176
-51.0993544204
-61.3652340019
-71.1215079388
-70.2532280278
-73.4786144557
-83.2614330878
-86.4645698026
-87.5195884849
-89.0280170653
-89.7480684087
-90.8249531012
-91.4718322894
-92.1775105588
-93.2194514129
-93.6813590151
-94.4509201984
-94.7117723089
-95.4469877577
-95.7563073246
-96.4670555894
-97.0922177692
-96.7673798798
-97.1493185198
-98.3959437827
-83.0698859194
-82.7076689953
-82.3625082257
-81.9810728952
-81.5491110499
-81.0282647808
-80.4314492325
-79.8084040306
-79.1745627711
-78.5239212775
-77.8277023662
-77.0402999135
-76.1783559417
-75.2608328626
-74.2724045448
-73.2096726741
-71.9789461244
-70.5437195377
-68.885507062
-66.6830208117
-63.3534215652
-59.4389872542
-50.0087599427
-47.2050513471
-50.853442282
-60.0160109564
-62.9046658725
-65.2528700673
-67.4107016917
-69.7116267812
-71.7443924979
-73.2794921549
-74.4705813594
-75.4609568758
-76.3262377791
-77.1039918622
-77.8030389201
-78.4979878846
-79.1949351163
-79.8040828659
-80.3017828142
-80.767156081
-81.2644062318
-81.7847947387
-82.3308952328
-82.8251118318
-83.1767716833
-83.4708826379
-93.6254310716
-93.6854087533
-93.7402727371
-93.4683594832
-93.1790128425
-92.7129212253
-92.1080884598
-91.9034998012
-91.4015967535
-90.6365739368
-89.6641324066
-88.7994896185
-87.6372077618
-86.3606099908
-85.1174417502
-83.6912929123
-82.113294169
-80.2930040254
-78.3230567776
-76.2543896538
-74.3272976418
-59.2388363882
-50.2378464758
-47.4559380105
-51.1473991852
-61.2755372474
-71.2504680671
-70.2238138726
-73.3538191034
-79.3018846849
-80.9857361792
-82.2098757726
-83.4343681589
-84.655707409
-85.8541725499
-87.0207060696
-88.020442797
-89.1700700728
-90.2081928951
-91.4034909219
-92.6697683826
-93.3284749427
-93.9977991304
-93.7038318839
-95.1645829665
-95.58715591
-95.4311544052
-96.2037970532
-86.7196681745
-86.9182519587
-87.131583296
-87.1401249549
-86.8599406671
-86.3069891327
-85.5574542168
-84.6712158437
-83.7355689411
-82.7751562093
-81.7106030001
-80.51464727
-79.2502543932
-77.9595927973
-76.6706365645
-75.4163346776
-74.1043837227
-72.4606991777
-70.1872966006
-67.2573106292
-63.7861453122
-60.3606843703
-50.482335739
-47.6905187
-51.3461444794
-60.9915965112
-63.9325790385
-66.2853843754
-68.1792428071
-70.1716610801
-72.1236250483
-73.8337200265
-75.3655673281
-76.8742151886
-78.326103571
-79.6683865511
-80.972075807
-82.2505769123
-83.4967496413
-84.681999411
-85.7805301051
-86.7049581519
-87.3004780858
-87.6137814067
-87.8147781674
-87.9464074419
-87.9518262802
-87.8861395671
-93.3130880732
-93.3277185539
-93.2375624096
-92.3693649139
-91.7230902796
-91.3508406075
-90.5467757254
-89.9180534247
-89.4843513444
-89.1405715418
-88.3282538242
-87.3731862068
-86.5095675208
-85.6053911101
-84.720412118
-83.5692727852
-82.4297757438
-80.9863883987
-79.2154287983
-77.3614432807
-75.7193295793
-60.1967999395
-50.3381944844
-47.5036733725
-51.0977433366
-61.3594627023
-71.0119377125
-70.2128225744
-73.3969753514
-81.9144096084
-83.393188727
-84.7932756086
-85.8477735218
-86.4572336725
-87.289535032
-87.9472686694
-88.5809016541
-89.426313859
-90.1792223373
-90.7473870577
-91.2957057549
-91.7513948131
-92.3778270062
-92.5320849125
-92.708083228
-93.2924660466
-93.5113916825
-94.1657046702
-86.3897513485
-85.7530927356
-85.4483898198
-85.0596164016
-84.462809077
-83.9772683504
-83.5619769352
-83.0263064149
-82.2492932386
-81.6155190394
-80.967882645
-80.1745964768
-79.5765961651
-78.7856100351
-77.7518340507
-76.4724859775
-74.9942596007
-73.5834976812
-73.0060340387
-71.5686642447
-65.95174015
-56.9113511501
-50.2725575415
-47.4592620689
-51.0949373018
-58.9790984774
-65.3718357764
-65.7500018529
-67.9531559451
-71.8523949737
-74.786693804
-76.1248816249
-77.2932821267
-78.110497928
-79.0856306157
-80.1987134261
-80.8219507611
-81.4639334838
-82.1385325322
-82.6299743667
-83.2533727595
-83.7185760402
-84.1724107674
-84.8384810344
-85.5273282754
-85.9312977221
-86.0061723508
-86.1894956111
-111.283424746
-108.243973114
-108.652217304
-108.409693242
-108.912915644
-106.354257698
-106.076597256
-108.434862928
-107.653585185
-107.171271594
-106.44192676
-105.10037549
-105.124013527
-103.010058656
-100.472053773
-99.730722013
-101.873564849
-93.7223409457
-85.472514266
-83.4422133496
-77.0955206467
-59.9714429869
-50.1276754568
-47.2661401338
-50.8493115218
-61.0927404803
-70.4869291722
-69.7645167941
-73.3488010682
-83.6343795104
-100.09314587
-101.246267976
-102.496337727
-103.789962816
-104.933032897
-103.864892095
-103.81482288
-104.818360379
-108.823103786
-110.497427056
-107.839707511
-108.452729002
-108.749947041
-108.320440578
-108.150441856
-109.118333915
-111.048897576
-109.076013664
-84.2259312483
-83.9479638895
-83.6794631939
-83.2789642557
-82.6817922892
-82.084342961
-81.6019826477
-81.1117377584
-80.4049982744
-79.5870932872
-78.8218763744
-78.0192391362
-77.1999097167
-76.354733822
-75.4205246808
-74.2522788684
-72.8507642541
-71.068244192
-69.0077883557
-67.2508215527
-63.5947525755
-56.6798543879
-50.0239722491
-47.1334064108
-50.6668812434
-56.6959559215
-62.0028517257
-66.8480047226
-73.2191544963
-74.7723161739
-74.4238726651
-75.2113114405
-76.2608735559
-77.3168466873
-78.275102515
-79.1381788172
-79.7734707474
-80.2834221225
-80.6716647441
-81.1355978612
-81.8078460702
-82.4328171774
-82.8108782989
-83.1260142528
-83.6333681632
-84.1413866639
-84.5809960122
-85.0781679373
-86.0835069579
-86.3138787105
-86.4460954068
-86.3091840154
-85.8810351055
-85.4970115263
-84.9370295377
-84.1012216864
-83.2495576075
-82.2845534147
-81.1250452254
-79.8630931415
-78.5318285066
-77.1856266666
-75.9472662813
-74.830806301
-73.6751570874
-72.1641350451
-69.553404127
-66.0566537689
-61.7164629505
-56.4105759281
-49.9902099939
-47.1254410336
-50.6528934049
-57.5648709256
-62.6105944885
-64.6462042603
-66.3384895504
-68.8964851878
-71.169247018
-72.7840097341
-74.3012111133
-75.8654864521
-77.3812747244
-78.8212084964
-80.188791269
-81.5874243128
-83.1070065462
-84.690970232
-85.8306544782
-86.6109862005
-87.3897676525
-87.7633958827
-87.67569631
-87.5995061539
-87.642466699
-87.5558004845
-91.0581401089
-91.255736051
-91.1036984403
-91.3563745114
-91.404883881
-90.9017018106
-89.9708653003
-89.6725432155
-87.9288291947
-86.8342397568
-85.8112743799
-84.2838812165
-82.4738722443
-80.7276447256
-79.4267728546
-78.6313131021
-77.612021797
-76.1506583534
-74.5793222262
-70.8537019242
-65.776103533
-56.9048421083
-50.3029494189
-47.4539482989
-51.0016082043
-59.1799073285
-68.2093573766
-66.1013177669
-68.3755577448
-73.9312220057
-76.4590496976
-77.5283134856
-79.4006917998
-81.2931996854
-82.4170698805
-83.5601614278
-85.0369261301
-86.586310436
-88.0093727929
-89.0663710918
-90.110123789
-90.99708684
-91.5546892597
-92.8468723067
-92.4346800098
-91.8238977087
-91.7110578326
-91.7255531294
-83.4502772823
-82.9209518023
-82.4643425027
-82.0172772435
-81.5177232307
-80.9807632452
-80.4420730087
-79.922932178
-79.3496791152
-78.6368553722
-77.8502422442
-77.1090122747
-76.3549267239
-75.4985838219
-74.5075700897
-73.3966227212
-72.191779794
-70.913478318
-69.2958931631
-66.7941970844
-63.1004527278
-58.9241865435
-50.2345245656
-47.3844882461
-50.9473019919
-60.1078987445
-63.7202061456
-65.9335695583
-67.4891219502
-69.3936667452
-71.2714548654
-72.7436401845
-73.9647161432
-75.068695921
-76.0855413079
-77.0356554284
-77.8709625203
-78.5395276541
-79.1049844052
-79.6974497694
-80.3291645717
-80.9514308242
-81.5066579009
-81.9711788325
-82.3507308297
-82.6681819377
-82.9776281617
-83.3003695507
-100.764743319
-99.7019474221
-99.6394802971
-99.5485056147
-99.7825819241
-98.2825666384
-97.4215062428
-97.7875071133
-96.5871965862
-96.3725385281
-95.0592807263
-93.8646663531
-94.2077971718
-92.9468972593
-91.6256980641
-90.4291124314
-89.0140949132
-87.3990424897
-85.6755210591
-84.0424467618
-77.0749149312
-59.8889320125
-50.1528951809
-47.3117976198
-50.841318646
-60.7644033696
-70.7478851641
-70.2431373083
-73.5986961773
-83.8227404473
-87.7775966873
-88.9611535041
-90.5668299762
-91.4892060556
-92.3310108497
-93.81376661
-95.1779339718
-95.4986171415
-96.7204336391
-97.6428996977
-98.1961292773
-98.1792199616
-98.6188119232
-99.9577929506
-99.5289799308
-100.172237563
-100.424383922
-101.223598556
-83.3559636952
-82.9894742463
-82.6505137723
-82.2862155699
-81.8409141439
-81.3338186071
-80.8003031986
-80.177457259
-79.4671452568
-78.7485941957
-78.1016663867
-77.4457649342
-76.6300791683
-75.6838130465
-74.7132946868
-73.6265097332
-72.2979388744
-70.5705378849
-68.360281162
-65.8726579204
-62.2603693463
-57.1989763499
-50.0546839011
-47.2672278698
-50.9277890842
-58.2322850749
-63.8453827721
-69.6285318288
-71.7412401304
-71.9265946958
-72.6545640209
-73.8588480985
-74.9751465579
-75.8859896667
-76.6845000618
-77.5267341082
-78.4232402461
-79.1838803723
-79.7387556593
-80.2183316741
-80.7501512061
-81.298269174
-81.793377131
-82.261601014
-82.7319364397
-83.211320705
-83.6483406237
-84.0040705899
-86.7142885475
-86.5838314434
-86.2203131132
-85.7354671176
-85.1614461525
-84.3438714007
-83.8338017725
-83.5063177258
-82.7988045772
-81.8686833864
-81.2715003969
-80.8578423088
-79.9734275021
-78.780579695
-77.5306859197
-76.7531223982
-75.6877514418
-73.5187567315
-71.7696975572
-71.1246710558
-66.7413935668
-57.0134765569
-50.0105170428
-47.2250745242
-50.8653961342
-58.2423164172
-65.3468670688
-66.7175054567
-70.9379741422
-75.9950020557
-76.7454013612
-77.8340164283
-78.7201186782
-79.2101550113
-79.8829683597
-80.8115091355
-81.9847130913
-82.6674563968
-82.9480736062
-83.4961077231
-84.2491952543
-84.7592329566
-85.1050061683
-85.5487525309
-85.7935788974
-86.1385741026
-86.9280779865
-87.5770865004
-110.015689315
-108.538738769
-107.046205481
-110.347092249
-112.454888348
-110.754694833
-109.429058919
-108.943340242
-107.6773523
-107.84199953
-106.107967219
-106.979675074
-108.912875666
-105.85450352
-100.894443038
-100.21288985
-100.440371658
-94.3285932556
-86.3659579549
-84.0871450719
-79.9145779022
-59.9518651199
-50.0818512939
-47.2757015783
-50.9059921842
-61.1057304083
-70.9613809387
-70.2898226974
-73.3350793263
-83.0126482222
-98.0909789091
-100.72088661
-102.800065215
-107.408596907
-106.132134959
-103.522279828
-104.065273189
-107.688909662
-108.128276004
-108.831346263
-109.980795632
-111.971053589
-110.825372947
-109.181677177
-108.769228302
-112.115843743
-112.416137633
-110.852502319
-101.899165708
-100.52294072
-102.820757416
-100.983850829
-101.587543909
-100.829096972
-101.743054433
-98.5561139475
-97.6106147275
-98.7670278515
-99.5106795256
-96.6361996873
-94.5377498414
-92.7656587075
-91.501358529
-91.3754597039
-90.4683331057
-88.8158124285
-83.6495728937
-79.0820057146
-77.1383296319
-59.5735599367
-50.1151832477
-47.3219698987
-50.9197222605
-61.0477430359
-71.3637761063
-70.1893511207
-71.9747765169
-83.2602748816
-89.2272157931
-88.0579754133
-90.7248289648
-93.0413436644
-95.0145856689
-95.6360913905
-96.1605309652
-97.565470434
-99.7380630578
-101.239090071
-99.5666389878
-101.580495814
-100.777084403
-102.665170285
-102.557731191
-103.900180272
-102.66029677
-103.570856639
-89.8753597067
-89.6823573472
-89.138635215
-88.4923775212
-87.9789696579
-87.5531359724
-87.1424086429
-86.4790775133
-85.9076203025
-85.2737372416
-84.4992599612
-83.6335035562
-82.9726668283
-82.2170076938
-81.2312714162
-80.1183997908
-78.9526741536
-77.5531604364
-75.8895236708
-73.8502365626
-71.7514629485
-59.1501705413
-50.1221826364
-47.3043801661
-50.8905026054
-61.7079912362
-71.5174487991
-70.2186048244
-73.346329708
-77.0048077954
-78.3208154671
-79.5212661797
-80.6091355194
-81.5532337577
-82.5180003516
-83.4307306879
-84.1184973599
-85.0058126945
-85.7676108352
-86.0117091975
-86.5074807633
-87.3390064268
-87.9427567636
-88.2160084995
-88.5418392963
-88.9377166942
-89.3990408158
-90.0088408561
-85.8067424802
-85.4246588575
-84.9693211817
-84.473493805
-83.9715557346
-83.4713179892
-83.0528593748
-82.6678204604
-81.8928690556
-80.9280118413
-80.1465971666
-79.5501979741
-78.9345473085
-78.0472936813
-76.7225769923
-75.4139272901
-74.2999738136
-72.4780720646
-70.3896365665
-69.0929307326
-65.3531179987
-56.95694353
-50.1161100909
-47.2872033453
-50.8827564063
-57.9408326657
-63.991246375
-66.4163365056
-71.0456046954
-75.3926905295
-75.9909319047
-76.6631098098
-77.2924116713
-78.1068738062
-79.1654123004
-80.2574939859
-81.0842346326
-81.5769733434
-82.0124677532
-82.5524624944
-83.1515939574
-83.6329806826
-84.1698268705
-84.7236955266
-85.1347404817
-85.5056700486
-85.8527885557
-86.033876731
-112.143154308
-112.617809129
-109.485743652
-108.206741794
-110.759753057
-110.454865537
-111.720492512
-109.342406665
-108.188200251
-109.624089333
-106.163627645
-104.397104821
-106.180969492
-105.856176883
-101.533755993
-100.506435415
-101.11824312
-93.645074165
-85.5354282113
-83.2124133837
-76.9178526165
-59.854419944
-50.037969782
-47.1979259404
-50.7387458059
-60.6647060659
-70.3803024069
-69.8288884524
-73.2561976947
-83.6019254583
-98.4175460048
-101.198007983
-102.388067784
-105.52984323
-104.804344113
-103.746587466
-105.517064176
-107.823902967
-110.508618599
-109.199196556
-110.512303235
-109.254027581
-110.653358688
-109.427414508
-110.276067864
-111.183120444
-110.972246871
-111.24815318
-110.338325855
-111.387681859
-109.323805579
-107.727102201
-109.870833157
-111.273001301
-109.97165443
-108.35423594
-109.211038493
-109.162503196
-106.354294891
-104.588261109
-106.469828332
-105.441221287
-101.504704731
-100.199349255
-100.524631574
-94.1819778213
-85.7192491266
-83.1614599988
-76.7194053534
-59.82577914
-50.0546960644
-47.2099826983
-50.7822899134
-61.6710030434
-71.6385120376
-69.5066370196
-73.0564628388
-82.9953326409
-99.952221906
-101.070639504
-102.593874016
-106.327622683
-103.978091007
-102.03213686
-104.253539339
-108.702307875
-110.71350535
-110.658149428
-110.934054861
-109.9872851
-108.596995812
-107.85275886
-107.633187992
-112.19847469
-109.947850902
-109.727566566
-88.1858495996
-87.8740298341
-87.3136587807
-86.773609989
-86.3152298892
-85.7896391244
-85.2340331645
-84.6377012103
-84.0151886791
-83.4619249047
-82.8275411113
-82.0208848001
-81.1121306708
-80.1423905611
-79.0297807049
-77.9217599323
-76.6867209006
-75.215643367
-73.1517804033
-70.786481283
-68.2800976844
-59.9589597305
-50.0413792161
-47.1958715945
-50.7710663398
-60.68757135
-68.8199790185
-69.9198437691
-73.3052017771
-74.761667982
-76.0193096247
-77.2471313702
-78.4613722632
-79.6708886212
-80.8437097147
-81.9741164241
-83.0952302406
-84.0722053077
-84.6815052234
-85.2634687984
-85.7607710616
-86.3319665971
-86.7396748493
-87.2130536294
-87.8203047753
-88.16288988
-88.4499022176
-88.7138414694
-91.5778385474
-91.5655995314
-91.2444226229
-91.0431895485
-90.547479941
-89.9818508541
-89.3923445082
-88.4759592478
-87.8188747319
-86.9276568063
-85.8511945511
-84.9064239761
-83.9639660333
-82.8228082571
-81.5554463078
-80.2515736991
-78.9044987287
-77.3234688772
-75.4326083082
-73.2184449664
-70.8624623784
-60.0314751501
-50.1441092374
-47.2646731812
-50.7735516378
-60.6102046049
-70.0608554352
-70.010421825
-73.5107267868
-76.7896761613
-78.5724947512
-80.1179288885
-81.455640693
-82.7057089051
-84.1250154869
-85.2995902732
-86.1682598296
-87.2035521473
-88.2547083565
-89.014121908
-89.6593969057
-90.2815456813
-90.8625775953
-91.269895024
-91.5694852409
-91.8486151531
-91.954147255
-91.927314316
-113.28085569
-113.994447054
-113.008343339
-113.593124237
-113.677901187
-112.812743517
-113.015651902
-112.211318297
-111.528119999
-113.308345272
-113.073709659
-113.702774931
-113.808664955
-112.650305795
-112.608901849
-112.771464128
-112.775982248
-112.845829235
-111.98043415
-112.316252317
-111.787341453
-111.686533014
-108.24501191
-106.650490156
-106.344856226
-106.821619402
-108.822081238
-110.699418418
-110.949589139
-112.172625643
-112.328387677
-112.834850652
-112.718904566
-112.53350574
-112.588371157
-111.40155481
-111.932950961
-113.387138866
-113.213085862
-113.428932793
-113.283900715
-114.171307523
-113.416214545
-112.901213221
-113.915438937
-113.515553405
-113.686834919
-113.679023407
-112.915607358
-112.469582056
-113.828293548
-112.981866093
-113.65973316
-112.980298302
-113.310085615
-112.745666904
-112.063104586
-112.903715755
-112.465929751
-112.142338526
-113.739765034
-113.215868368
-113.13438916
-112.562814134
-113.435488647
-112.810525589
-112.677699199
-112.11745846
-111.899769875
-111.906118177
-110.890800196
-107.740242013
-105.438820319
-107.047237219
-110.547405385
-110.962767663
-110.887343168
-113.032849151
-111.906978084
-112.481732705
-112.489468182
-112.751878829
-113.495213468
-113.724653095
-113.148832729
-113.197875109
-112.414570861
-111.622823772
-111.720134167
-113.573217119
-112.153083089
-111.498124187
-113.733996236
-113.858246121
-112.956097723
-113.213260933
-113.635311099
-113.558927342
-113.9083819
-112.796064034
-113.589373892
-112.900183343
-113.374175003
-112.696952076
-112.83628483
-113.30581534
-113.752353156
-113.732557449
-113.342580862
-113.03210952
-112.770511655
-112.313755759
-112.371697998
-113.60642961
-112.139306402
-111.047890402
-110.949430872
-111.039997979
-110.065155929
-105.987554924
-105.078574977
-106.519272556
-110.921369327
-111.73134314
-111.808396266
-112.220199955
-112.830592644
-112.748586737
-112.484200722
-113.050038632
-112.67667306
-112.87210123
-112.452417822
-112.483673068
-111.09961447
-111.82235402
-113.574657142
-113.546342029
-112.402401059
-113.838404563
-113.032188122
-113.277104175
-112.13402545
-113.478048793
-113.328833056
-113.562967722
-112.842380435
-113.354477799
-113.117470477
-112.909058934
-113.720498141
-113.534383081
-114.095949013
-113.854166742
-112.968999574
-111.721130621
-113.813022056
-113.815867405
-113.037555887
-112.224752427
-112.782110294
-113.2122251
-112.922622805
-111.81629072
-110.346002646
-109.506768678
-109.935019326
-107.64820753
-105.926799687
-106.683060055
-109.98189922
-111.185495853
-111.574975186
-111.686572619
-111.969254621
-112.753203215
-112.266213406
-113.274604964
-112.294006271
-113.562042824
-113.268991605
-113.535903901
-112.784153649
-113.260981618
-113.127584639
-112.586187498
-113.873569336
-114.006054579
-114.221195197
-113.768856696
-113.720505118
-113.309264652
-113.991811568
-113.404602513
-113.384596641
-112.974161272
-113.303564508
-113.530094047
-112.143936917
-113.31268071
-112.578512558
-112.56366617
-112.972956131
-113.991053562
-113.274624694
-112.36250206
-111.983250684
-112.488566827
-112.327773639
-112.046100242
-112.350516455
-112.492024382
-111.033233133
-111.26368191
-109.401575065
-107.075046618
-105.773772557
-107.493023734
-109.613444998
-111.116042556
-112.446203249
-112.865508766
-111.656949987
-111.974353789
-112.71357471
-112.749792196
-112.67154381
-113.302551274
-113.015690264
-113.111534071
-113.928545526
-112.975487431
-113.71544477
-113.450004064
-113.506305909
-113.578085077
-112.362321048
-112.564474886
-113.611925607
-113.405963028
-113.76410714
-112.84192825
-113.503485892
-112.624342309
-112.263277489
-113.337014427
-113.871826355
-113.727129435
-113.523430376
-113.570301207
-112.202657766
-112.634954055
-112.3717962
-113.029718788
-112.958033778
-113.234694666
-112.312349258
-112.100928478
-112.055038343
-112.245570064
-111.158795341
-110.556498633
-110.958651942
-107.941428816
-105.176221433
-105.741828524
-109.502169905
-111.076661253
-111.800439604
-112.538164408
-112.607387457
-112.094679739
-113.051000607
-113.104354316
-112.037759527
-112.627204459
-111.861551105
-113.292322333
-113.418047258
-113.486810866
-113.03042706
-113.684680382
-112.932096813
-113.167193541
-113.191858328
-113.132311138
-114.601658635
-114.077135451
-113.601511691
-113.052776814
-113.990123934
-114.049376615
-113.802984591
-112.697769826
-112.3391063
-113.363297583
-114.01974042
-113.948105607
-112.850120868
-112.9211401
-112.781244285
-113.685422282
-113.229465787
-112.303068565
-112.089300652
-113.047841201
-112.663384814
-112.635924723
-109.62783576
-109.358790355
-107.506456645
-107.18792337
-105.654609865
-108.050147282
-110.478375867
-111.217467024
-111.297215179
-111.068835647
-112.26889922
-113.047057584
-112.555432189
-112.908441559
-112.54086324
-113.627188695
-113.404829597
-111.759345175
-111.245457012
-111.855769553
-112.749333182
-113.448522199
-112.923474496
-112.371012689
-113.030338966
-113.549648842
-112.633402667
-113.001973401
-113.371328722
-114.042464916
-114.218433108
-113.717530491
-113.127755484
-112.602405142
-112.452987204
-112.495136678
-113.375048711
-112.998260928
-113.852769596
-112.806076923
-112.472736937
-112.755659869
-113.171170151
-112.588404491
-112.296606448
-113.00058829
-112.78578535
-112.106138843
-111.557471485
-109.992236838
-109.787130591
-106.694460253
-105.107993488
-105.679319714
-110.097018463
-112.042845612
-110.923989079
-111.350323923
-112.300716097
-111.906850941
-112.569738248
-112.690393963
-113.459440682
-112.719036059
-112.56005071
-113.091346061
-113.29731184
-114.154110964
-113.8000676
-113.151917132
-113.690978567
-113.856730064
-113.032225439
-111.663331417
-112.849171922
-114.258643998
-113.138189791
-112.735661654
-114.036910345
-113.860281003
-112.584993292
-113.447686006
-113.474176273
-113.910779141
-113.726244367
-113.79715588
-112.787154636
-112.918580326
-112.481172131
-112.857126565
-112.597495702
-112.173001842
-113.041885357
-112.292912525
-111.044330204
-111.902525073
-110.682407338
-111.054639362
-111.095175944
-106.616504833
-104.198672685
-106.24283954
-108.993126238
-110.685006113
-111.462704515
-112.145244924
-112.185740824
-112.302257422
-113.324583383
-113.509668774
-112.970635699
-112.745473284
-112.978315049
-112.854421319
-113.172030603
-112.866956545
-111.685242267
-110.676654511
-112.722072948
-113.768317685
-113.545683381
-114.091429481
-113.497073644
-113.466528884
-114.0134305
-112.526786107
-112.751246929
-114.054212718
-114.35720451
-114.250537294
-113.937554336
-113.335697901
-112.59752264
-112.12187547
-112.999599196
-112.979884478
-113.038620853
-112.992787661
-112.887847661
-112.895411503
-112.96285738
-112.457857965
-112.077801385
-112.235367683
-111.859255378
-111.36919957
-109.630788646
-106.343403272
-105.199283878
-107.270522184
-110.223343772
-110.033943032
-110.302494668
-111.859743278
-112.882834654
-112.058725025
-112.990017049
-111.829577427
-112.338643018
-113.503106695
-112.801882032
-111.712602558
-112.110411426
-113.178896552
-113.233661194
-112.465001913
-112.839076764
-112.820743577
-112.825564626
-113.403999178
-113.721046136
-113.360594576
-114.305752707
-113.242508764
-113.58480029
-112.767844123
-112.847774955
-113.634985893
-113.091928012
-113.575300405
-113.11379229
-112.90356352
-113.356885658
-113.271463677
-112.685455571
-113.550890944
-112.289462633
-112.086825154
-112.85682001
-112.999340335
-112.686304519
-112.389812928
-110.434290825
-111.336757681
-110.988357484
-108.099403999
-105.991934612
-107.994066352
-109.857485582
-111.186534936
-111.423234359
-112.001389893
-112.285149021
-113.245932328
-113.174779947
-111.831185466
-111.193383683
-111.355741636
-112.638579138
-112.304482806
-113.338799954
-113.540376735
-113.892454025
-113.831712971
-113.559333855
-113.202834017
-113.67336919
-113.626996573
-113.552540623
-114.104233337
-112.742211665
-113.390480087
-114.707632552
-113.706978802
-113.533880864
-113.817389715
-113.588131113
-113.609141828
-112.276796835
-112.513767949
-113.914500546
-113.618386238
-112.91047653
-112.964112481
-112.41110042
-112.49746982
-112.446660109
-112.105295028
-111.821038195
-110.990418065
-112.434516071
-111.014323981
-110.516138238
-105.860460112
-105.182863391
-107.474691727
-110.208358089
-110.941718154
-111.507184746
-112.091906079
-113.176753214
-111.552727526
-112.986095595
-112.95254585
-112.396431799
-112.464907851
-112.212758194
-113.248781448
-111.229093844
-113.499220176
-112.848290917
-113.522446751
-113.314935425
-113.394775778
-112.279376043
-113.013237009
-112.712222522
-113.916958596
-114.397052202
-114.045626107
-113.601078131
-113.70297692
-112.644036238
-112.925604455
-113.48007107
-112.425899542
-113.28797137
-113.166250522
-112.729264416
-113.546288851
-112.628477252
-111.877881673
-112.966012233
-112.463595378
-112.20807707
-112.738948412
-112.769062786
-112.523738983
-111.347490602
-112.035107169
-110.07329219
-107.658175622
-106.45670647
-107.726449272
-110.287543603
-111.450568446
-112.140267736
-111.81586528
-112.676888511
-112.012958327
-112.464536501
-112.079045951
-112.302599043
-113.050744644
-113.072378012
-112.739952999
-112.422263766
-112.685061944
-113.183290807
-112.671583633
-113.687868037
-113.857377132
-113.64728221
-113.791866454
-113.133433325
-113.345384038
-114.025748114
-113.29948175
-114.298979036
-113.528522743
-113.11834789
-112.723979155
-113.728493259
-114.194014585
-113.573283218
-112.741037265
-112.759260409
-112.904722185
-112.855444212
-113.480656016
-113.112728144
-113.229652736
-112.270363003
-110.894906447
-111.613968582
-112.209256075
-110.916301372
-110.015555328
-110.362475932
-108.028570987
-105.568455685
-107.034328145
-109.515308872
-111.348413195
-111.010460193
-111.944040399
-112.006182455
-112.176761715
-112.001265278
-111.693128124
-112.269682507
-112.964531059
-113.054570906
-113.006742282
-112.462680225
-113.452801801
-114.194167099
-113.309747054
-113.260366527
-113.624406493
-114.24086809
-113.612142924
-112.708612483
-113.42505513
-113.828693169
-113.935062611
-113.745643029
-114.310543092
-113.996836768
-113.783062991
-113.847868033
-113.314388476
-113.532830718
-113.209763764
-111.89248933
-112.417214277
-112.771159822
-112.901058762
-112.401011217
-112.476653111
-112.382911832
-111.353001595
-113.083746808
-112.77894164
-112.013415766
-111.361278518
-111.040947104
-105.536346659
-103.492034416
-106.342689909
-110.570678786
-111.713156296
-111.623694527
-110.857556958
-111.634964933
-111.062660366
-112.342477327
-111.654054273
-111.951386905
-113.183608963
-113.343904596
-114.148059714
-113.543929113
-113.974425105
-113.195698891
-113.504714417
-112.0427119
-112.161991882
-112.23027233
-113.3655303
-113.110454713
-113.325513851
-114.379661674
-113.01493101
-114.00098199
-113.064957043
-112.883479857
-113.818275002
-113.02133742
-114.129811733
-112.282828285
-113.104039088
-113.310389918
-112.918286805
-112.782785683
-112.870251669
-112.133046132
-111.529574684
-112.378731554
-112.367249171
-112.14051085
-111.197566501
-111.122034961
-111.573310298
-110.486338942
-107.568295146
-105.289412102
-107.264236058
-108.803595281
-108.790454154
-110.608123084
-112.487910458
-113.053849909
-112.795912518
-112.654855316
-112.527544865
-112.530560001
-112.347991649
-113.116515524
-112.612516775
-112.807000667
-113.452926012
-114.031724152
-113.364642218
-113.234484209
-113.589832465
-112.744827081
-113.716765424
-113.407043092
-113.296048212
-113.462106004
-114.271113669
-113.421814011
-113.919121001
-113.5349482
-113.390490866
-113.089260773
-113.016804471
-112.680831792
-113.69160741
-113.012739015
-111.884413516
-112.604426809
-112.920994992
-112.820480792
-112.458419365
-113.006790432
-112.005007791
-111.794672804
-110.629941021
-111.06489986
-110.964032434
-110.327220409
-106.704657046
-105.788675469
-108.027887682
-110.684354077
-111.852238723
-110.994136927
-111.457904587
-112.198250915
-113.037118686
-113.125404007
-113.238397221
-113.001768011
-113.047400972
-112.469598447
-112.091834786
-113.37961814
-113.7175793
-113.21353452
-112.992018634
-113.783782716
-113.102609748
-112.429365595
-114.307157854
-113.657372878
-113.519032682
-114.342582981
-113.165794032
-113.327850882
-114.235551308
-112.905521018
-113.184087886
-113.228370013
-112.891980006
-113.384468772
-113.275658724
-113.300463019
-113.417822085
-112.551659731
-113.039044687
-112.815228051
-112.76130199
-112.02950224
-111.471055378
-112.150817586
-112.379843715
-111.30733002
-111.221064033
-110.437101238
-106.377675492
-103.887608911
-106.735103166
-110.561715409
-111.05120294
-110.736180628
-111.87281786
-111.842008093
-111.350017223
-112.984693942
-112.985646656
-112.439264675
-112.166280118
-112.118054726
-112.727657881
-113.772832677
-113.546517209
-113.370805097
-113.921821868
-113.895669606
-114.0441655
-114.283595152
-113.486179695
-113.170786507
-112.910309775
-113.627827492
-114.3765059
-114.095580827
-113.902686596
-113.509900089
-112.559913618
-113.364911367
-113.744872995
-113.3478351
-113.384035683
-112.533936835
-113.277004633
-113.457463013
-113.020032421
-111.871794197
-111.582898597
-113.110261508
-112.620915777
-112.637756505
-111.865806893
-111.094706828
-111.587892845
-110.52139402
-106.658304256
-105.489418059
-107.713475181
-110.112659393
-111.741412807
-111.107115548
-111.945225884
-111.823472184
-112.206095815
-113.166458108
-112.627876074
-112.488272955
-112.312089269
-112.471333477
-112.959825848
-113.769664398
-113.225629296
-112.718940394
-113.459523032
-113.42788293
-112.797998489
-113.788179639
-113.625075824
-113.419781781
-112.718252702
-113.902311151
-113.976539348
-113.964805136
-113.617151937
-113.177623394
-113.46048462
-113.850785203
-111.465085715
-112.111370238
-114.03284217
-112.250632672
-112.511575693
-112.995590747
-113.416270925
-112.044237987
-111.954991559
-112.195846799
-110.930386093
-112.077871173
-112.973597239
-111.54387166
-110.584622489
-111.157910354
-108.125396363
-105.983724162
-107.633985568
-109.485811373
-111.252469743
-111.679360879
-111.781761675
-112.664886396
-112.124864197
-112.964345019
-112.934457679
-112.931108455
-112.537385373
-113.438859877
-113.225773326
-113.176836531
-113.202342701
-112.63714063
-113.01566258
-113.099525075
-113.204082373
-112.94982104
-112.339748005
-113.301055518
-113.083781758
-113.244300869
-114.221957129
-113.004711416
-114.254293397
-112.869445912
-113.075497185
-114.015287516
-113.06245422
-112.760874204
-112.950123322
-113.521992127
-112.407394496
-112.784591234
-113.336526006
-113.747582755
-112.76110991
-112.856381186
-112.469338985
-112.894363002
-111.9169562
-111.812471352
-111.618637173
-110.89401588
-108.096456793
-104.742042505
-107.160482529
-110.921567597
-111.122300914
-111.498370696
-112.059301857
-113.052318536
-112.272673752
-112.017637337
-112.599684337
-113.36985286
-110.998061265
-110.728104248
-112.92461525
-112.59091704
-112.373789027
-114.468915187
-113.909504076
-113.135409844
-113.501482761
-113.230497014
-113.154548827
-113.762927961
-113.762397199
-112.475022107
-114.004568978
-113.910438957
-112.474516166
-112.217930774
-112.370608715
-113.862692687
-114.054042939
-113.898992744
-113.886535004
-111.241474116
-111.38922649
-112.724949216
-112.845057655
-113.086518392
-111.961289308
-112.608840269
-112.269224574
-112.832647948
-112.732382569
-111.706480113
-111.745023468
-109.460198359
-107.761680246
-105.823354784
-107.554469715
-109.98216985
-111.440460167
-111.439072433
-112.17161544
-111.535404771
-111.756100161
-112.013661616
-112.840896758
-113.475086161
-113.179674343
-113.970232223
-112.455551564
-113.953974212
-114.46240163
-113.731341104
-112.244300367
-112.631880795
-113.583132006
-113.808280939
-113.149924523
-113.444061741
-114.461813709
-113.79689786
-114.119527615
-113.545511363
-113.920488029
-113.536861596
-113.161683686
-112.89803425
-112.263852872
-113.502439973
-113.458383857
-113.358118331
-113.156604429
-113.106982378
-113.696888011
-113.310429281
-113.580680551
-112.62824538
-111.643620863
-109.779186461
-110.578726878
-111.789972538
-111.407947602
-110.585228083
-107.885687549
-104.977766545
-107.45172772
-110.109106977
-109.463286186
-112.749392695
-112.313952591
-112.493937435
-112.467925118
-111.726210074
-112.677323103
-113.186887247
-113.031207682
-113.146794659
-113.375901971
-112.687107066
-113.267185932
-112.732850911
-113.323754155
-113.599844214
-113.059571305
-114.263159189
-112.841203331
-112.755101908
-113.512684366
-113.916646154
-113.288227387
-113.153041949
-114.171385962
-113.522557414
-112.783198389
-112.911832806
-112.188439097
-112.342469876
-113.440932896
-111.789413691
-112.171710524
-112.432760067
-112.87935942
-112.366809103
-113.182278124
-113.429538732
-111.776942145
-112.354563342
-111.694451558
-112.00767224
-111.614501579
-109.415324769
-105.273755973
-105.305554493
-107.528252507
-109.763400762
-111.609445757
-111.455786059
-111.806320042
-111.934097662
-112.839756514
-111.637860325
-113.025770058
-112.372770842
-112.520994657
-112.652706731
-111.971008194
-112.654322164
-112.870037882
-113.556480102
-113.466627163
-113.77367408
-112.524122494
-113.482673342
-113.35435509
-113.660989719
-113.92214589
-113.119241682
-112.615107149
-113.370753596
-113.909375812
-113.177847535
-112.570562373
-113.496138818
-112.238476904
-113.432432573
-113.930898264
-113.143196229
-112.504535487
-113.094740667
-113.612553542
-112.446327432
-111.987012338
-112.319092896
-113.473314912
-112.892749589
-112.553084773
-110.983510492
-110.687428753
-111.063306158
-106.806108052
-105.175891565
-107.577952842
-110.343805022
-110.940920458
-111.168981542
-111.779737416
-111.767137241
-111.836912353
-111.492389292
-112.674353528
-112.938940803
-111.507970016
-112.394693866
-113.037872686
-113.179546618
-112.187598096
-112.66191729
-112.307806894
-113.044383118
-113.291813204
-113.880399139
-113.430538956
-113.918000233
-112.971310129
-112.647553734
-114.616694803
-113.372987574
-113.221722789
-113.012332758
-113.411950031
-113.556659722
-113.726168445
-113.212239996
-113.557760452
-113.620177211
-112.345741152
-112.492960116
-113.070765995
-112.967538501
-113.264140456
-112.729572465
-112.573829005
-112.407637219
-112.662760919
-112.134608497
-110.520240657
-110.096500275
-106.630321082
-105.773226874
-107.169582504
-109.869262978
-111.79242528
-111.830844062
-112.662230806
-111.332333752
-111.992414554
-112.390053643
-112.383708092
-112.357610586
-113.206599584
-112.156232573
-112.344421164
-113.009263345
-113.629260688
-113.587093481
-113.945132638
-113.509341764
-113.454973377
-113.523743334
-113.539738624
-114.037691911
-114.120421607
-114.582840315
-113.414791853
-114.053354347
-114.421764002
-113.252762919
-113.629383217
-113.103484567
-113.083292882
-113.342713473
-113.282124997
-112.392978215
-113.577978391
-112.411515405
-112.491033124
-113.050153436
-113.661537598
-112.027030663
-112.321899939
-112.745636801
-112.218350086
-111.963138981
-112.458325793
-110.35955462
-107.847064519
-106.48985824
-107.074563655
-110.431444277
-110.999852964
-111.327617784
-112.387099559
-111.27964262
-112.122984289
-111.283559835
-112.68961282
-113.557903832
-113.054059373
-113.311918108
-111.869751239
-113.448024134
-111.967379353
-112.723218938
-113.202320408
-112.197916421
-112.389328115
-113.588544882
-114.055408391
-114.313712869
-113.839358205
-113.761164487
-113.022472882
-112.970401649
-111.97030898
-113.428461758
-113.529546919
-113.260205028
-113.803417923
-113.767362586
-112.849055079
-112.81318588
-113.221657268
-112.011334606
-113.039384658
-113.68367339
-112.328369784
-111.713415024
-111.658049794
-112.78987686
-112.890803985
-111.892507651
-112.001142232
-110.462301825
-107.65993637
-106.465114497
-106.643342508
-109.284266355
-111.990257858
-111.931890841
-112.469789218
-112.586662191
-111.387765044
-110.37957703
-111.692367266
-112.484097496
-112.887596911
-112.756287196
-112.383661933
-112.081205426
-112.847462212
-112.777677147
-113.152689698
-111.002433434
-112.248566616
-113.717147476
-113.689945171
-112.924981624
-113.688661276
-114.021440103
-113.525380507
-113.712204318
-113.452300621
-112.553092239
-113.382951426
-113.092406993
-113.066748972
-113.370447179
-113.806935486
-113.510314891
-112.368380883
-111.6848024
-113.564021592
-112.577290073
-111.576824137
-111.940819341
-111.417630018
-111.686928788
-111.760362516
-111.898626086
-111.518179691
-110.213332914
-106.624229646
-105.078939255
-105.879444638
-108.9922536
-111.77252953
-111.770983739
-110.741432835
-112.094201505
-112.038784858
-113.161762215
-112.969885454
-112.585368282
-112.99577065
-113.374548691
-113.3026269
-112.37572236
-112.450908053
-112.94695663
-112.83149281
-113.431325723
-112.970325331
-113.553690891
-113.869424518
-113.841879315
-113.625687914
-113.5219548
-113.990722378
-114.058402032
-112.774028021
-113.599860049
-113.489262812
-113.484332107
-113.137676041
-112.998206571
-112.396889969
-112.61919071
-112.511994053
-112.900841528
-113.059137874
-112.40986155
-112.417711518
-112.381764708
-112.650117471
-111.913308099
-112.190601669
-112.402609505
-110.776636325
-109.41974985
-106.597842566
-105.831125132
-107.779457737
-110.609993164
-111.397230058
-111.788130164
-111.368673107
-113.041757642
-112.425066859
-112.822033533
-111.972983948
-110.925686435
-113.031796316
-113.976926199
-113.190950703
-111.990326253
-112.850053868
-113.426956791
-113.526081007
-113.35238409
-113.530541505
-113.461154573
-112.739033386
-112.304908209
-112.963812349
-112.993328619
-113.655760809
-113.19701282
-114.017924837
-113.198716532
-113.24707634
-112.907032728
-114.021568229
-112.79660397
-113.211897393
-113.533412121
-111.911316672
-112.00262747
-111.752909612
-112.621107534
-111.763912193
-113.16894049
-112.159162249
-112.42168874
-112.608706309
-111.457020038
-109.986278578
-110.116014711
-107.547101236
-105.479235899
-106.971127274
-109.850372623
-110.460492063
-111.88476373
-112.192019664
-111.102884732
-111.815574276
-111.52617126
-112.257287724
-113.623311487
-113.010044516
-112.206267149
-112.29807256
-112.311895211
-113.295137952
-114.028360339
-113.377572027
-113.036931498
-113.677927903
-112.719367024
-112.830659345
-112.634393274
-113.809940192
-113.216064258
-114.368916218
-113.754009925
-112.636097575
-113.498590293
-113.657650249
-112.477185503
-113.917358672
-113.428229522
-113.433306762
-113.776476325
-112.861270606
-112.873507576
-112.80475101
-113.531032648
-113.337025499
-112.897838336
-112.284106291
-112.294416581
-111.71507764
-111.668151706
-109.495806616
-108.847627158
-108.003602471
-106.440982243
-107.575019877
-109.989539202
-110.674999128
-111.4201704
-112.659933911
-111.551231475
-111.701778136
-112.084510005
-112.731853521
-113.123603529
-113.493129391
-112.809304288
-112.383228404
-112.65983881
-112.443349393
-112.870868229
-113.685879112
-114.023248179
-113.764763109
-114.17944849
-114.476783128
-112.656962726
-113.541777785
-114.021895791
-114.315028581
-113.205643013
-113.503057141
-113.594050809
-114.141801095
-112.758959939
-113.19202925
-113.499226806
-113.715844363
-113.889424591
-112.693891933
-111.950045948
-111.259541326
-113.220796879
-112.99342108
-112.584871526
-111.97435939
-110.831535829
-110.801575645
-110.733228378
-111.306658646
-110.477636402
-107.846146015
-106.66647782
-108.145842509
-110.177268178
-111.046668328
-112.830405433
-112.150339612
-111.689644262
-112.681894804
-112.796464091
-113.281975301
-112.720953867
-113.251074617
-112.982083102
-113.234099506
-113.568667229
-112.551875821
-112.917656517
-113.433200526
-114.101002302
-112.617996057
-112.928509465
-113.804148143
-112.033360017
-112.878889955
-114.243669414
-113.199444659
-113.597879812
-113.317421077
-112.752528688
-112.979698564
-113.458548956
-112.27338405
-113.852584015
-112.940669812
-112.829400544
-113.6187461
-112.339478586
-113.848579416
-112.590640187
-112.787776397
-112.114021397
-112.804311012
-112.501346891
-112.464328893
-112.001757497
-111.252120076
-110.464917648
-107.302078139
-105.316394478
-108.214626693
-110.066158844
-111.56303658
-110.905746683
-112.163299488
-112.288975845
-112.252505635
-113.151392372
-112.56960299
-112.418924019
-112.842359915
-112.935321788
-112.820402527
-113.35512176
-113.410083078
-113.322717526
-112.864955611
-112.480486461
-113.281529608
-112.484931777
-112.630421704
-112.912978616
-113.384742166
-114.398436909
-113.512380185
-114.284399097
-113.687422077
-113.856196354
-114.202127586
-113.283587325
-113.596578991
-112.518176591
-113.133360996
-112.769671872
-112.541044403
-112.392511206
-112.874936584
-112.989511883
-112.924030896
-113.541202849
-112.993500559
-112.629548872
-112.349673672
-111.647938709
-110.558364128
-109.502853246
-105.808783999
-104.715083777
-108.376750722
-110.789619831
-110.620855535
-111.6798441
-111.678239676
-111.596200094
-112.488089776
-111.404228518
-112.409315334
-112.165159216
-112.306430198
-113.531340365
-113.691436906
-113.652857204
-113.796936207
-113.30338745
-112.564491283
-112.36869776
-113.588486672
-114.029483985
-113.029646976
-113.60601504
-114.087240089
-114.787042593
-113.834268323
-113.244079942
-113.658142225
-113.562897294
-114.138654677
-113.480656896
-113.000365626
-113.667237534
-113.653926245
-113.240394615
-112.630624014
-112.597843755
-113.356546424
-112.58694739
-112.641957588
-112.182539843
-112.651206809
-111.634219375
-112.336903022
-112.269295176
-111.533724336
-110.164216628
-107.26184804
-106.113513343
-107.840896615
-110.747817357
-111.576875532
-111.45183405
-111.340378267
-112.026005585
-112.667575002
-112.74036945
-113.338880474
-112.796477252
-112.081838837
-112.996039534
-112.986054352
-111.593407013
-113.263406007
-113.663785821
-113.748306922
-113.634389364
-113.701640536
-113.569887825
-113.351437166
-113.961236076
-112.073709422
-113.514434041
-112.824735326
-113.573212622
-114.083789018
-114.130095934
-113.084072218
-113.715612037
-112.295360273
-112.656720953
-112.935227062
-114.167152791
-112.959959765
-111.648498408
-111.970761637
-113.239184909
-112.244202357
-112.58485541
-111.987668052
-111.658223961
-112.171510591
-110.661900632
-111.188138684
-108.838371506
-106.501644902
-104.906669625
-106.812647524
-110.641118533
-111.263488261
-111.878701611
-112.309380989
-112.434790067
-111.871952837
-112.396072772
-111.692529984
-112.451219203
-112.959310127
-113.022888804
-112.678901242
-112.784556736
-111.822917123
-111.078469985
-113.018368483
-111.684427486
-113.02612366
-113.406187587
-112.62571404
-112.749249865
-112.601329054
-113.55107436
-113.960883068
-113.620080395
-113.374849384
-113.940963523
-112.123836057
-113.277887994
-113.665494111
-113.301049183
-112.834720916
-113.217419164
-113.755311413
-112.635795361
-113.08053018
-113.381211758
-112.9084813
-112.675593773
-112.234266469
-112.622903089
-112.245048761
-111.732533469
-110.385291529
-108.836276548
-106.929252289
-105.646500449
-107.731916314
-109.964893608
-111.263572007
-111.544457281
-112.500377387
-111.818147483
-111.941618205
-112.983572631
-112.819747725
-112.906775854
-113.35231144
-113.325964506
-112.781273886
-112.895358418
-113.206514042
-112.46030166
-112.895625773
-112.662667944
-111.103401073
-112.101080975
-113.491947829
-113.327853856
-112.733540548
-114.079878319
-113.353389355
-112.317415938
-112.862190896
-113.367316014
-114.582793794
-113.359791407
-114.092258926
-114.043286565
-113.572913614
-113.098899776
-113.633654306
-113.291999484
-112.209285308
-111.960155566
-112.088191774
-112.495637309
-112.460737731
-112.650773004
-112.570154396
-111.992624533
-111.626077511
-110.446200386
-107.963342953
-106.125556835
-107.526420082
-110.481286891
-111.430850326
-112.376807806
-111.817146227
-112.151575972
-112.340122039
-111.691244742
-112.711747181
-112.976709737
-113.10352452
-112.853159041
-113.472061849
-112.883878074
-113.307105497
-113.387078556
-113.896003307
-112.786028413
-112.558372071
-113.49741829
-113.29236954
-114.375720966
-113.84419465
-114.085146149
-114.294741294
-113.074435565
-112.689372158
-112.281568357
-112.148646549
-110.936461266
-111.69331012
-113.420028324
-114.028036284
-112.693778826
-113.128790035
-112.888787428
-112.76402298
-112.92798466
-112.77164059
-112.536157764
-112.827951593
-112.575042298
-112.405641861
-112.477932848
-110.87432164
-110.312564007
-106.64018198
-105.679119331
-107.679203709
-110.12993445
-111.021148858
-112.501327218
-112.34345659
-112.407466692
-111.869867884
-112.180201176
-112.527467817
-112.150687961
-113.22093909
-113.382591215
-113.470503933
-113.270590428
-112.738592576
-113.989007457
-113.736345787
-112.382157075
-112.912720232
-112.26160532
-113.374097262
-114.053729016
-112.942486616
-113.291283486
-112.177866377
-113.398524552
-113.384620751
-113.106528036
-113.895821197
-113.22493038
-113.229486974
-112.970178962
-112.438170087
-113.688348673
-113.391905187
-113.141633438
-112.679953531
-113.351571329
-113.608320369
-111.677837718
-111.12598706
-111.493876628
-112.037661964
-111.430453054
-110.914303441
-109.694808575
-107.366598834
-103.985647481
-106.420422012
-110.276644973
-111.399059906
-110.909328455
-111.475354173
-110.803841288
-111.467555164
-111.43877398
-111.755064588
-112.146180704
-112.995782854
-113.185679603
-112.100579613
-113.097300454
-112.871364371
-114.517523544
-113.424921719
-112.940285399
-113.345327291
-113.414750233
-112.754829657
-113.302504802
-113.763805973
-113.555568228
-114.20052871
-113.30406276
-113.92648134
-113.878704068
-114.492318806
-114.358497907
-113.506570698
-113.063689256
-112.92508736
-112.719610463
-113.297188204
-113.682445757
-113.402163737
-112.736997793
-112.232973321
-112.533659344
-112.842473918
-112.282616156
-112.898190526
-110.789421336
-110.974346782
-110.212161464
-106.417490194
-105.294833469
-107.765868784
-110.721289705
-111.444900372
-112.1578257
-112.070581338
-112.933821547
-112.833545127
-112.019475327
-111.229265783
-113.455933959
-113.587789569
-113.133349212
-113.073845933
-112.445696839
-113.510904368
-113.05048192
-113.672479368
-113.181420569
-113.105340107
-113.874297472
-113.435571415
-113.654983636
-113.137802948
-112.985709497
-114.506703716
-113.804918326
-114.279959137
-113.606126041
-113.53382561
-113.562012327
-112.796011773
-112.281928394
-112.50300152
-114.092208253
-113.747252776
-113.370645017
-112.395209105
-112.803773883
-110.77195095
-110.9183378
-112.701646402
-111.938794276
-111.974392373
-111.619920317
-111.422844634
-110.100963643
-105.784584226
-104.905500576
-107.053029587
-110.188479689
-110.871661182
-111.636801893
-112.62408247
-111.863144944
-111.600181828
-111.992477671
-112.15090703
-112.441146654
-112.436204953
-113.359192553
-113.46937329
-112.843265564
-113.928698269
-113.426201678
-114.264019193
-114.027388745
-113.788880366
-113.179479267
-112.790040555
-113.647705313
-114.095204051
-113.509385629
-114.210261239
-113.719712088
-113.063091485
-114.093912208
-112.358394742
-113.363428686
-112.883212481
-114.008312513
-113.580044597
-114.283582708
-113.600523345
-113.438257431
-112.944999436
-113.048951733
-112.54520509
-112.509123749
-112.834889345
-111.020759618
-111.363040567
-111.573287317
-111.165925136
-110.34324927
-106.912789707
-106.31541697
-107.706297523
-110.554844429
-110.715791637
-112.000890828
-113.120000759
-110.870360763
-111.502586088
-112.360452507
-111.580051255
-112.890312534
-113.372783617
-112.564207199
-112.942996453
-112.796195252
-113.460934603
-113.296332549
-113.346897703
-113.952023017
-113.01312041
-112.835945972
-113.713742732
-113.395171528
-113.811912181
-113.412302287
-114.146397494
-112.335258735
-113.154102547
-112.278550624
-112.660133593
-113.04102405
-113.239819494
-113.198283014
-113.030755642
-113.480474229
-112.858334311
-113.032398132
-113.896759435
-112.639852731
-112.799539072
-112.291611506
-112.060472892
-111.627753561
-111.397761357
-111.052236047
-110.640764651
-110.244446919
-107.374932871
-105.459791798
-107.134005671
-109.233440193
-110.044776956
-111.290995703
-112.578981764
-113.326149708
-112.678813776
-113.053307744
-112.44564412
-113.102917206
-112.484154183
-112.480622817
-113.695314394
-112.58319186
-113.142239675
-112.91298325
-113.257919579
-113.334752479
-113.65812801
-112.883032961
-113.933232738
-114.040449531
-113.669285515
-112.909090191
-112.860649683
-113.931702002
-113.88473657
-113.091240626
-113.385636521
-113.074452802
-112.625923362
-113.366999548
-112.078383626
-112.570313941
-112.898092372
-112.480862325
-111.894882131
-111.718406836
-113.303426326
-112.890310228
-112.534335053
-111.753331
-111.800511353
-110.84731481
-110.695382025
-109.995526799
-107.084836282
-105.600197461
-106.168492354
-110.253652897
-110.920110571
-111.955910465
-111.912361965
-111.877256931
-112.114861767
-112.011371951
-111.716920948
-113.560938767
-112.73854397
-112.507092483
-113.11871559
-113.337050625
-112.492289761
-113.110198052
-112.776983087
-113.163861746
-113.983165971
-113.224208341
-113.930750326
-114.200721719
-113.708597474
-114.68193196
-114.135728572
-113.845839914
-113.020421187
-112.968716318
-113.262069747
-112.534840223
-112.304562041
-113.828687923
-112.82276623
-113.693409425
-113.750084853
-113.444571575
-113.182238262
-113.534444581
-112.936951098
-112.742807712
-111.965712954
-112.938856876
-112.18699384
-112.145305771
-111.434792621
-110.254798735
-107.109933058
-106.084838144
-108.077203691
-110.260992999
-111.128290699
-111.853113143
-112.047810754
-111.735485243
-110.59893255
-111.548123855
-113.771823867
-113.34161561
-113.016406535
-113.159401659
-111.320565732
-113.784183926
-113.473303487
-112.708482779
-113.404484435
-113.060882646
-113.568914735
-113.335942271
-113.394225585
-113.124996401
-112.905195607
-113.785935996
-114.280833588
-113.860738827
-113.536257439
-113.360553472
-113.74398898
-112.797318473
-113.259937689
-113.827285123
-112.236802686
-113.475415438
-113.1925367
-113.965121063
-113.476976436
-112.938558485
-112.804013059
-112.130333664
-112.058974405
-112.618341426
-112.539835608
-111.712809396
-111.398107144
-110.467248253
-107.293484403
-103.95639391
-106.260505248
-109.480203982
-111.476958335
-112.133702321
-112.5425752
-111.521906849
-112.335456883
-112.796335874
-111.684283409
-113.033921702
-112.055838523
-112.729718352
-112.639619525
-113.830487623
-113.857415537
-113.077189177
-113.097116295
-113.572224851
-113.789074586
-113.48836847
-113.671155554
-113.607009621
-113.393175019
-114.214598944
-113.047162749
-113.340971944
-113.872106688
-112.978594619
-113.325860015
-112.826072655
-112.768463499
-112.967712552
-113.524700129
-112.339354713
-113.463750793
-113.638056481
-113.299378738
-112.639558233
-112.45264362
-112.820311408
-110.49503815
-110.710900636
-112.259034979
-112.208387718
-109.97984015
-109.62479829
-107.024066263
-105.593521029
-107.372305494
-110.254203582
-110.861326997
-111.162744912
-111.931652966
-112.596741144
-112.895701559
-112.284907366
-112.684201514
-112.408181847
-113.221108258
-113.697315511
-113.361315242
-112.64224245
-113.335647666
-112.568981004
-112.697411834
-112.842790863
-113.408955065
-114.41918937
-113.698177117
-113.966678886
-113.117942161
-112.566975766
-113.568371678
-113.680128405
-113.235413043
-112.620349585
-112.25827487
-113.121716667
-113.587081752
-112.288162982
-112.40868115
-112.825287544
-113.476661553
-113.625282423
-112.988501335
-111.898777146
-113.568589522
-112.312534926
-112.704652007
-112.40290588
-111.958958557
-110.86270758
-110.913306525
-109.801733308
-107.896203432
-105.426197629
-106.283771764
-110.527242141
-110.490525618
-112.005720763
-111.143961099
-112.441889555
-112.178633741
-112.216199645
-111.999114823
-112.289489734
-114.040568204
-113.2653697
-112.784558611
-112.704958315
-113.071712542
-113.715208284
-113.635964778
-112.821298691
-113.289345952
-113.254291851
-114.290218624
-113.145154787
-113.764690741
-112.279197796
-112.163695032
-113.792593315
-113.349435459
-113.190763766
-113.899556462
-113.696206595
-113.847065771
-113.702048588
-113.08267835
-112.893487393
-113.116556001
-113.600283533
-113.299175255
-112.734853421
-113.110454713
-112.337746375
-112.188114836
-112.038996143
-110.4418944
-111.765298299
-111.685320872
-110.320598473
-107.41615351
-106.033249845
-107.546722228
-110.31601797
-111.672755856
-110.97784213
-111.663721896
-111.583168732
-112.407258357
-112.794197335
-112.29296811
-112.681069785
-112.664756168
-113.014502012
-113.591986962
-113.386651667
-113.488935571
-113.320722221
-113.211233365
-113.21885489
-113.704494921
-112.530939163
-113.947693376
-113.772435339
-112.942862669
-113.578912092
-113.197717979
-113.19286954
-113.596050546
-113.287518325
-113.877272965
-113.450066566
-113.547331529
-113.786206588
-113.667201694
-113.093488718
-113.629356342
-113.912479487
-113.708629946
-112.763844588
-113.722982352
-112.011529182
-110.807967434
-112.478309539
-112.114884908
-110.90637199
-110.719774327
-109.584180814
-107.441046345
-106.168864424
-108.315139159
-110.597051817
-111.113320213
-111.891045247
-111.272854096
-111.47506015
-112.728984525
-112.576077224
-112.511570411
-113.57293025
-112.334324928
-111.978669916
-112.488407454
-112.391529727
-112.578074512
-113.256585842
-113.299288816
-112.99103149
-113.059073563
-114.284513504
-114.122055544
-113.508962498
-113.092959698
-112.855918773
-113.925064152
-113.72321833
-114.607347511
-113.296741791
-112.662019727
-113.026341306
-113.858309021
-113.039342905
-113.689269001
-112.954950231
-111.563166783
-111.366476998
-112.758762371
-112.718111632
-113.258422241
-112.246702309
-113.360475547
-112.637277645
-111.769593739
-112.119767113
-111.342281965
-109.365996154
-107.647087947
-104.38236184
-106.301689381
-110.878998897
-111.163651539
-111.679349831
-112.005835476
-112.167242562
-112.264593
-112.884109425
-112.743716609
-111.658541066
-112.660475405
-113.255078667
-111.506019959
-111.893192923
-112.747027315
-113.405659742
-112.352560984
-112.882022341
-112.675773331
-113.158475452
-113.394719245
-113.350624582
-114.485375085
-114.31723664
-113.633271779
-113.751336442
-114.312579874
-113.429374298
-113.781005471
-113.558840397
-113.615240077
-113.631692784
-113.439616759
-113.837736899
-113.774290052
-112.914111593
-112.883744564
-113.03795497
-112.734765562
-112.539541436
-112.13859055
-111.267390133
-111.830573426
-110.817985008
-111.142793401
-110.638703737
-107.956025289
-105.828926506
-107.194911486
-110.37019729
-111.938923901
-112.435381709
-111.815739876
-111.596951419
-112.073848868
-112.354448887
-112.680132537
-113.264170188
-113.158073721
-112.808539546
-113.20054884
-113.323528725
-112.890029369
-112.664940385
-112.704816203
-112.796170061
-113.69972955
-113.850509598
-113.525744308
-113.809643426
-113.670110311
-113.073169417
-114.174316059
-113.861573411
-113.700456432
-113.443326777
-113.254500346
-112.828889852
-113.008226082
-113.313292243
-112.698858315
-111.073885585
-112.553550884
-112.651403908
-112.005215873
-113.371630909
-111.813182487
-112.276442893
-112.466724303
-112.620874971
-111.877609916
-111.441057602
-112.106276447
-110.411308661
-106.684884551
-106.279465462
-107.368157312
-110.750447131
-110.634979823
-111.112615909
-111.422001721
-111.85142316
-111.618782816
-112.41381678
-112.739685037
-112.314928808
-113.07827113
-113.099361384
-113.307885867
-112.972107994
-113.214962751
-113.062991932
-113.18461579
-112.508060673
-113.434465943
-113.611152156
-113.025335232
-113.572125951
-113.564767845
-113.675819675
-113.579799159
-112.500150849
-113.891629453
-113.866722836
-112.890755568
-113.487213329
-114.146639167
-113.45947441
-113.491370185
-113.122200971
-113.315525242
-112.381174515
-112.940791479
-112.987524812
-112.508723613
-111.909462878
-112.1244609
-113.198032245
-112.472748105
-111.577422454
-110.922989449
-109.734386674
-106.872846338
-104.924219654
-107.1980457
-110.126286145
-110.821503211
-111.549389435
-112.36706149
-111.6909369
-111.783881879
-112.379769243
-112.368402348
-112.133723303
-113.240999386
-113.315562532
-112.757542122
-112.141324996
-112.102576437
-113.005015177
-113.118262854
-113.369627598
-113.562956956
-113.178130396
-113.705200814
-112.066169127
-113.654820063
-113.651140601
-114.307691391
-114.546681343
-114.245679265
-113.224229088
-113.243000894
-112.726536619
-112.68017976
-113.874442536
-113.784385017
-112.656403465
-113.996467471
-112.470159971
-113.179443948
-112.700322564
-113.376724886
-112.887622638
-112.715320709
-112.003210055
-111.09568832
-112.043249937
-111.677642711
-109.435718758
-107.11139721
-105.513437065
-106.767274053
-108.791301822
-109.893042735
-111.927907843
-111.472738346
-111.449403577
-112.646136587
-113.176724485
-111.441215849
-112.951617126
-112.884840774
-114.244649687
-113.773030418
-113.005529646
-113.666356317
-113.169697242
-113.354651394
-113.282243579
-113.020780293
-113.559114683
-113.363100936
-112.656881526
-112.640548795
-113.185189814
-113.386994553
-113.329525514
-113.984767852
-113.968440662
-114.082583484
-113.052112346
-113.483982331
-112.490668645
-112.565809294
-112.120353398
-113.092149785
-113.406960866
-112.728812009
-113.20771096
-112.571157454
-112.738055352
-112.850148658
-112.694972839
-111.937978651
-111.756513276
-112.376752844
-109.168987765
-106.672970701
-106.719191268
-107.44521827
-110.638368811
-110.401411788
-112.185588919
-112.415138402
-112.788609179
-112.137038381
-113.084825976
-112.293142571
-113.764314352
-112.944120173
-112.802752166
-112.783372705
-113.696412443
-113.558457232
-113.225286049
-112.971106184
-113.496517849
-113.538041616
-113.571080899
-112.86160114
-114.637672005
-113.522269873
-112.798233209
-112.827963335
-114.052219489
-113.964468075
-113.232782209
-114.229373041
-113.026644601
-113.501746814
-113.127113935
-112.857695121
-112.968969448
-112.85900106
-113.099403314
-112.937151115
-111.820900026
-113.087465162
-113.419846019
-113.013789612
-113.132985553
-112.516751321
-112.140616247
-111.930152989
-109.83422007
-106.462238416
-105.536867615
-108.463441773
-109.872119318
-111.116726473
-112.237983895
-112.570924696
-112.568756211
-112.80909084
-112.680028207
-113.177990811
-112.114455541
-113.320996723
-111.984268214
-112.534696844
-112.930952929
-111.976638336
-112.940885938
-113.43286921
-113.459380673
-113.232743128
-114.056928074
-113.231785769
-112.900008511
-112.726763809
-112.63440233
-113.111817093
-113.861807911
-113.203262621
-113.53911756
-113.171599331
-112.277564197
-111.986356099
-112.791721795
-112.961142168
-113.497158036
-112.481898478
-113.345448039
-113.084071816
-113.339193619
-112.301555135
-113.174380807
-113.168534103
-111.801099437
-110.525003487
-111.704512271
-111.450938048
-110.134246964
-106.262859476
-105.647629219
-107.773892705
-109.793631744
-110.538207288
-111.565280871
-112.866970685
-112.245806228
-111.676976962
-112.640189323
-113.774355516
-112.952417618
-112.244935832
-110.805445725
-113.482632387
-112.997798126
-112.686802015
-111.995289522
-113.557979108
-113.346702224
-112.79501932
-113.221636119
-113.246819818
-113.226334135
-113.591732267
-114.13190687
-114.095909454
-114.242509167
-113.841286206
-113.213427732
-113.864399309
-113.218530412
-113.293201228
-112.07218122
-114.006969238
-113.007504053
-113.571764537
-112.673182347
-113.310175761
-112.859024711
-112.634440003
-113.064001169
-112.585048805
-112.552384812
-111.797821294
-111.363297908
-110.590369545
-109.779522089
-107.675099738
-106.478201788
-107.809300447
-110.244899483
-111.351365193
-112.226630089
-111.420468399
-113.287339815
-112.793168851
-113.126576341
-112.539304695
-112.502974459
-112.960294773
-112.415866878
-113.447096748
-113.551781702
-113.628870805
-112.782024472
-112.886185612
-112.452418864
-112.959252742
-113.39395634
-113.904537612
-113.998941122
-113.334234521
-113.517885784
-112.038479791
-113.264359893
-113.947762487
-114.350143413
-114.09758087
-114.052642766
-111.707242862
-111.569044154
-112.941824812
-112.412428787
-112.982227126
-112.421698052
-113.373943074
-112.287395751
-112.617210869
-111.607187683
-110.974976607
-112.130252062
-112.372349993
-111.335240996
-111.223323919
-110.227080807
-106.260855896
-104.377969037
-107.421786518
-109.885236568
-111.369519269
-111.052542554
-112.251379836
-112.059440842
-112.362127115
-112.670536292
-112.8151563
-112.09968179
-112.718627928
-112.426026599
-113.072071506
-113.696338429
-113.647856725
-113.979064864
-113.717133532
-112.806692354
-113.922833969
-113.037970871
-114.235630392
-114.357939776
-113.108485881
-114.192167459
-113.844614882
-114.234700326
-113.834269278
-113.063738841
-113.662196155
-113.259706343
-113.275960205
-114.032282375
-114.014138173
-112.837903212
-111.733904296
-113.228891281
-112.903832152
-112.800445996
-113.52214633
-113.387885925
-112.929075426
-112.780303151
-112.010440609
-111.932813501
-112.385360909
-110.41536883
-107.404273135
-105.772598587
-108.209152572
-110.10882022
-111.199818355
-111.382774281
-112.407743113
-111.24148647
-111.595957382
-112.820030502
-112.716556837
-112.236765334
-112.834835098
-113.666481735
-112.755184964
-112.539497134
-113.256657744
-112.969652619
-113.544780026
-113.811792468
-113.25672923
-113.459365343
-114.165028219
-113.914538486
-113.973891528
-114.15042764
-113.230729718
-113.060164596
-113.520238517
-113.349290258
-113.78102481
-114.028913636
-113.443329395
-112.690308834
-113.098299155
-113.508626238
-112.697136194
-113.365478862
-112.959517814
-114.02294196
-112.951233691
-113.257039852
-112.747205018
-112.704439592
-111.489946599
-111.521863671
-111.758844144
-109.558949743
-107.053489719
-104.823109533
-106.35417444
-110.793931648
-112.010029289
-112.032715029
-111.988451231
-112.137417972
-112.097067854
-113.141704684
-111.876981562
-113.192727009
-113.284177106
-113.23873526
-113.68359083
-112.934139795
-113.292360267
-113.35985134
-113.084997961
-112.934542297
-112.699425276
-112.489963604
-113.489001723
-112.864148163
-112.36260618
-112.898232098
-113.048634523
-112.324402534
-112.739183673
-113.51807669
-113.184866196
-113.471825513
-112.670981207
-112.63484537
-113.406224798
-113.503974871
-112.440157586
-112.616602229
-113.557572721
-113.06377523
-111.815186702
-112.125517863
-112.486365546
-111.386053264
-111.944812967
-111.392965405
-111.837557248
-110.066545876
-106.413489975
-104.583971555
-107.264359343
-110.753899746
-111.559048867
-110.943399877
-111.538805871
-111.230461163
-111.863264749
-112.316170512
-112.876669404
-112.753781783
-112.639994909
-112.786202843
-113.140160743
-113.801228001
-113.634117123
-113.96901002
-113.263040086
-113.165681452
-113.190021037
-113.810817312
-114.120688872
-114.08456895
-113.666687557
-112.961617485
-113.694050641
-113.648975325
-112.861917575
-113.301825509
-113.742588489
-113.602423304
-113.250990699
-112.238921355
-113.186536354
-113.278095524
-113.290324933
-111.309303383
-112.281491877
-110.705281414
-110.47200833
-113.081428669
-112.711605215
-113.200217474
-113.164186258
-111.496259098
-111.908577959
-110.533970395
-107.490601883
-106.89333899
-107.978886305
-110.536534113
-112.091564332
-112.372929097
-113.232999236
-112.052583877
-112.024265237
-112.853440193
-112.752201885
-112.923744362
-113.20472011
-112.953047124
-112.420171684
-112.992330162
-113.219094016
-112.835658362
-113.717157701
-113.212387307
-113.125370748
-112.856311802
-113.825260873
-114.157836513
-111.11401187
-113.849887514
-113.597665016
-112.505005909
-112.982476728
-113.472980961
-113.266840224
-113.283047253
-113.306619159
-112.829399786
-112.728907151
-113.356060934
-112.584018185
-112.953527404
-112.251853472
-113.519815215
-113.416103523
-112.479772934
-112.071157839
-111.528741972
-112.345977064
-112.390497101
-111.561369188
-109.216240764
-105.781344567
-104.827903263
-106.395965934
-110.050111568
-111.590541096
-112.533118922
-112.365350589
-112.588600552
-112.06789106
-111.387937945
-113.106565593
-112.244787471
-112.363345635
-112.224845055
-112.294945184
-112.21952497
-112.863366831
-113.66957652
-113.50757155
-113.372663395
-113.15019007
-113.766705284
-113.312446114
-114.10398131
-113.404520334
-113.992635079
-114.078742067
-113.42745636
-112.580796836
-112.056359798
-113.112524728
-113.55471699
-113.489114625
-113.534974051
-113.001961968
-112.593197806
-114.09638469
-112.926154154
-112.271847605
-112.649263936
-111.113081349
-111.320732498
-113.468876339
-112.810092927
-113.280818697
-111.646619561
-109.412490265
-109.90964034
-106.533942733
-105.348278358
-107.564101641
-109.685978188
-111.307354305
-112.235397753
-112.826780286
-112.420443398
-111.060533967
-112.315002849
-112.868881933
-112.716731082
-112.718234607
-112.922839584
-113.533291378
-111.590575562
-112.496439771
-113.255268394
-112.552105428
-113.776523444
-113.406638037
-114.211085833
-113.998141208
-113.047353565
-113.373464224
-113.311921495
-113.391239795
-113.387975546
-113.279365705
-113.36750599
-112.516140735
-113.293205865
-113.368720233
-112.450878884
-112.849262507
-113.305124538
-113.237066551
-113.462657851
-113.668903513
-113.742523035
-113.195738463
-112.167016162
-112.250277871
-111.977607609
-112.847833169
-111.75147129
-110.823270305
-110.067330875
-105.98535216
-104.948874496
-106.798467784
-108.594379051
-111.900817287
-111.930599324
-112.059244107
-112.529640177
-112.737226643
-111.738679222
-112.207209277
-112.667846948
-113.48299879
-113.197467655
-111.968793109
-113.1948189
-113.061741106
-112.681641752
-114.112087031
-113.640723221
-113.23216902
-113.342816665
-113.338987835
-112.634173039
-113.13209624
-114.52057518
-114.594065321
-114.081589069
-114.139585914
-113.139713498
-113.72515272
-113.683839437
-113.7932659
-113.285451171
-112.426752069
-113.888858802
-112.985752307
-112.623520923
-112.379994371
-112.499400022
-112.967845931
-111.943660963
-112.476267133
-111.753625551
-112.548492118
-111.62985018
-111.462210843
-109.846767507
-106.221374301
-105.866489539
-107.766464372
-110.725661619
-110.797084916
-110.773480399
-113.157192331
-112.990501435
-112.2043963
-112.807433398
-112.021653505
-112.731574575
-113.070657454
-112.741436369
-113.017566426
-113.308316928
-113.004306303
-113.215912267
-113.639864262
-113.893803969
-112.711622915
-112.941904908
-114.182529931
-113.448082675
-113.547368629
-112.207679762
-113.516119629
-112.638054506
-112.542088634
-113.48138896
-113.409782102
-114.033561512
-113.923373982
-112.209995169
-112.883100089
-113.154931039
-113.459656196
-112.896524515
-112.411287949
-112.972075889
-113.42960442
-112.861354573
-112.48127284
-110.928517653
-111.833592616
-111.797211846
-110.709772117
-110.97489157
-107.707649158
-105.777400945
-107.894311184
-110.183967545
-111.354757321
-111.018664119
-111.174320165
-112.180708879
-112.082009804
-112.573743273
-113.087446667
-113.445006815
-113.276263806
-113.332954575
-114.182381964
-113.910570654
-113.086600799
-112.969988767
-113.020503933
-114.097173989
-113.170509042
-113.672073625
-111.936268281
-112.537742812
-114.109737368
-112.393950082
-112.755622248
-113.828034625
-112.600267249
-112.983743793
-113.432874434
-113.53904261
-113.24320593
-113.274133165
-113.230292162
-113.026392844
-113.013991618
-112.625326514
-112.866094086
-112.779948406
-113.1206052
-112.648455267
-112.174706384
-112.186931099
-111.758893001
-112.116851665
-111.610391952
-109.698913192
-105.983773353
-104.97604999
-107.214039018
-109.240670631
-110.268294268
-111.002160791
-109.925786708
-110.929824841
-112.845114692
-112.994353672
-111.551020618
-112.894289162
-112.04457856
-112.126645337
-113.275646547
-112.563920281
-113.337556567
-113.851031585
-114.361141653
-113.532301063
-113.746864791
-114.552153831
-114.570587608
-113.584546468
-113.366050289
