linux; GNU C++ version 5.3.1 20151219; Boost_105800; UHD_003.009.002-0-unknown

-- Detected Device: B210
-- Operating over USB 2.
-- Initialize CODEC control...
-- Initialize Radio control...
-- Performing register loopback test... pass
-- Performing register loopback test... pass
-- Performing CODEC loopback test... pass
-- Performing CODEC loopback test... pass
-- Asking for clock rate 16.000000 MHz... 
-- Actually got clock rate 16.000000 MHz.
-- Performing timer loopback test... pass
-- Performing timer loopback test... pass
-- Setting master clock rate selection to 'automatic'.
-- Asking for clock rate 32.000000 MHz... 
-- Actually got clock rate 32.000000 MHz.
-- Performing timer loopback test... pass
-- Performing timer loopback test... pass
1024
Using Volk machine: generic_orc
gain = 38.0
-104.75834437
-104.197203095
-104.129509152
-104.605823171
-102.126307676
-102.035391298
-102.354181203
-103.43233019
-104.400718316
-104.318465123
-103.42307481
-103.112637475
-102.855505578
-103.940276382
-103.040856185
-102.489194988
-103.842292722
-104.371319633
-103.063857287
-103.082650799
-103.217514948
-101.940823787
-101.838772225
-104.596637124
-103.035404965
-103.373997018
-103.273721263
-101.18172408
-103.15835685
-104.435987041
-103.541083051
-103.809457495
-104.946327841
-104.198672685
-102.668041591
-103.955930311
-102.831571199
-104.019733543
-103.474884914
-101.849626497
-103.666364954
-104.579483055
-104.987433457
-104.143135975
-102.464352301
-102.883667912
-103.643992565
-102.446367047
-103.124120644
-104.129025883
-103.643746502
-102.554258145
-103.495036106
-103.815498726
-103.172581809
-102.929080156
-104.266754627
-103.499699036
-103.579755026
-103.80877955
-102.940684817
-103.018937095
-102.360194451
-103.094940513
-103.508700044
-102.982181211
-102.852360487
-103.042716909
-102.878883671
-104.490710108
-104.119420736
-102.276171835
-100.956938208
-102.559320218
-103.019871224
-102.629350085
-103.511643056
-103.606470208
-103.44310413
-103.962857235
-103.433461069
-103.806366013
-103.079702916
-103.2468345
-103.500971067
-102.422915255
-103.301720583
-103.258861888
-102.322511124
-103.317280673
-103.498690095
-102.676912142
-103.441045951
-101.894723507
-102.453574729
-102.355597446
-103.431218405
-103.479388248
-103.819819097
-103.790692668
-103.991060889
-104.022330085
-103.120015586
-102.511663306
-103.800977699
-104.850481969
-103.036403043
-104.454930781
-103.307873769
-103.936447378
-103.22806999
-103.221946149
-102.440761046
-102.663453372
-105.295498179
-102.467616116
-103.088899097
-103.825789365
-103.759759856
-101.462605555
-102.801612631
-103.374293205
-102.417641839
-104.152528227
-104.043241871
-103.489710494
-103.550004306
-103.592433165
-103.925884465
-103.508943536
-102.222740818
-102.226197512
-103.15662796
-103.894018237
-101.988093368
-102.184520894
-101.387945666
-101.119724823
-103.047980968
-102.852646919
-101.496748571
-102.484881659
-103.644737055
-104.902496035
-103.009621055
-103.11261127
-102.192558067
-102.335494619
-103.122606045
-102.084164243
-103.557025437
-104.007579052
-103.814468835
-102.322111434
-102.606887312
-102.683426539
-103.034441434
-104.199117647
-104.037518874
-103.21042674
-101.940749189
-103.758991256
-103.259069347
-100.76479796
-101.181948497
-103.058815526
-103.423997167
-104.031649095
-104.828425287
-104.322861389
-103.465798882
-103.893774633
-101.49445978
-102.337530193
-103.658313077
-104.049380228
-104.29650866
-103.245936998
-102.251872843
-103.795631274
-102.841566003
-103.226532325
-102.735230899
-102.388543694
-102.41415338
-102.919212605
-103.066550179
-104.039363894
-103.055631513
-103.389073557
-102.673791658
-102.706706672
-103.883492598
-102.734127993
-103.525244512
-103.034385192
-101.233041629
-101.406151572
-103.898745468
-103.570096668
-103.650682558
-103.284961276
-104.752448637
-103.691835128
-102.803895165
-101.700808959
-103.39451323
-103.893130251
-104.104810412
-103.916748158
-103.105467606
-102.45577683
-102.718635388
-101.957369339
-101.733264484
-103.078555203
-103.282311535
-102.735235348
-104.265217104
-104.769607404
-103.958738594
-103.891182198
-103.070946235
-104.85282233
-104.271343425
-102.940708139
-102.778570829
-104.225101597
-103.731842432
-103.414357203
-103.42861224
-102.627730603
-101.660962707
-103.731420846
-104.09309005
-103.859287024
-102.760638361
-101.531839234
-103.999382749
-104.37977916
-104.526120908
-103.988360664
-102.779949379
-102.920420797
-102.279347403
-103.059620523
-103.284163222
-103.526763202
-103.924179449
-101.667695474
-102.617180273
-103.351999313
-104.521413868
-102.815678145
-101.494327386
-101.921786474
-102.420605606
-103.066957378
-103.809840381
-102.75946128
-102.918875646
-102.952203645
-103.273062571
-101.738545476
-102.811539553
-103.453800224
-103.814775343
-102.952039646
-103.509573415
-103.310261169
-103.882985335
-103.752402733
-103.549784978
-101.931555725
-102.765505486
-104.725003812
-105.039419759
-102.859679587
-102.237147659
-103.552334591
-104.598992631
-103.205735562
-103.650143918
-102.827526508
-102.629279459
-101.161893082
-102.174650206
-102.967525907
-103.506318307
-103.476598227
-104.433260463
-103.756745939
-103.018108263
-102.291205545
-104.48057455
-103.236187209
-101.169494944
-102.944780304
-104.237362334
-103.033088973
-102.290592926
-102.732705512
-102.304807949
-104.104870177
-102.764966416
-102.666474764
-102.065813382
-103.544655929
-103.45573456
-103.357370129
-103.294520029
-103.188830877
-102.36200239
-102.573787425
-102.792049106
-103.792638151
-103.213897205
-101.835782827
-101.831222859
-102.90134257
-104.573705022
-103.811335025
-103.732581985
-103.658944453
-103.098486911
-104.757779197
-104.112506511
-101.841580187
-101.697221194
-103.646429086
-102.564051441
-102.236481537
-103.843890079
-102.596782442
-102.824497579
-102.528370142
-103.924828844
-103.382519607
-103.127508187
-103.340636167
-103.430913784
-103.500313781
-103.029373701
-104.112366409
-101.625206565
-102.101083603
-103.4784354
-102.782483806
-102.501502453
-103.463679763
-102.733427663
-103.131630409
-103.834838888
-103.885441069
-103.772562163
-103.847919191
-102.492737261
-103.513759812
-104.444388075
-102.690733908
-101.736608304
-102.329142397
-102.914683949
-103.48337051
-104.335980902
-103.246256941
-102.807601225
-102.779760893
-102.461987651
-102.631400482
-102.560441145
-103.424907205
-102.868651927
-102.689793692
-102.779680287
-104.030743312
-102.302369637
-101.014978692
-103.211306672
-100.843302885
-101.91647356
-102.342101871
-102.818611432
-101.787551524
-101.211535526
-103.542255111
-102.963461753
-102.796190815
-102.467971136
-104.086352799
-103.811413305
-103.38935112
-102.235043336
-102.867782481
-103.519769467
-101.929174294
-104.946207924
-104.81952729
-104.541565946
-103.26673153
-102.623441431
-102.738568904
-104.906815839
-103.007980681
-103.239749286
-103.922808432
-103.492678091
-102.463201574
-103.171446346
-102.914490451
-103.372754764
-104.468204489
-103.729821057
-102.494339157
-103.567554931
-103.963643099
-104.252802292
-103.644166975
-101.280233504
-101.907278832
-102.998227054
-104.121735952
-103.638005089
-104.281588165
-103.641397722
-103.309337262
-101.547173587
-103.800360964
-104.045064462
-102.453531087
-102.348846452
-102.537845267
-103.038377307
-102.161218032
-104.068601417
-103.602447749
-104.088144571
-103.261105316
-102.322754139
-103.104894334
-103.52396393
-104.581846517
-103.722200223
-103.041570333
-102.470580987
-100.869449254
-103.084953517
-103.464969706
-102.890424575
-102.167127995
-102.486628268
-102.010658177
-103.077005388
-104.631530819
-103.311943257
-104.081980741
-101.759248222
-102.797498547
-102.669464955
-103.232833263
-103.660825552
-104.039342268
-84.4917608862
-84.5458222224
-85.2108952556
-85.6921334963
-85.6130102086
-85.3620187791
-85.3840956755
-85.4883788198
-85.5437625352
-85.6022563323
-85.5681770404
-85.6683390649
-85.9878638889
-85.8807374413
-85.4288639623
-85.5805496222
-86.2080809755
-86.5827623483
-86.4339596727
-86.1151283319
-86.0539564677
-85.838776156
-85.4481444861
-85.3613459605
-85.4113858949
-85.3699820079
-85.5437795685
-86.0142912496
-86.0606746156
-85.6764734034
-85.5469895491
-85.5736064168
-85.4579857168
-81.8597908924
-81.7730197107
-82.2580284185
-82.3762022109
-82.2163611501
-82.2909676524
-83.0197396737
-83.6114264091
-83.0749308955
-82.6597878811
-82.4992257898
-81.7860113445
-80.9843610022
-80.6330977667
-80.8944136083
-81.560638611
-82.0176228673
-82.1436619921
-82.2359967464
-82.4019483283
-82.383910768
-81.7994480744
-81.467390279
-81.9842646863
-82.0815539221
-81.3546165972
-81.0251820416
-80.9569026329
-80.8594959599
-81.3607809886
-82.4679843887
-82.6607177629
-81.6507306799
-101.492542458
-101.429756447
-96.9688198278
-97.0243374753
-95.4930372467
-95.4408255954
-100.696692664
-103.130974723
-100.064647784
-101.388540759
-101.640256053
-96.8372716235
-98.4223279695
-100.213675117
-95.4132174036
-96.0869565604
-98.4196119652
-100.032869044
-99.2718835549
-100.823463574
-102.973232458
-99.8234102924
-99.7211106668
-97.8905159386
-95.8832241518
-96.3222267523
-97.0757305122
-96.6362436722
-99.8675393478
-101.595577511
-100.964153457
-99.5775439977
-97.6574686672
-95.2927768281
-96.7283759857
-94.4522225884
-93.6954966677
-94.4270035302
-95.2610217771
-94.75122157
-93.055954088
-95.2436629983
-96.9174387666
-94.5045754553
-95.3361365724
-95.8669351292
-94.4883668465
-94.4921006708
-94.8264691971
-95.1662571266
-93.7060195904
-95.5860039214
-94.9396943011
-93.8256133021
-95.2569361509
-95.2219705681
-93.7007905045
-94.4147943369
-95.577546306
-95.5532923277
-96.111300884
-95.7990937877
-94.5808604202
-94.4758063279
-95.3303461001
-94.1731922498
-103.375424538
-102.443962519
-101.792541836
-102.216033577
-102.700545664
-104.717187496
-102.825026225
-102.386562357
-103.449690431
-101.948413838
-101.886628416
-103.556543797
-103.474396475
-104.148361742
-103.036080709
-102.63214016
-103.835994383
-102.765070342
-103.108264645
-102.105652803
-103.395152625
-103.996858183
-104.421264751
-103.298072895
-102.600909621
-102.895668398
-102.40661148
-104.294240241
-103.777795781
-103.752034997
-103.995814115
-103.269418739
-103.472901256
-103.989431051
-103.227572988
-102.203771594
-103.461629693
-104.354840438
-102.875595702
-103.99357099
-103.146921506
-104.198272631
-103.640922345
-102.871878017
-102.877332692
-103.253622814
-103.849016075
-102.016369146
-102.521521289
-102.474548846
-103.467244967
-103.060575592
-102.342303447
-103.702982757
-104.116984848
-104.273171766
-102.7649918
-103.038257408
-103.912409282
-102.459523522
-102.46868433
-104.450173887
-103.573892818
-102.966274199
-103.454259752
-103.971134637
-102.165608257
-103.6354733
-102.441774438
-101.728261338
-101.965688918
-102.431181549
-102.494973065
-102.395900917
-102.07492995
-103.532784832
-102.190370843
-104.120144057
-103.540488928
-104.204239868
-104.251666675
-103.970296963
-105.313299449
-104.278100752
-104.063508546
-103.958575455
-101.947350432
-102.286083412
-103.907723498
-102.0557403
-103.069426361
-102.936020655
-103.054743932
-103.859171761
-102.212403516
-102.580625956
-102.146987689
-103.465947329
-104.517032888
-103.529161879
-104.006828922
-103.27792555
-104.093864152
-104.781189036
-103.074345452
-102.561722803
-102.675693754
-104.099424789
-103.039738733
-103.966289008
-103.459467752
-102.755144367
-102.2983065
-102.439525394
-103.142428038
-102.2599209
-103.755050897
-103.576362311
-103.712018519
-102.799058592
-103.138842661
-102.702883133
-103.295577451
-102.82530329
-103.776415164
-103.865378011
-103.354691245
-103.549220786
-104.217854038
-103.930815653
-103.197463532
-101.32120799
-105.29311361
-102.385897277
-103.474610622
-103.328519552
-103.410051724
-103.493522817
-102.717947302
-102.529433606
-102.141248877
-103.123348035
-103.603030127
-104.079406099
-102.631323741
-101.765484175
-102.525501222
-104.5682712
-103.299798569
-103.404582876
-103.722704314
-102.065883041
-101.849703417
-102.082518342
-103.087534077
-102.526279047
-103.042140718
-103.426517096
-101.041496999
-102.1631483
-102.395914083
-102.820830016
-103.29795371
-103.447623538
-104.001510966
-102.975374428
-102.137343473
-101.897692133
-103.357468364
-103.876200357
-102.178770139
-102.592327688
-102.939706317
-101.566753838
-103.46679354
-104.223450894
-102.28670877
-102.045296793
-102.112847916
-102.223281989
-101.669262882
-103.413643198
-102.465764517
-102.330960964
-102.263021551
-102.331149592
-102.913638047
-104.143676195
-102.897755508
-103.896161691
-103.752570304
-104.637168506
-103.219629343
-102.165932663
-102.99620733
-103.285491486
-103.742708086
-102.321460734
-103.419991862
-102.202767634
-103.018125357
-103.613609439
-104.706279814
-104.14786857
-101.769418967
-103.315280916
-103.573188071
-103.129018651
-100.476060617
-100.594665107
-102.483616877
-103.838795746
-104.398257367
-103.34898074
-103.655386686
-103.637710441
-102.321235857
-103.202062222
-102.197616086
-102.858794845
-104.645976094
-103.180823955
-102.400963981
-102.923702003
-102.646602767
-103.50929267
-104.354538129
-104.268122568
-102.651886292
-102.506230722
-103.198134943
-103.241690227
-102.874176659
-102.958591032
-104.377928772
-103.474909531
-102.928921369
-103.404308836
-103.493534119
-102.748807793
-103.230537238
-102.762195666
-103.36700092
-103.078020135
-103.858127237
-104.413719287
-103.640931114
-103.42311512
-101.066313686
-103.231818274
-102.332395335
-100.866005701
-101.553513844
-102.669445382
-103.667004118
-103.827840276
-103.618977664
-104.259117528
-103.174777157
-102.899318111
-102.189128819
-103.25360577
-103.034290822
-103.14176388
-103.082278429
-104.592710021
-104.213782021
-102.588719053
-103.00490945
-102.536656487
-103.924004733
-103.759058086
-102.300834579
-102.997619872
-103.380739075
-102.94214007
-102.625067411
-103.39942296
-103.431664756
-103.779384298
-104.329548703
-103.832459324
-104.283311954
-102.140590835
-102.586330438
-102.675037301
-101.541574354
-101.490019854
-104.02136642
-100.710360808
-100.915370711
-101.726340032
-102.816976949
-103.242500181
-102.891303179
-102.745039771
-102.003770601
-102.344980899
-104.139126418
-104.646741534
-102.868184307
-102.33933955
-103.910709936
-103.0114637
-103.84197355
-103.963122846
-104.31214323
-103.596244919
-102.336470483
-102.760804837
-101.713324365
-101.928511649
-102.369951118
-102.785336243
-103.268383762
-103.890336585
-103.999806563
-104.195538465
-103.218609478
-102.7802077
-102.232969358
-103.629844486
-102.049372002
-103.302609747
-103.397794058
-102.591992488
-101.859770856
-100.720435247
-102.817343876
-103.836570334
-101.717926404
-103.569982001
-103.215153465
-102.888583711
-103.576536186
-103.284413629
-103.933959904
-103.27397812
-103.02666379
-102.933183645
-102.256107363
-102.857399889
-103.469304012
-102.064473291
-101.935200875
-103.893848216
-102.252250463
-102.156182735
-103.127625381
-104.388991291
-103.82227441
-103.000210832
-103.274398861
-103.093845138
-103.076998971
-104.464633363
-102.859152504
-102.06904177
-101.703368654
-102.181401878
-102.55334815
-101.445905058
-102.441580113
-103.449955462
-103.587955149
-103.351202859
-103.56650568
-103.541958316
-103.161404103
-102.755911087
-103.518381093
-104.618351375
-105.030919021
-103.837482382
-104.038293142
-103.953769727
-102.190895959
-103.361983431
-104.147268707
-103.191788232
-102.733548627
-103.333020946
-103.104950204
-103.028808481
-102.906002317
-104.418750616
-102.76029469
-102.901800214
-103.106773658
-102.083231966
-102.455833009
-102.170790974
-101.842899595
-103.083257133
-102.367272947
-104.939769887
-103.680471205
-104.31778017
-103.945425777
-103.587535753
-103.222478011
-103.907431727
-104.198794827
-102.284844464
-103.198891932
-103.657717004
-103.5052285
-103.503567931
-104.648954333
-103.90827679
-103.762483902
-104.555443061
-103.38857847
-104.941085221
-103.544935039
-103.649597657
-103.704089976
-102.641030774
-102.487368626
-102.380265154
-101.970555013
-102.144680899
-103.442721529
-103.565935003
-102.953675241
-102.400967276
-102.641912593
-102.335916105
-102.934629866
-103.894140625
-103.039436192
-101.72143926
-102.803323891
-102.80195236
-103.49752549
-104.303332949
-102.339838854
-103.692328311
-103.227468013
-103.015997957
-103.608127086
-103.682509574
-102.539506704
-102.713891313
-102.772576034
-102.131821295
-101.88122674
-102.108939198
-103.252359053
-104.00242735
-104.311086211
-103.642300752
-103.037919353
-102.31247122
-102.458035977
-101.431908121
-102.41811852
-103.277072674
-102.674099014
-103.665840167
-104.486332011
-103.270767664
-103.05082797
-103.003652601
-103.690771314
-103.494635831
-103.171006278
-101.922281818
-102.153644574
-102.936619595
-103.555188397
-103.33206258
-102.107675577
-101.316248856
-102.432007938
-103.375574052
-103.541084479
-103.437020716
-104.004607912
-104.07631313
-103.227266044
-103.765540533
-102.659693941
-103.132337868
-101.098049382
-101.420412687
-103.023357141
-103.968935743
-102.589423103
-102.402601882
-101.132820842
-101.858705178
-102.651881928
-103.81781307
-103.685418868
-104.173578599
-102.213306342
-103.016935885
-103.998282137
-104.015025763
-103.878081502
-103.779999193
-104.327012635
-104.243821373
-103.249347157
-102.301040958
-101.61520858
-102.775784802
-103.082242126
-103.370328995
-103.120032114
-103.419150902
-103.111071895
-103.871487186
-102.255864861
-103.872666733
-103.307446051
-103.802762821
-103.425152996
-102.300401726
-101.793508304
-103.006498149
-102.687838177
-103.992591102
-104.303810898
-102.355458301
-102.164129359
-102.95245371
-103.889625778
-103.098028056
-103.599033287
-102.658017069
-103.325960683
-104.228817768
-103.936716464
-103.820216986
-103.904293417
-103.332854169
-104.216828479
-103.686384635
-102.834523437
-103.950011593
-104.191975919
-103.860858359
-103.1179867
-102.98697287
-102.503811109
-103.842263253
-104.77631796
-104.480377727
-104.358021983
-103.427514277
-103.663896656
-103.803958748
-103.316798111
-102.565137939
-103.11608212
-103.26172704
-103.710196423
-102.373677953
-104.22499794
-102.711953537
-101.816143702
-103.4929899
-103.178077024
-101.792591969
-101.549538643
-103.229768731
-104.554459964
-105.438639574
-102.399021714
-103.122552216
-103.688292065
-103.922438846
-103.657995406
-103.41417583
-103.454626219
-103.463206962
-103.660009306
-102.716396331
-102.636773684
-103.317248795
-104.947353925
-104.045753445
-103.72552778
-102.361228944
-101.110093803
-103.412652664
-104.645469559
-103.504101793
-103.480621595
-102.438114205
-101.265267521
-103.387955209
-103.130350322
-102.985264995
-103.288572359
-102.292496398
-103.276271029
-102.814554924
-101.256337776
-102.277315424
-103.181837943
-103.32923568
-102.097015937
-103.532889968
-103.032361925
-102.602756753
-103.048719243
-104.905337785
-103.088343129
-103.915392328
-104.295641083
-103.47201379
-103.663075059
-101.559288677
-102.342960529
-103.321540601
-104.023759623
-104.131917302
-102.035101994
-101.35730313
-103.640916865
-104.45092011
-103.191418576
-103.386102503
-102.906558565
-102.735370599
-102.913628158
-103.795680874
-103.757442081
-102.438944407
-103.723152981
-103.781141697
-102.771643656
-103.401793111
-103.829218645
-103.868927271
-103.511284158
-103.038040197
-101.84934447
-103.635166783
-102.151533641
-102.193343151
-103.369927006
-104.062796206
-103.006599811
-104.654082701
-103.434327103
-103.489920104
-101.65307829
-101.379570816
-103.237913437
-103.55230094
-103.625561848
-101.497063023
-101.170150615
-103.440422442
-104.869226685
-103.725379503
-102.392642841
-102.372411583
-103.437129485
-102.966290152
-103.262199168
-102.837524751
-103.007493711
-104.377288487
-103.56204713
-103.15302856
-102.229177027
-103.272090494
-103.678342393
-102.583647823
-103.373041591
-99.836096966
-99.7655968152
-102.406968973
-103.077206907
-103.023025315
-102.00130166
-102.483753472
-103.419648097
-102.958019963
-102.209465702
-102.693698551
-102.157347084
-103.730406596
-102.63659044
-102.473020964
-103.904597401
-103.456459721
-103.792548102
-103.168828894
-103.021440696
-102.67057406
-103.158681522
-104.032939742
-102.337315307
-104.677500455
-104.772249705
-103.752235168
-102.805173268
-103.31675708
-101.639034116
-102.466472331
-102.659089446
-102.407967357
-102.551253241
-103.400227615
-102.713253555
-102.975155952
-103.893204211
-102.449048359
-103.94855239
-102.947514333
-100.93613942
-102.860552297
-103.754571168
-103.921785521
-103.978662421
-102.448909797
-103.039987844
-102.552881705
-103.143565713
-103.605429635
-102.571510686
-101.852149597
-103.361031671
-103.425157516
-102.461750922
-103.387046333
-102.535552162
-102.149198779
-102.85402206
-103.33507418
-103.210444939
-103.983723522
-103.499580554
-103.469291368
-102.83152086
-103.021498038
-102.650469258
-104.060520238
-103.261880393
-102.808400188
-102.692842283
-102.885124445
-103.275378508
-103.277351907
-103.927998038
-102.98979587
-104.80640456
-102.947429618
-102.750376337
-103.477304361
-102.987063389
-102.927733133
-103.236230814
-102.597679459
-102.877379274
-102.664729028
-102.162440141
-101.991632846
-103.706899878
-103.156875696
-104.660755134
-103.143151268
-103.399642428
-103.164025922
-104.206191651
-102.903342692
-103.181334042
-103.440738198
-101.51474325
-103.276579104
-103.941056996
-102.883315594
-103.425677305
-102.395215207
-102.906769298
-104.635582784
-102.910793381
-102.468681541
-101.326685712
-103.287465445
-102.70868957
-102.076597954
-103.005394868
-103.07110261
-103.176076647
-103.211349697
-104.095975893
-102.312392916
-102.705491976
-104.139557534
-103.493106084
-102.369939393
-102.308780386
-103.188779843
-105.118115176
-103.281000386
-103.31086051
-103.796737753
-103.533465943
-104.033265263
-103.846366703
-103.647867429
-103.380528818
-102.017621057
-102.534543274
-104.099220953
-103.67935414
-103.732340926
-103.992286046
-102.986266385
-102.308166359
-101.596622064
-103.737241602
-103.259291875
-102.171131656
-102.534772675
-102.185598262
-102.837655329
-104.468666007
-102.430899761
-103.476306941
-104.182837057
-101.722691655
-102.710635623
-103.027983792
-103.006622543
-103.276064426
-103.347800605
-101.552339559
-102.020735808
-105.259086459
-103.130724887
-102.322856905
-102.630626765
-102.545621874
-101.679317386
-102.298461796
-102.67121055
-102.116547688
-102.232868697
-103.409306558
-104.556281574
-103.754040489
-104.123419074
-104.034493185
-102.652814263
-103.065181283
-102.987477033
-103.43802868
-104.593280502
-102.056839717
-103.259129914
-102.990823471
-103.146230578
-103.130623527
-104.776718019
-103.505674024
-103.368637872
-104.933012234
-104.158686869
-102.533928482
-103.479160841
-104.312419999
-102.662190339
-103.62119941
-103.83968799
-102.724736916
-102.157033705
-102.799314139
-103.910506214
-103.482274117
-104.037223455
-102.819708788
-102.735130057
-102.173177087
-103.544009507
-103.716916754
-103.67196111
-104.831413125
-103.341418749
-103.281472596
-103.145791753
-101.925538135
-102.778476165
-102.267030759
-102.116795138
-103.172389265
-104.222339216
-102.913709126
-103.420204733
-103.259358468
-103.138323872
-103.316604152
-103.938795011
-103.014425389
-104.170452113
-105.323971736
-104.160789191
-103.345396923
-102.524982938
-101.247809178
-101.090093792
-102.743843431
-102.529070415
-101.785580933
-102.293409867
-102.809673885
-103.972912618
-104.845391323
-103.75452241
-102.915286446
-103.887970903
-101.894765546
-101.199787063
-103.105405269
-103.145765021
-102.260541438
-102.063196624
-102.600120903
-104.20436383
-103.529016953
-102.785112119
-101.717998679
-102.38612197
-103.725007343
-102.960280638
-104.231493857
-102.453855212
-102.44631876
-103.253106506
-104.138244648
-103.843565048
-101.666078547
-102.732838609
-103.031201887
-103.549586769
-103.970473551
-101.250285509
-101.282414654
-101.352685753
-102.756349487
-102.720867915
-103.437965218
-104.401682017
-102.929049452
-102.203197949
-102.502801413
-102.962044963
-102.462847222
-102.235238945
-103.286904685
-103.567930006
-102.883262196
-103.146293177
-103.725115747
-102.668612283
-101.506451305
-101.982720215
-104.112429943
-103.115196991
-104.234733733
-103.435045562
-103.129953376
-104.540683971
-103.877204099
-103.002013849
-104.080422351
-104.238320641
-102.640246924
-103.311142601
-102.791887438
-103.115833139
-104.426346863
-102.877258529
-102.894270164
-102.315301854
-103.695204235
-102.082260078
-103.006351029
-103.282549723
-104.089608906
-104.376923147
-103.922104765
-103.861582925
-102.502744623
-102.251397613
-102.576361586
-103.340624915
-103.034076987
-103.150478314
-103.71019865
-103.768233594
-104.036159634
-103.272787977
-102.886594366
-103.434817329
-102.793387153
-103.452668235
-104.765867329
-103.744155853
-101.461417988
-100.851006581
-103.733801664
-103.450772683
-104.734618479
-104.166131093
-102.191868651
-102.250393725
-101.426689365
-101.384360738
-102.029294756
-103.051952108
-102.944481816
-102.086216366
-103.658331786
-103.062442867
-104.552604863
-104.172541142
-102.555195932
-103.848400146
-103.660751041
-102.635222733
-102.721744216
-104.001882976
-104.110384684
-103.268868353
-103.21884022
-102.985949636
-102.444927832
-102.81323027
-104.269094443
-103.891721387
-102.951333521
-101.99204674
-101.926064926
-103.114541515
-103.712379167
-102.102352485
-102.730780065
-103.541281943
-103.541560122
-103.02697369
-103.835678349
-102.849421986
-103.83533368
-102.683900183
-102.582726781
-101.902916481
-102.007893808
-104.372628808
-103.619243777
-103.300980259
-103.968978299
-103.182218291
-102.740840214
-102.763813239
-102.423880871
-103.520230344
-103.745004536
-103.57910516
-103.376807143
-103.628247792
-104.025728951
-102.840555489
-103.711204478
-102.959964216
-103.612393283
-102.918207066
-101.982392501
-102.574062349
-102.279907693
-102.916334909
-102.464938648
-103.272130769
-101.146335393
-102.955237193
-102.92258518
-102.817309721
-104.51789174
-103.473878908
-103.927875472
-102.523258407
-102.558481492
-103.390035621
-103.12455112
-102.309247686
-103.075842668
-103.092553596
-102.863738462
-101.685283491
-103.319199584
-104.091316908
-103.05984361
-103.67818798
-102.638398283
-103.627296687
-102.247091871
-102.928000396
-103.826302574
-103.067855784
-102.051758449
-101.796580083
-103.062735821
-102.891106415
-103.071818545
-103.310566585
-102.843874503
-103.619639705
-103.563009531
-103.618231397
-103.124723387
-103.85271886
-104.050937556
-103.341256083
-103.988950848
-104.03899707
-103.343580704
-103.822420317
-102.465366753
-101.505959619
-103.378856765
-104.620813009
-102.564526501
-102.760092438
-103.857264608
-104.94356321
-103.86249755
-104.287682514
-101.909191651
-102.327331882
-104.17884363
-104.214198515
-103.505169715
-103.788354172
-103.708886486
-102.802084584
-103.290531204
-103.173869813
-104.327763671
-102.397701831
-101.16414035
-102.621497645
-102.321731196
-103.282840075
-103.257507289
-102.567331154
-104.458734758
-104.626001289
-103.675876489
-102.968304769
-103.443504571
-103.987012764
-103.501070129
-102.491953641
-103.942662511
-102.451761058
-103.251581999
-104.510277984
-103.140107673
-103.800492491
-103.559048978
-103.061370685
-103.399441969
-103.346016495
-103.022556301
-102.404767012
-101.651321669
-102.688031225
-103.01273862
-103.260978437
-102.88036068
-101.896580922
-103.513875843
-103.620165484
-102.727641966
-101.952203937
-102.02246719
-102.414848148
-101.93411061
-102.681012812
-101.647337698
-101.791963682
-104.737009603
-102.803646579
-102.96563206
-102.586714214
-101.931419171
-102.53597907
-103.533170818
-103.430422955
-103.593462316
-104.336152421
-103.523154512
-103.003665222
-103.379794893
-102.650083588
-101.561329408
-102.629999958
-104.909423095
-104.286643726
-104.010153219
-104.534844176
-104.190851948
-103.735626225
-103.661745113
-102.158392279
-104.134955161
-103.620697145
-103.573940668
-103.622617777
-102.488432183
-102.45107953
-103.383264666
-103.070751736
-102.212555245
-101.559586875
-103.253844729
-102.36862014
-103.654775986
-102.813756036
-103.29402481
-102.903962427
-103.901910034
-104.261322993
-104.253825863
-101.033323128
-102.38698308
-103.895773055
-103.382339903
-103.324005157
-102.834451518
-101.963282743
-103.025846485
-103.035064273
-103.426689248
-103.761708434
-103.354895123
-104.030847631
-101.876674326
-102.970203539
-101.041335547
-102.053945911
-104.854523709
-104.441836796
-104.357570781
-103.513110521
-103.913475504
-104.472709479
-104.131843255
-102.680602161
-102.778711031
-102.087395576
-102.190480205
-102.031286808
-104.194060391
-103.121623946
-103.04237596
-104.196539077
-103.189823025
-101.040601862
-102.102789887
-102.798068753
-102.435399771
-104.00894051
-103.114768412
-104.506966462
-104.065128962
-102.971005428
-103.370650339
-103.009702253
-102.524775528
-103.651840988
-104.041963387
-103.24248918
-102.863808728
-103.086095527
-103.657382505
-104.111128895
-103.455836797
-102.732289054
-102.475524335
-104.406438359
-104.334979798
-104.233149715
-103.105560629
-103.138145206
-103.453644492
-102.452828436
-100.803532354
-102.940409309
-102.586840044
-102.675730324
-104.15872474
-103.848830559
-103.180447016
-104.057142702
-104.438290789
-103.337216284
-100.664845467
-101.94110836
-104.159330715
-103.637944844
-104.534638595
-102.840048042
-101.797601464
-103.272041493
-102.547288562
-102.023714314
-103.889279123
-103.257823403
-102.700217307
-102.548296154
-103.20927704
-103.182371491
-103.533731502
-102.666809923
-103.342569861
-103.901056899
-103.631925586
-103.834176833
-104.26191184
-102.262524085
-103.569120117
-104.204068905
-102.559278349
-102.311675604
-102.845755532
-103.537774277
-103.152861697
-102.495140607
-102.562770806
-103.400035425
-104.423005957
-103.695627869
-102.211561872
-102.098942979
-103.055849285
-103.546981916
-103.417125556
-103.373466543
-102.645748178
-103.709417614
-103.36221061
-104.474570599
-103.437376667
-103.357972925
-103.698377505
-104.366431873
-103.037767031
-102.963121969
-104.228793504
-102.579562189
-101.697991019
-103.014042378
-103.693427269
-102.481395023
-103.621892712
-103.773886552
-103.99671502
-103.048835606
-102.591440097
-102.466777069
-103.426905229
-104.007074181
-103.76873252
-101.975859836
-102.849005755
-103.364724075
-102.987348472
-102.634781031
-102.942997465
-103.368740824
-101.817725763
-102.666836491
-102.824480019
-103.369352409
-103.445143725
-103.414178604
-103.000939769
-103.36523291
-102.216267811
-102.720800514
-101.495754518
-101.992910145
-103.729590593
-104.085000451
-103.647059469
-102.687291648
-102.513654083
-102.01744607
-103.104518438
-103.430115606
-103.934988033
-103.066909998
-104.441853931
-103.74682782
-102.718418817
-103.079229668
-103.03351179
-102.499299805
-103.665886469
-103.301187374
-102.826465946
-103.1715667
-103.516880599
-102.940759449
-101.804168991
-102.111353988
-103.855586315
-104.356044282
-101.832737177
-103.560878684
-103.57990778
-103.082592644
-102.981527299
-102.454277778
-103.901933703
-103.304630728
-102.677355809
-103.221703631
-102.122612462
-102.341985103
-103.842728654
-103.527759464
-103.47015966
-103.02723571
-103.190094069
-104.174250683
-103.467263222
-102.854739061
-101.906376407
-103.012175877
-102.262800478
-102.523453314
-103.830465008
-103.291060746
-103.423721552
-103.204054123
-103.295212689
-103.383247106
-104.751065121
-102.580291086
-102.947601853
-102.690820807
-102.633284099
-103.445860832
-103.974140555
-103.727131578
-103.297258587
-103.656988256
-103.847370086
-104.375544308
-102.844787844
-102.40161242
-104.048446661
-103.907554494
-104.30189176
-104.001364871
-103.935092814
-103.218844198
-103.4955668
-102.372113122
-101.521252045
-101.451136819
-103.126103718
-103.718275607
-103.8193866
-103.818477963
-103.26799244
-103.827441687
-104.043192167
-104.561246509
-104.034238372
-103.751749377
-102.512232409
-103.83727595
-102.658183445
-103.098963874
-103.027193519
-101.715620788
-103.086385579
-102.386638177
-103.119387897
-102.998444487
-103.272864513
-102.840386536
-103.674028255
-102.646174725
-102.62882389
-104.070898568
-102.764178687
-103.23066456
-103.826398283
-102.52029632
-103.551941172
-103.978952303
-103.402935782
-103.599729573
-101.64727213
-102.222381832
-101.518451826
-102.641410125
-103.393182266
-102.6782263
-102.609730703
-102.812456685
-102.28028856
-102.393829033
-101.355890113
-100.859254635
-102.909695
-102.621951002
-102.693164502
-103.2878784
-102.293469611
-102.393230825
-102.787217596
-102.861488389
-102.753199715
-103.564179986
-103.431730215
-102.93373283
-103.256626642
-103.132540996
-103.000884905
-104.846592529
-103.678912186
-103.330604677
-103.213303811
-102.766879297
-102.162918734
-101.821571687
-101.704107757
-101.917573165
-101.009672797
-102.848196243
-103.282243916
-104.261470513
-104.027074946
-103.514606519
-105.114857847
-103.923802727
-103.941331066
-104.09904027
-101.152204454
-102.466278569
-103.608471593
-103.490579701
-103.258781919
-102.902555972
-102.677772007
-103.334149407
-103.218455988
-103.110630788
-102.462074547
-103.514084848
-104.044571654
-103.771647831
-105.242459337
-104.166319125
-103.626688468
-104.135783031
-102.797618299
-103.047008588
-103.60807922
-102.553142794
-103.091588249
-104.413260079
-104.563377303
-103.447659883
-103.073132148
-103.473915473
-104.58132835
-104.163773137
-102.939964368
-101.293020225
-103.190054218
-104.055027649
-104.308628647
-104.231415999
-103.856478559
-103.862226487
-104.293513239
-104.142906289
-104.443591106
-103.104542011
-102.688020076
-104.452321332
-104.418237126
-102.457724061
-102.491519261
-102.211219056
-100.357088273
-100.842761885
-103.741231637
-102.833778818
-102.71117507
-102.455386376
-102.181167167
-102.440456188
-103.584142005
-103.062646909
-104.959683408
-103.099047727
-103.600463617
-103.693423941
-102.690312943
-103.29777477
-103.323094963
-102.833859221
-103.752133957
-101.282279653
-103.885047981
-102.543630583
-103.137494393
-103.727210218
-102.824423707
-103.18245434
-104.932810036
-103.072609929
-102.473574693
-103.887243082
-103.014838485
-103.176057606
-103.099228662
-102.819317167
-103.399719849
-102.254391287
-102.837862138
-103.4773589
-103.367583098
-103.207273485
-104.843702193
-103.949738936
-103.527352247
-104.039428372
-102.763491109
-102.011719121
-102.428054421
-103.685280813
-103.509278137
-102.413717623
-102.792563899
-102.037606396
-103.437236166
-103.888349171
-103.703757076
-101.35374987
-102.165041712
-103.351002573
-103.88114377
-103.359240749
-103.089288768
-103.348698571
-103.99926212
-102.151912232
-101.040406313
-103.43257884
-102.902407091
-102.256154643
-100.041621205
-100.619572227
-101.671971218
-102.027174603
-103.031364776
-103.181385317
-103.458494389
-102.753498744
-103.166098053
-103.882494355
-104.081165893
-104.048788196
-103.831794959
-103.473672883
-103.200929922
-103.60732576
-102.632862292
-101.261294413
-101.553285649
-102.737824826
-101.088232817
-103.417780783
-104.328141163
-104.116217213
-103.37229794
-103.430716053
-104.110363108
-103.173206407
-104.282108195
-103.379725052
-103.67279764
-103.505408758
-103.139844289
-103.565083975
-102.909843514
-103.77137259
-102.785942965
-102.866686363
-102.261079895
-100.950936808
-102.689644004
-103.223431412
-103.589104187
-103.152842432
-101.839397668
-102.864349209
-102.659210688
-101.866451115
-103.809796317
-103.909180704
-103.589202029
-103.15510133
-102.114842162
-102.586074798
-103.460608525
-101.554368438
-101.440589774
-103.290013185
-104.183794586
-103.424507432
-104.084875802
-102.636671043
-102.969947441
-102.255622108
-102.616790332
-102.168185698
-101.183742589
-104.022970387
-102.33239155
-102.883481008
-103.543503228
-102.882418047
-103.755813922
-101.514494691
-103.38563187
-101.407480979
-102.610097533
-103.208051249
-102.761695501
-103.922720321
-101.485795336
-101.665236925
-101.642553358
-104.204521909
-104.449656669
-103.216796791
-102.067570463
-102.860413702
-102.892791493
-102.797939359
-101.765017781
-102.487093253
-104.032655031
-104.050496276
-102.873207211
-103.62281862
-102.988131842
-103.049856228
-103.571666367
-102.857672621
-102.437078405
-103.653698124
-103.794953591
-102.881066707
-102.155397072
-102.641517523
-104.062096463
-103.77942051
-103.141964517
-104.259923063
-104.603897204
-104.662399537
-103.044960322
-103.880083524
-102.859811749
-102.71920538
-102.199223617
-103.688286155
-103.506441578
-101.646071299
-102.9436428
-103.120456351
-103.354332772
-101.863827478
-103.414125199
-103.531260829
-103.617652066
-102.865232333
-101.648062709
-103.129512621
-103.760397892
-103.128504606
-103.706298213
-103.843916496
-104.650970006
-103.844105631
-103.244450022
-102.821114074
-101.881703833
-102.599340952
-103.365957518
-103.669260507
-103.879263614
-103.448850342
-102.671399353
-104.359249127
-103.707759121
-102.726530329
-104.198810614
-102.756070527
-102.426825694
-103.695567189
-104.294527764
-104.419602487
-103.961805965
-103.344147125
-102.819688525
-102.987366389
-101.190016117
-102.396254511
-104.329446376
-103.689087783
-104.246820511
-102.960792959
-103.571036765
-101.913473908
-102.944632458
-101.615259457
-102.761875148
-104.280588512
-104.008342434
-103.987268777
-104.373538286
-103.989217665
-103.781790808
-103.187443304
-102.875037586
-104.242247885
-103.980767072
-103.556352446
-103.560299062
-103.492359243
-102.713100105
-103.602439782
-103.066510806
-103.611901108
-103.346043465
-103.602845771
-103.494313307
-104.1363551
-103.690214376
-103.906164246
-102.783462002
-101.767399146
-101.264667518
-101.920332248
-101.751340046
-103.576666507
-103.213028335
-100.593820889
-101.068044062
-102.985148124
-104.004823248
-104.292097801
-104.445448582
-102.458437523
-103.05295272
-102.843417144
-101.522690747
-102.535024747
-103.063822736
-102.385545073
-102.022567873
-102.340464417
-102.168795348
-103.777536741
-103.175769054
-102.886023473
-104.085142506
-103.862078467
-102.040557574
-101.462652905
-104.103961189
-103.666231179
-103.399729182
-103.198132304
-102.436074968
-103.329471015
-102.692907195
-104.173252302
-104.268440451
-103.077801569
-102.620879377
-102.551923945
-103.329710444
-104.514267923
-103.982181806
-103.544391489
-102.857148223
-103.717894758
-102.980774622
-104.042570119
-102.466426887
-102.294457246
-104.444479078
-102.092151937
-102.394411693
-103.963557698
-103.581370026
-103.305441008
-104.144607484
-104.19799598
-103.677768254
-103.575919916
-103.005444423
-103.866718698
-103.745388519
-103.848829792
-103.821222724
-103.882550751
-103.022557569
-103.10443351
-103.470985611
-102.647798776
-101.979272223
-100.852582877
-104.039420762
-102.915632402
-101.830065435
-102.702896381
-103.696414941
-102.528018352
-103.108218104
-103.550408285
-103.244817883
-103.315129395
-103.209447077
-102.309964597
-103.560263556
-103.142631312
-101.828778807
-103.532937369
-104.170332003
-104.614110642
-103.148617828
-102.550744097
-103.277034033
-102.995788444
-103.368750776
-102.351893148
-101.988799134
-103.164604434
-103.014890995
-103.508347414
-103.126389639
-103.807583434
-102.329873407
-101.783539766
-102.216048315
-102.810956106
-101.423188972
-102.759154981
-101.597216325
-102.118468493
-103.192562239
-102.464939762
-103.634450564
-102.993417617
-102.325731566
-102.617640684
-102.992876885
-104.439598794
-104.100709743
-103.173361259
-103.62747917
-103.786429875
-102.986498306
-102.964018531
-104.082813945
-103.177194604
-104.148709173
-103.822349077
-102.905300553
-102.054835912
-104.522154979
-104.697299341
-103.315241933
-103.268816705
-102.264027564
-102.773367083
-103.552658231
-104.441115414
-103.700198722
-102.591784437
-102.693097824
-101.33111065
-101.678615045
-102.813581478
-102.719958688
-103.802523524
-103.465652896
-102.739350516
-101.703718543
-103.460742774
-102.620017126
-102.598784176
-102.787204389
-102.359596777
-103.060768358
-103.323149297
-103.728027637
-102.427219114
-101.119497874
-102.155247327
-103.944016695
-103.407773326
-103.88520529
-102.617541093
-103.057655748
-103.659225502
-103.135699305
-103.105649454
-102.653609408
-103.518778233
-103.880554541
-103.78922855
-102.946592212
-102.467664361
-102.341825262
-104.34495054
-102.941008855
-102.408031449
-103.712273309
-102.807860291
-104.059626118
-102.841275133
-102.679886103
-102.829600518
-100.942343363
-104.027918851
-103.155345058
-103.146324151
-102.299981258
-103.589235607
-101.696303
-101.626643361
-102.189551245
-103.357382793
-101.87967058
-101.897204476
-103.638435962
-103.033975952
-102.32101935
-103.182315931
-102.456659374
-103.083546995
-102.594488164
-103.15833004
-104.445645147
-104.01058087
-103.002961695
-100.167343553
-99.29781909
-100.476654081
-103.165652959
-101.285103657
-102.89458522
-102.073977239
-102.894577528
-102.949332679
-103.940242327
-102.394083748
-103.089302284
-103.535802704
-103.189467696
-104.06336921
-103.49922159
-104.022713058
-103.035804487
-102.987495579
-102.87144402
-102.574512209
-101.256214554
-102.411709904
-102.947718341
-103.362726347
-103.129670469
-102.538462597
-103.165979815
-103.11240519
-104.958277316
-103.803833564
-102.963372662
-103.655174068
-103.743078399
-102.493595366
-102.309324588
-104.025408785
-104.690584061
-103.88065377
-103.431325288
-102.775940483
-103.458145111
-102.894884913
-103.112622917
-101.129101026
-102.875120288
-103.417675968
-104.217847779
-102.876363152
-105.112739611
-104.375165701
-104.367349556
-104.499087328
-103.038905286
-102.184619657
-103.053200356
-102.224710498
-101.729416412
-103.149726128
-101.835471319
-103.606241848
-102.225986218
-103.911809185
-103.017706251
-103.677804366
-103.81980006
-102.29349024
-102.744137656
-102.196192006
-103.294643168
-102.381188253
-101.974239033
-101.889425025
-103.448367968
-105.124672651
-104.31068121
-103.561681889
-101.98610555
-103.37182365
-103.824707098
-103.309437126
-101.93146551
-102.81277039
-103.255976222
-104.303169956
-103.135218615
-103.024636191
-101.687245433
-102.433226236
-103.557112883
-102.342004609
-102.620916644
-102.817634659
-103.360554157
-102.635577519
-103.431488926
-103.295889599
-103.102125606
-102.96129128
-102.923653373
-102.4551019
-103.370074272
-104.180690941
-102.497069634
-102.725230475
-103.733780388
-102.442820509
-102.115702556
-102.117410994
-102.647160185
-104.103572204
-103.636821871
-102.99187869
-104.740013774
-105.098726836
-103.366393782
-101.920184738
-102.74405117
-102.101402967
-102.478179266
-102.168138064
-103.793088804
-103.352197253
-102.402479354
-102.656049013
-101.955623061
-102.664427004
-101.690631879
-101.292580202
-104.468022813
-103.999653382
-104.226936914
-102.695790731
-104.345119835
-102.193669635
-102.672648987
-102.75930768
-104.228053952
-103.803001753
-103.158666154
-102.739318156
-103.143790221
-100.19725856
-103.045237446
-103.316365105
-104.55094023
-103.614295356
-102.63571144
-103.661087634
-103.961527846
-104.272198132
-103.757481113
-103.930253233
-102.758508752
-103.89538213
-103.305722747
-101.349480738
-100.472065398
-103.0213295
-103.170862659
-101.508331399
-101.580770916
-103.978695199
-104.845459307
-103.486331661
-103.817601863
-102.628340298
-102.268751304
-103.137855257
-102.447878916
-102.489911957
-102.791291903
-103.921571925
-103.813650572
-104.242057376
-102.719420218
-103.260432802
-103.637099667
-104.409828907
-102.822101918
-104.024616455
-104.102851231
-103.333271463
-103.308904662
-103.546678362
-103.778815503
-103.3050859
-102.401943681
-104.291282882
-103.112263173
-103.188984969
-102.963348593
-103.754422271
-103.124253642
-102.900140597
-102.158292813
-102.896669655
-102.995843873
-103.14306493
-103.656627777
-103.097825892
-104.092720687
-104.037358353
-103.685443969
-103.108741391
-103.995524295
-102.668231131
-102.967810962
-102.377851045
-103.023650639
-103.463501579
-103.132645976
-103.596185973
-103.267969304
-102.20581093
-102.164584211
-102.133127077
-101.900087681
-102.208675859
-102.463367059
-102.845369769
-102.617917821
-104.371279862
-104.083102368
-103.287685054
-102.320107603
-102.472350329
-102.786852906
-103.722377058
-103.40255774
-102.449091678
-101.709505155
-102.350310629
-103.434684576
-103.646257146
-101.708930455
-100.58100713
-100.342305853
-100.905763811
-102.167409312
-103.171622123
-102.827092073
-103.737522534
-102.653522959
-101.48288672
-103.269616975
-103.617373695
-101.785066619
-103.092576138
-102.570563373
-103.51976698
-103.850595202
-101.600554279
-103.440923475
-104.714936391
-104.548480499
-103.41528881
-101.833147767
-100.765715279
-101.684455371
-103.560421365
-103.256449397
-102.431837835
-101.77319999
-102.564207983
-101.979253781
-103.594516292
-103.497058533
-103.13901452
-103.242423845
-103.385750729
-104.396458224
-104.057551278
-103.755985002
-102.384880149
-102.315648677
-102.432176665
-102.448419453
-103.079112167
-104.378889161
-104.023596816
-103.358874367
-102.768049725
-103.607439967
-103.242738863
-102.32718095
-102.59281561
-102.424548756
-102.942178954
-101.705843742
-103.528523455
-103.091216722
-103.357627873
-104.526262023
-103.743729329
-104.118913299
-103.843150467
-103.774324338
-104.433334132
-103.895521604
-103.769951104
-103.208707761
-103.556107357
-103.751617444
-103.614130857
-102.007985122
-101.693032521
-103.497742548
-103.861903156
-103.042140082
-103.66916305
-102.646072734
-102.128704288
-102.390061314
-102.444058486
-102.819305978
-104.114675422
-103.4324869
-101.762747731
-102.315382633
-103.597230845
-103.764966781
-102.515280631
-103.24357702
-104.227406528
-102.588309868
-101.076165793
-101.758680167
-103.647571379
-102.112899316
-101.496774886
-104.32993363
-102.374796464
-102.88034596
-102.684521627
-104.674254592
-101.802297079
-101.523082917
-102.580844351
-103.035863608
-101.883180281
-102.686313757
-103.743160321
-102.221763032
-103.190314408
-105.188055202
-103.248836697
-103.054389588
-103.15991635
-103.763715392
-103.638679898
-103.120043781
-103.08824597
-101.467547798
-102.929688375
-103.406472564
-103.640130654
-103.818718903
-103.691287294
-104.916861147
-103.083000065
-100.696301675
-101.066921239
-102.123417205
-103.271638431
-103.299147055
-102.533874681
-101.2077669
-101.708050521
-101.993619696
-102.792324977
-102.755557658
-103.153894653
-103.65924715
-102.342974078
-103.646198249
-102.972909139
-103.650236555
-103.597170077
-102.819415144
-103.477983512
-103.330714896
-102.033656775
-101.722530975
-102.118933257
-104.313601902
-102.98323653
-103.047657455
-102.719414898
-100.74651653
-102.229614455
-104.588272015
-103.988653173
-102.841388196
-103.430026503
-103.385251543
-102.736806117
-103.305261759
-103.300482951
-103.639119968
-102.965104157
-103.067648936
-102.522099027
-103.16616094
-102.294551305
-103.03102694
-99.928281684
-99.072621635
-103.556373946
-102.158569923
-101.848259584
-101.657684935
-102.91178423
-101.680911331
-100.418071863
-102.418278712
-101.919606056
-102.971818115
-102.833080436
-103.975282813
-102.618196418
-102.398729653
-102.069489061
-101.830091441
-101.488965899
-102.907380881
-102.424385019
-104.079725421
-101.896989279
-103.213749511
-103.758823061
-103.274363937
-102.329543816
-102.811510273
-104.238241822
-103.585670974
-103.329296893
-104.011402079
-104.273990903
-104.35333341
-102.687298981
-101.575674135
-101.024430853
-101.74870939
-102.406116539
-103.908098439
-103.794921792
-102.415843661
-102.106512405
-101.630604705
-102.643482197
-103.045619714
-102.976781777
-103.551093597
-102.535670854
-102.727235172
-101.922270996
-102.13698424
-103.075029848
-103.964269295
-104.475915705
-102.666252312
-103.563281927
-103.019157151
-102.501275084
-103.677841215
-102.840339437
-103.374451959
-102.172496212
-104.108835602
-104.728703213
-103.392056995
-103.648163865
-102.370525674
-102.110184181
-101.391939746
-102.574435324
-104.541037728
-103.3557949
-102.520688984
-101.478905877
-101.455619327
-103.040829136
-101.77941223
-102.505685474
-102.519235374
-104.245103585
-103.921779284
-103.740207243
-103.269102451
-102.785648595
-103.334371048
-101.769318761
-101.992759149
-102.965178898
-102.692381466
-104.174382055
-102.249853675
-101.894697111
-102.977369117
-103.667033157
-103.429935662
-101.283029427
-102.446832736
-103.917695893
-104.17325602
-102.589250163
-102.444924226
-103.437116586
-103.833446513
-103.259905642
-103.583246299
-103.387086655
-103.135080402
-103.734256706
-103.092772261
-103.056780529
-104.494806189
-103.387401658
-103.391868961
-102.378498228
-103.152884881
-101.260436023
-103.494667273
-103.246293641
-102.732430438
-102.089536648
-103.349540007
-104.081983572
-104.053726404
-103.222430894
-103.270613662
-103.219980184
-103.564549385
-103.913463444
-104.765628267
-104.118684483
-104.118237897
-104.411507504
-104.025413575
-104.447879228
-102.609283806
-102.279265689
-102.008959598
-102.426672369
-103.658340957
-104.990972487
-103.688196396
-103.133521991
-101.806999212
-102.173402505
-104.4422652
-102.706759121
-102.384914624
-102.038245479
-102.89562962
-102.558352494
-101.896804902
-102.841608252
-103.856673234
-101.264388475
-101.960216852
-103.216581401
-102.998526737
-102.986032906
-103.257572517
-102.036067424
-101.021302365
-103.551414997
-103.068874481
-100.977375228
-103.608965192
-103.625698382
-103.598129078
-102.662463333
-102.97774389
-102.944071313
-103.831714021
-103.303431143
-102.221455247
-103.930172001
-103.110736533
-103.856357228
-102.466309515
-100.254214722
-101.323504106
-102.01951117
-103.453530759
-102.51472748
-103.697548989
-102.871760484
-103.266861594
-103.661193353
-104.342791962
-103.156575996
-104.053151457
-103.118681248
-103.056609339
-103.482690516
-104.263924724
-103.757946901
-103.607422564
-103.810681103
-102.888080145
-104.024011427
-104.237941653
-103.73189989
-103.16239524
-104.121385775
-102.931617501
-102.062311005
-102.78261244
-102.504802194
-102.565769145
-101.850728661
-101.992495169
-104.084008214
-103.62843833
-103.013069345
-102.97409758
-102.559071574
-100.91762782
-102.656111047
-101.280435911
-101.370768402
-101.944940053
-101.680728923
-102.790891421
-102.027770319
-103.67384712
-103.745034849
-102.955139535
-103.914116297
-104.287506538
-103.222518824
-102.044449727
-101.848287634
-103.117299388
-103.473134312
-92.2089922522
-92.8473840828
-92.781116381
-92.3131837111
-92.1774800913
-92.1032062034
-93.4665954327
-93.1580113435
-92.9209816189
-91.9075321915
-90.9508830783
-92.9338893086
-93.4356022923
-92.7168558045
-92.3884791229
-92.66214945
-91.8410670199
-91.6946504608
-92.315879297
-93.9904692298
-93.4963742728
-92.0978118524
-92.2208203499
-93.1800804929
-92.5599918845
-92.2305200208
-93.5857764597
-93.3714844317
-92.8921513939
-93.7423382537
-94.0026513133
-94.702810344
-92.7487318058
-85.6505983704
-86.0258912504
-86.2091153386
-85.5770324428
-84.9494310192
-85.7651594945
-87.2910358663
-86.4105216818
-85.5230711545
-85.5096174364
-85.8407552041
-85.7331519585
-86.1340513398
-85.3757787967
-84.212401347
-84.9725209497
-87.1191060154
-87.0347457019
-85.07824933
-84.7255637412
-84.9148895374
-84.886267462
-85.0407841858
-85.0262866636
-84.9688430389
-86.13877152
-86.4951102621
-84.5007646948
-83.8065462928
-84.332559579
-85.0692380135
-85.8925975102
-85.8949635135
-86.2200179422
-85.7288172899
-84.7403974936
-84.0685216034
-84.2200075476
-85.192560717
-86.796721112
-87.1831304222
-85.9803563973
-85.3503856453
-85.3008985053
-84.8809289153
-84.9137978769
-85.5807429724
-86.422428731
-86.9700719342
-86.1443885814
-85.3657569753
-84.4474319151
-84.0204812645
-84.3888853136
-85.2064445239
-86.3198448964
-86.7856764253
-86.0622506222
-85.1940293564
-84.7296420913
-84.1267986848
-83.5216339689
-83.6775988566
-84.813326674
-86.2895632671
-87.2167850953
-82.8405149521
-83.1177541934
-83.4002987144
-83.1926698396
-82.5456962866
-82.1498348404
-82.206283949
-82.7187756424
-83.6559849321
-84.2277941175
-83.8952135438
-83.0278148247
-82.4907031262
-82.7003709491
-83.3138824737
-83.6579916641
-83.4727156358
-82.8826726183
-82.344375242
-82.1896296876
-82.3598941073
-82.7222459627
-83.2700889153
-83.5696099969
-82.9854917977
-82.2101062053
-81.8786649558
-81.9851650562
-82.485113895
-83.0544277028
-83.038803642
-82.1953901464
-81.308483613
-84.7751541554
-84.1600921579
-83.9632945308
-84.4529632613
-85.5448698402
-86.2651328781
-85.0687026131
-83.7493144835
-83.5282456973
-83.8786787313
-84.6720646524
-85.9069653878
-85.8070266443
-84.4851829258
-83.427579785
-83.2071110183
-83.977231461
-84.8936555531
-85.2541615598
-84.9242312807
-84.1607592091
-83.6668727787
-83.6250039339
-84.2428457017
-85.3711312038
-85.7677707202
-84.9621206436
-83.6914495223
-82.971080446
-83.1484691933
-83.9303184859
-84.5699401559
-84.0275027652
-91.2159515702
-93.4044032951
-90.5523865253
-88.6095133358
-88.2602802149
-88.9171400471
-90.3759579417
-91.6099079049
-89.3336188702
-88.6424360142
-88.4777585975
-89.6883681089
-92.2393306868
-90.9105501852
-89.1437389587
-87.93556832
-88.1791504817
-89.5541427064
-91.2051245092
-91.2231459957
-88.7531543695
-87.5739661204
-87.9643871171
-88.7405144927
-90.4837941319
-91.1153385858
-88.4755111284
-87.489947816
-87.4324342348
-89.379661645
-90.8157363971
-90.8361576889
-89.7922284357
-98.2421567691
-96.6078289379
-95.0180568965
-95.1291130808
-96.9538781117
-96.3791311741
-94.9734470321
-95.5967272095
-95.9244978885
-95.1821188905
-95.49416573
-96.3512570504
-95.8774067559
-98.7296514418
-95.9779488322
-95.8816711375
-98.1683481689
-95.726416752
-95.2406446477
-96.080335549
-96.5438031127
-93.5261594343
-94.1929351331
-97.6666373296
-95.7659478467
-94.5450679193
-94.9770043984
-95.7350484118
-96.5308386918
-96.7020618878
-96.7871662798
-94.8531850607
-95.2633250826
-85.3703862813
-84.7452909378
-84.6121550977
-85.0539994044
-85.5596251814
-85.8608874427
-86.0243615759
-85.8812838275
-85.7208814909
-85.5552450927
-85.2852666452
-85.2225273898
-85.1091425979
-84.6787224188
-84.3533467901
-84.4112125686
-84.5219443223
-84.4726735831
-84.7431577224
-85.5579686773
-86.0215473783
-85.7298888248
-85.4760658784
-85.3815320118
-85.1228904712
-84.7424723976
-84.4807840431
-84.4760242706
-84.4063844771
-84.0634485265
-83.7885902106
-83.9637841683
-84.3303722228
-85.2166134835
-85.1666613137
-85.8020333773
-86.3165178386
-85.8234213969
-85.3937576631
-85.9283701268
-86.9399241319
-86.3856069759
-86.4823020932
-86.7189607981
-86.1521869796
-85.5204522681
-85.2741602422
-85.6141470999
-86.0903511569
-85.5723075335
-84.9441260571
-85.4854274655
-87.0589643621
-86.0815614212
-84.3498504232
-84.4846563922
-85.7271743798
-86.843232034
-86.0016890737
-84.3902530777
-85.0945040277
-85.3362755488
-85.4138089676
-86.08344212
-85.5288622511
-84.6557969129
-84.8482484906
-85.7400154498
-85.796508033
-84.7157131288
-83.686086361
-83.026826077
-83.0838667006
-83.7591308032
-84.5646825145
-84.9222074829
-84.709281355
-84.4995793885
-84.2316272737
-83.471706604
-82.8882403457
-83.1440367301
-83.9613662386
-84.7129008429
-85.0886475709
-84.6970796797
-83.8811815357
-83.3133646033
-83.0201069348
-82.8248506082
-83.1330807952
-84.2967827853
-84.9575271315
-84.2723876696
-83.3179542882
-82.4392656721
-82.0500368324
-82.337012537
-83.0680041706
-89.6545717748
-87.9436254545
-86.614152136
-86.449728641
-87.6490043937
-89.6484700217
-88.9345681959
-86.7341864985
-86.2632107689
-86.7310390507
-88.1395188614
-90.3847383159
-89.0470743996
-86.8763074544
-85.5766267275
-86.0055890655
-88.2883464428
-89.8027707538
-88.7240322719
-86.6808784096
-86.0796159358
-86.3531193033
-87.5473617103
-89.8120695199
-88.9133044672
-86.7306456014
-85.8326282786
-86.2062730155
-87.6241828537
-88.9788586485
-87.8099043313
-86.0713331873
-85.9407554741
-103.214736769
-102.896075583
-103.655707466
-102.858467729
-103.322929925
-103.092859537
-102.678533092
-102.52912953
-101.266927159
-101.016318558
-103.62956023
-104.124132853
-103.255034706
-103.716895188
-103.505227084
-101.49353756
-102.373367125
-101.741628158
-102.317399371
-103.29068861
-103.262626472
-102.970858566
-102.876440364
-103.033031478
-103.791783514
-103.418696115
-103.511926082
-103.493864356
-104.077380773
-101.969747266
-101.976403227
-103.267028537
-101.895470485
-104.606509006
-103.368953599
-103.953313082
-103.200161685
-104.383855565
-103.704596047
-104.791572354
-102.576304683
-102.627768218
-103.916530527
-102.821142814
-102.936207038
-103.735989212
-103.459216857
-104.71200936
-102.611617338
-102.281790187
-103.108991582
-103.874796973
-103.496739363
-103.328883722
-103.544668437
-103.938404107
-103.66090557
-101.47416855
-102.386369391
-104.18214295
-102.65014292
-101.75878297
-101.71719996
-103.377246561
-103.721203012
-102.726651693
-102.915913762
-103.497895627
-103.471029882
-103.267970645
-102.856065764
-103.677558959
-100.945046997
-100.985574821
-102.431362136
-104.410413813
-103.928945108
-103.403138132
-103.469847378
-104.143400129
-103.902669423
-103.470043035
-101.406470453
-102.422516429
-104.066898697
-103.707619984
-103.455366249
-103.895542138
-103.40176856
-103.56492851
-104.236024159
-103.670551186
-103.552369317
-103.536632675
-104.117408879
-103.595802664
-103.187044397
-102.746591194
-103.056450611
-102.949439243
-102.776800418
-104.388446153
-104.414548341
-103.3280371
-103.686634602
-102.961393763
-102.966675857
-103.382685203
-102.763795923
-104.400646069
-103.245782206
-103.724207252
-102.818681577
-102.772004977
-103.717398291
-103.493349055
-102.920967441
-102.465901945
-102.720210509
-102.636624943
-104.046900656
-104.651326868
-104.421710374
-103.238100251
-103.361953622
-103.386921235
-102.021538499
-101.248090106
-102.618613915
-102.600879714
-102.883471801
-103.7043139
-102.34407251
-102.262981113
-102.450547828
-102.545805579
-103.792422868
-102.084627903
-103.62546828
-103.641798233
-103.558966512
-103.370101048
-103.285051155
-103.151043601
-103.427277395
-102.965142309
-103.416769526
-103.756398473
-102.055754504
-103.663251706
-102.987781948
-100.827611758
-102.162317187
-101.101004018
-102.923427881
-102.471793966
-102.281775492
-103.223948188
-103.778972405
-101.440199259
-103.22602454
-103.429782176
-102.715954268
-104.209149497
-102.266943951
-103.432807652
-101.819318009
-102.304453127
-101.654742651
-103.506991736
-103.319992904
-102.898909082
-102.262553878
-103.458591435
-102.081233299
-101.038959851
-102.253223724
-103.284384011
-102.304986042
-101.546971895
-103.434746248
-103.109686633
-103.482172665
-102.019770761
-102.758039423
-101.318850154
-102.630055832
-102.125693136
-101.724805009
-103.131263239
-103.559625206
-101.50355965
-100.864133807
-103.21966416
-104.059650259
-103.296880857
-102.01938289
-103.684988107
-103.143546163
-102.76654977
-101.669531598
-102.682164424
-103.97871692
-101.76086704
-101.880577216
-102.499863918
-102.998586298
-103.730001186
-104.011728377
-103.124890795
-102.757456859
-101.97050925
-103.94302638
-102.465446749
-103.687206592
-103.819404873
-101.948574683
-102.525572724
-103.730974681
-102.248787033
-102.043474339
-102.312476871
-103.377033723
-103.852542009
-103.867574738
-103.003339945
-102.613198235
-101.134472062
-102.899606733
-103.939819197
-103.330477112
-103.887128235
-101.759271438
-103.628282038
-104.314482461
-104.039655854
-103.337276247
-102.714823478
-103.886536261
-104.336293071
-104.806448044
-104.157683417
-103.231698233
-103.798079387
-103.812860593
-104.865692441
-104.636954347
-104.335288893
-102.5200499
-101.550335559
-102.512072658
-102.405248604
-104.329239159
-102.616554249
-103.185854477
-102.371013848
-103.292653131
-102.384761677
-103.325568216
-102.404075779
-103.11732465
-104.075275226
-103.835838847
-103.343922254
