linux; GNU C++ version 5.3.1 20151219; Boost_105800; UHD_003.009.002-0-unknown

-- Detected Device: B210
-- Operating over USB 2.
-- Initialize CODEC control...
-- Initialize Radio control...
-- Performing register loopback test... pass
-- Performing register loopback test... pass
-- Performing CODEC loopback test... pass
-- Performing CODEC loopback test... pass
-- Asking for clock rate 16.000000 MHz... 
-- Actually got clock rate 16.000000 MHz.
-- Performing timer loopback test... pass
-- Performing timer loopback test... pass
-- Setting master clock rate selection to 'automatic'.
-- Asking for clock rate 32.000000 MHz... 
-- Actually got clock rate 32.000000 MHz.
-- Performing timer loopback test... pass
-- Performing timer loopback test... pass
64
Using Volk machine: generic_orc
gain = 38.0
-113.060088682
-113.667720947
-114.325518921
-112.536922057
-113.329296808
-113.742535191
-114.245371128
-113.261844984
-113.5103273
-113.814138393
-114.166907397
-112.851984344
-113.095923283
-113.105877906
-113.175293591
-113.854456971
-113.85610181
-113.756754007
-112.627745143
-112.855731992
-112.042968897
-112.340296373
-110.555602547
-107.392915772
-106.788922735
-108.406880352
-110.117850405
-111.312021861
-112.670258334
-112.499260617
-111.58839959
-112.885122066
-112.755516089
-113.75230208
-112.88780734
-112.40834071
-112.980491695
-113.313595078
-114.423579897
-113.110137021
-112.152700182
-112.983322575
-114.264294915
-113.93809765
-113.140978845
-112.823175186
-112.613820242
-112.527122178
-113.425847424
-114.149353904
-113.625024859
-113.518475402
-113.702180599
-113.811734988
-114.380562391
-114.018847979
-112.719558375
-112.798476594
-113.524128784
-113.482030443
-111.690380159
-112.449111394
-113.416217581
-112.991993855
-112.873757896
-113.268652041
-112.871181898
-111.544662182
-111.599531844
-112.173108682
-110.73561912
-107.543284827
-105.962993767
-108.125659562
-110.45886041
-111.391102482
-112.126648238
-111.333586571
-112.989195054
-112.672363001
-111.356789605
-110.917960105
-113.358621171
-113.005047921
-113.607138322
-113.684942431
-113.992943626
-112.991068061
-113.683925231
-113.445643382
-112.810212876
-113.799809406
-114.580606163
-114.093415448
-113.75176512
-113.488715072
-114.926630989
-113.306215328
-113.815058197
-113.169087159
-113.745804913
-113.715234767
-113.922443135
-113.325123548
-113.259736881
-112.984572217
-112.195736779
-113.225399355
-113.06663773
-112.693054719
-113.622489163
-113.572885738
-113.658820445
-111.812766645
-112.600842331
-111.487512511
-112.167850908
-111.702163904
-110.263561233
-107.311853509
-106.133419025
-107.775669767
-109.427575494
-111.06575953
-112.104339801
-111.614138412
-112.302296683
-112.306781553
-113.580466154
-112.955961974
-113.266001838
-113.675319248
-113.233857057
-113.513679088
-113.556304072
-113.485214163
-113.666316809
-113.426077359
-112.670495748
-111.996987954
-114.272144259
-113.015157191
-114.223060197
-114.291416092
-113.393825175
-113.95563656
-114.541324756
-114.162876873
-114.004402619
-113.7830158
-113.345942586
-113.955058152
-114.091435054
-113.722005062
-114.44819245
-113.899934092
-112.787990676
-112.869319345
-112.973697898
-112.967407087
-113.270178191
-113.017365441
-112.131937968
-111.730267858
-111.21326422
-110.70897405
-110.377848374
-107.89525161
-105.729464262
-107.406545133
-110.247011237
-111.936886763
-111.939362495
-111.53725355
-112.481048695
-112.073718654
-112.33261268
-112.924186948
-113.44392207
-112.359871324
-112.037557142
-112.755307503
-113.047846381
-113.288897396
-112.811489898
-112.784948609
-114.060939395
-113.593565136
-113.305267424
-112.584443939
-113.113310136
-112.492792518
-114.197688611
-113.681691917
-113.570560041
-112.038020021
-112.495943609
-114.160029627
-114.470533632
-113.064974642
-113.610635994
-112.927802505
-113.740532761
-113.536434441
-112.645465048
-113.564733738
-113.847629015
-112.588606645
-112.301852746
-112.614042331
-112.540855795
-112.623640164
-112.689774981
-110.022402291
-109.071199519
-107.670652635
-105.343125938
-106.761061803
-110.104716161
-111.575612705
-112.645092822
-112.607743864
-112.489507772
-111.952964212
-112.869997727
-112.119856563
-112.37182723
-112.943987132
-112.662580805
-113.905533072
-113.182279357
-113.136310407
-113.35753725
-113.790729825
-112.85835033
-113.553887407
-113.15771575
-113.581667995
-113.028082071
-114.599651703
-114.343740208
-114.032264883
-114.547250761
-114.27849823
-114.136281898
-112.43491773
-112.144344616
-113.637908149
-114.178739727
-113.505457631
-113.413501383
-113.936645377
-113.6287533
-112.970933954
-113.401085751
-113.754184778
-113.069239857
-113.044147448
-112.0774292
-111.511313609
-111.953480714
-111.433237195
-110.50318487
-107.462861329
-105.583332431
-107.626776977
-108.836390759
-110.211927129
-110.772673843
-111.921817831
-112.291279786
-112.588939289
-112.183822956
-112.633405926
-112.964543175
-113.418356184
-112.950307585
-113.681136419
-114.07730765
-112.502506365
-112.76810561
-113.802459815
-113.4987114
-113.323681558
-113.684309479
-113.353544097
-113.91932503
-112.875462293
-113.991575389
-113.204152998
-112.216605959
-112.997511017
-113.726298397
-113.053396704
-112.506633442
-113.038347332
-114.075650075
-113.987424787
-113.161278387
-113.224046521
-113.272015734
-112.995726953
-112.777084531
-112.381808113
-113.083571258
-112.933018267
-111.567161397
-112.244811977
-111.177184619
-111.043208071
-109.645375049
-107.44978194
-105.918134489
-107.377062605
-110.016575004
-111.079503522
-111.625924157
-112.264909714
-112.936902163
-112.480905682
-111.924866999
-111.777395607
-112.690756514
-112.57713027
-112.42217373
-112.826244914
-113.08024357
-113.755239671
-114.327150315
-112.457326198
-113.234673453
-113.416284803
-113.732417981
-113.858153933
-113.650499739
-113.642767872
-114.312301869
-113.978808643
-113.173129886
-112.898250959
-113.839614936
-113.356153323
-113.236530985
-112.446782224
-114.207741563
-113.735323478
-112.510613409
-112.77998062
-113.403961553
-113.452211411
-112.270077535
-112.746736612
-113.537559044
-112.720094055
-112.282834967
-112.080379833
-112.114322176
-111.148707074
-110.157810184
-107.370260874
-104.744224331
-107.649835486
-109.611997668
-110.936735206
-111.965943385
-112.607102352
-112.644550338
-112.561903128
-112.369044989
-112.087324932
-113.154345076
-113.548527364
-112.637807621
-113.798342497
-112.927699416
-112.782994842
-113.083461191
-113.562667624
-114.331527436
-113.273985003
-112.347757323
-113.58130984
-113.35005518
-113.361382904
-113.239405588
-113.479696112
-112.538722112
-113.123442576
-113.136610907
-113.714806892
-114.035107576
-113.525493913
-112.6660433
-113.759449133
-113.602114131
-112.777068809
-113.490588348
-113.476138264
-113.836362226
-113.279914985
-113.214291631
-113.2109562
-111.586377519
-112.132299687
-112.654496478
-111.233611094
-110.393785283
-107.198703402
-106.275343695
-107.028285268
-110.351235406
-111.853286232
-111.497894423
-111.840261481
-112.265147597
-112.406595256
-112.628432758
-112.355035798
-112.460777408
-113.283075012
-112.732335144
-112.044057117
-112.068932117
-112.953477892
-113.205765723
-112.72946509
-113.828143819
-112.862356959
-112.380263582
-113.783935643
-113.254806211
-112.577393751
-113.026592266
-111.840578885
-112.814602348
-113.07472099
-113.604355797
-113.418915951
-112.994953076
-113.292740471
-113.043615249
-113.305793777
-113.349569561
-112.19943086
-112.087826683
-113.040942106
-111.112876182
-111.286192663
-112.542072322
-112.995127836
-112.777410965
-112.38204189
-112.736421456
-110.768443415
-110.394803886
-107.67520658
-105.726916892
-107.275947377
-110.486847917
-111.803259618
-111.263224087
-112.446215389
-112.012323582
-112.314924769
-112.412250501
-113.194201158
-113.122804907
-113.524234599
-113.237554735
-113.026711606
-112.778196455
-111.660437236
-111.908857178
-113.176643633
-114.04470277
-113.17419212
-114.232841575
-114.015098841
-112.805189545
-113.787107741
-113.677291827
-113.329025182
-112.437731775
-112.967619463
-112.995650976
-113.741280058
-112.195420486
-111.610592548
-113.438792741
-113.380324336
-113.129820771
-113.255047326
-112.030258644
-112.2033508
-111.454688807
-109.89783912
-109.007448009
-110.620393489
-111.58436919
-107.660504238
-104.789692194
-102.642837853
-97.809190732
-88.726056941
-85.9169728652
-89.4091523338
-100.149110778
-105.513804842
-109.244478066
-110.276764108
-111.538984328
-112.307923823
-112.631095988
-112.700724197
-112.084241282
-113.093733522
-113.564453712
-113.065026242
-113.270460001
-113.045477634
-114.173372699
-112.929490253
-113.606915817
-113.296388659
-112.486555304
-113.836049318
-113.757338497
-113.218300432
-91.7824561399
-91.520858426
-91.2443539424
-90.2297996006
-89.9365350209
-89.9682069389
-89.1683075746
-88.2105848644
-87.7050967888
-87.2391386581
-87.0170952509
-85.9095402998
-84.4771600736
-84.0804198279
-82.9854552009
-82.2323666948
-81.1196032912
-78.9195448109
-77.9653836307
-79.2325639901
-72.676233068
-58.2216466865
-50.2086873789
-47.3475826824
-50.8560604302
-60.5112916422
-70.2155182315
-67.3568456999
-71.5018699992
-82.8994678349
-81.60426407
-82.8383213777
-83.7092370904
-84.1656873866
-85.6579657395
-85.6805010386
-85.8786034728
-87.1189119931
-88.2840331115
-88.8085322955
-88.9416155094
-89.2345368966
-90.18615906
-90.5063892555
-90.6218372582
-91.6949552046
-91.8890299742
-91.9666881406
-84.2446615613
-83.7965413839
-83.2731146717
-82.7012440182
-82.1608662778
-81.6774859001
-81.2359483831
-80.7521000345
-80.1335065309
-79.4531027745
-78.7866245108
-78.0511224886
-77.1962751635
-76.2937822612
-75.3278384089
-74.2128659544
-72.8291597827
-71.0722827659
-68.9641818704
-66.5339741454
-63.3560085967
-59.6027312832
-50.2137368979
-47.4169703211
-50.9938101107
-60.4701551088
-64.1740863451
-68.3970215038
-71.6673427342
-73.0351248124
-73.7853159537
-74.7310326689
-75.7976767057
-76.7808756052
-77.5612110022
-78.3006561715
-79.0990612628
-79.8297521566
-80.4126382613
-80.9675445164
-81.5502472004
-82.1061717671
-82.6139382563
-83.0674320183
-83.469990484
-83.835610651
-84.190337142
-84.5331274831
-82.7438881998
-82.3547488405
-81.9787872805
-81.5522179648
-81.0350281348
-80.5035544537
-79.9853120254
-79.4464798552
-78.8302202416
-78.1029864065
-77.2946660197
-76.5139105202
-75.7834885945
-75.0169966019
-74.1189027433
-73.0139413088
-71.6950813658
-70.2724594749
-68.6752226059
-66.3654797621
-62.6843704586
-58.2711038949
-50.2689983536
-47.4462966846
-51.002695113
-59.0662728884
-62.8150741675
-65.0053630323
-66.5191164264
-68.4878184887
-70.5090766735
-72.0977812997
-73.4003212804
-74.5343633461
-75.5651309858
-76.5066394651
-77.2710848105
-77.8588228379
-78.4036225291
-78.9914994274
-79.5709437623
-80.0943027253
-80.5860143246
-81.0888654832
-81.5877181266
-82.05001673
-82.463376342
-82.8378171795
-83.679052235
-83.318518733
-82.8904325303
-82.3941326094
-81.8636202766
-81.3517104985
-80.8478716528
-80.3046826545
-79.6908913259
-78.9892035225
-78.2065314975
-77.4135559761
-76.5994242488
-75.6593720824
-74.561103725
-73.3588506569
-72.0142298
-70.3863263014
-68.5794427604
-66.4955154272
-63.064446295
-58.4863725744
-50.2735596127
-47.4517153387
-50.9578129964
-59.2483098675
-63.2312525907
-66.748942165
-70.1897513245
-72.6766615427
-73.7405463399
-74.5722823107
-75.472014249
-76.3706230921
-77.2557038775
-78.1081315702
-78.8517787219
-79.4460953192
-79.9828135079
-80.5555529672
-81.1670630831
-81.7458290895
-82.2313649141
-82.6210206349
-82.9330747853
-83.2494289693
-83.6449478316
-84.1257705113
-83.2812802083
-82.8645201605
-82.3315545582
-81.8195336965
-81.3494475575
-80.9017131978
-80.433976134
-79.887352613
-79.2465428968
-78.5408937812
-77.7873910746
-77.0360515455
-76.276687808
-75.4309774356
-74.5087354767
-73.5163478248
-72.3667750033
-70.8626893126
-68.760113559
-66.0662826731
-62.4845559192
-58.1947861255
-50.2816764371
-47.4488619912
-50.8734309549
-59.7846433198
-64.6224772738
-68.4497808159
-69.8712853378
-70.6030372255
-71.8100668865
-73.1405961255
-74.2897648569
-75.3000580802
-76.2563149506
-77.0994119522
-77.7773464734
-78.3669386167
-78.9488006465
-79.5564697798
-80.2032360499
-80.8272343406
-81.3575437166
-81.8013821595
-82.1519231749
-82.4576241301
-82.8655082339
-83.4148373821
-96.0933845952
-96.0533167055
-96.0573041471
-95.5277673242
-95.2706855874
-95.0309208328
-94.359548918
-93.8902771466
-92.8764348488
-91.7760983733
-91.521357543
-90.7909509234
-90.1864915415
-88.556598293
-88.2983344059
-87.8164111309
-85.8968936465
-82.6580100178
-83.2869321655
-83.6256153252
-78.7051283294
-59.4292915233
-50.2693896598
-47.3919943817
-50.8774960201
-60.4047743969
-70.5887263683
-70.3265340355
-73.6142641118
-83.6244760257
-85.8207915708
-87.3236742226
-89.2572562687
-89.1797094387
-89.98598284
-91.6689973388
-90.7947965359
-92.5758823703
-93.8968202413
-93.1508385618
-93.3117151703
-94.5779075531
-94.7327546342
-95.1420786097
-95.7593678552
-96.7888826825
-97.432980188
-96.9323701842
-110.877279563
-111.132089583
-110.898642023
-107.992514112
-107.877230243
-109.91636057
-108.579176804
-106.597050802
-106.326576228
-107.234888306
-106.414501534
-103.738768639
-102.756418634
-103.589577174
-102.926860768
-100.440307311
-99.2034561583
-92.7224047512
-85.7184937289
-83.5190985015
-76.9299196963
-60.0557932083
-50.2952227644
-47.4483698909
-50.9270127471
-60.5156933441
-70.1406434669
-69.5764927014
-73.4268823878
-83.6709730702
-99.7895530177
-100.125855369
-101.467725012
-103.740310793
-104.200010202
-103.023147647
-103.939401588
-105.461023623
-108.307619524
-108.153087733
-106.984784933
-107.473328109
-106.79534118
-107.590467875
-110.428690273
-111.144237137
-110.098825939
-108.398292251
-87.1621524325
-86.8284226481
-86.2207878852
-85.7741747707
-85.2495636703
-84.6197333252
-84.0493759568
-83.4543285348
-82.8464452073
-82.2545722743
-81.6084503299
-81.0584642053
-80.1148021958
-78.9325337296
-77.7721999228
-76.7983366747
-75.7237753593
-73.7720087146
-71.9964706554
-71.5551973143
-67.1752254007
-57.2626575918
-50.2945879922
-47.379386998
-50.8016172794
-59.2129871195
-66.2324695161
-66.1185641703
-69.9651561719
-75.6279279739
-77.1966196048
-78.0004693609
-78.5945467278
-79.5023922513
-80.1727096954
-80.7271124734
-81.6961547436
-82.5200765796
-83.173907626
-83.7354312846
-84.271077879
-84.7800553285
-85.1436882577
-85.5663620766
-86.2080412784
-86.5110375874
-86.8009175007
-87.3404696464
-86.1932153332
-86.0266664156
-85.8365781848
-85.6785009596
-85.4666528644
-85.0849306821
-84.4796569363
-83.6141576703
-82.5781086645
-81.5297538139
-80.4854368633
-79.3795589113
-78.1829027242
-76.8572233184
-75.4442458949
-74.0707103848
-72.7756734941
-71.3837884356
-69.4789572772
-66.5345253978
-62.3412839789
-57.8379542501
-50.3421576946
-47.4406109186
-50.9087142041
-57.7664693298
-61.321809352
-64.2450557077
-67.1879126105
-70.1421540918
-72.2191512415
-73.7079068452
-75.1325623271
-76.512253496
-77.8519758513
-79.1625606467
-80.4490487378
-81.6824201899
-82.8273890961
-83.8230949998
-84.6849077288
-85.4081944676
-85.9848493862
-86.4413095878
-86.7032340061
-86.7075357053
-86.5756151079
-86.4646137072
-102.201404551
-105.436119607
-105.961906562
-101.706852898
-105.087127292
-109.541642684
-101.998374525
-101.447773671
-104.348916097
-102.754323563
-99.6247532201
-96.7020432562
-97.8606125922
-93.392525771
-93.0150745938
-91.9097016496
-91.5147104662
-94.0219813698
-84.456648912
-77.9814393236
-77.6383172723
-60.1516681527
-50.3055455065
-47.4040028169
-50.7994165833
-60.4451511485
-70.3255849421
-69.798475749
-73.6205533446
-83.7601987877
-88.611786812
-89.9094733142
-90.4625134233
-92.1821854697
-92.4192162145
-96.5384696666
-96.4918798811
-97.4146759848
-99.746522849
-104.156650573
-105.025861335
-100.962056989
-104.53952536
-106.643835625
-103.895493322
-103.905634912
-108.111717104
-108.377290835
-86.3580331177
-86.4068185213
-86.5198580157
-86.5891923965
-86.5714810791
-86.5894058657
-86.6781302689
-86.1463737156
-84.9822984267
-83.8291258494
-82.8129826835
-81.6757219094
-80.2331453478
-78.7948328266
-77.3606387932
-75.9826974961
-74.795281008
-72.9595769825
-69.76513259
-66.5847867612
-62.7245817794
-56.5726095729
-50.3043525528
-47.3962958015
-50.7933208182
-57.8252368672
-64.7647599589
-68.1574526297
-68.1535011527
-69.4700567298
-71.6196784634
-73.4418550616
-74.8867969113
-76.1517407412
-77.4190832693
-78.8284619802
-80.4471751931
-81.9523776625
-83.1703873862
-84.1536109422
-85.324800669
-86.955796012
-88.5274508496
-89.1762434099
-89.48098169
-89.8441987494
-89.6719506093
-89.0725289355
-109.350695715
-109.053142875
-106.46496468
-110.11379052
-111.046325043
-109.723235032
-108.190141951
-107.796031196
-108.682220112
-108.95773557
-103.671324527
-104.95320116
-105.723079606
-103.970558694
-103.197051828
-101.351647347
-101.686076827
-93.9976338034
-85.4533072157
-84.1960629063
-78.7330615591
-60.1437568847
-50.2579791517
-47.408741701
-50.9736848834
-60.6710687639
-70.4695927277
-70.2427075183
-73.6320351883
-83.6204501002
-98.5279661413
-100.325310928
-99.3750535637
-105.000018808
-102.80459369
-102.083092091
-103.809373933
-106.823003179
-109.406471572
-109.689155104
-109.31301194
-111.929078771
-109.254114736
-108.180599557
-110.898210663
-109.663333791
-108.078082058
-111.248590462
-96.4482556901
-96.1224601288
-95.9720102455
-95.2260432068
-94.4022034793
-94.2113909749
-94.1948434045
-93.2073840563
-92.3837143421
-92.2836289109
-91.5972178768
-90.1245567125
-89.3984949411
-88.6439501175
-87.6548220854
-86.2873778455
-85.2030020773
-83.864207088
-82.1028930855
-80.5519906598
-77.0451374027
-59.9655543448
-50.2346928741
-47.4198430275
-50.9563400267
-60.7278812521
-70.6073835702
-69.9071788342
-73.7092372804
-84.1533441273
-86.1221745356
-87.5379382333
-88.2990212502
-89.163226599
-90.4415600751
-90.846346399
-91.5133907239
-92.6959395726
-92.9364573634
-93.5649596029
-94.2035225345
-94.4024978037
-94.983352178
-94.8820738044
-95.4193264025
-96.8543540531
-96.9356236543
-96.4840790858
-83.4422526648
-82.9699855107
-82.5301191798
-82.1329166795
-81.7295517852
-81.2533900375
-80.6542911201
-79.9818286005
-79.3397064415
-78.7394883391
-78.1525249995
-77.4605633519
-76.6158131586
-75.6839268315
-74.6717085654
-73.60063444
-72.5425498809
-71.3499833918
-69.4393981782
-66.522940226
-62.3803995525
-57.1832097423
-50.1900594119
-47.4172861162
-50.9120627957
-58.6918826765
-64.9311811822
-68.1116537298
-68.2387252798
-69.5040966608
-71.4166555273
-72.9523966239
-74.1713104947
-75.2214074246
-76.0909019543
-76.8424139266
-77.6104247535
-78.3449703181
-78.9853075581
-79.5803188287
-80.1658136288
-80.7688967364
-81.3585777441
-81.8961562528
-82.3810293464
-82.7802831138
-83.0948231658
-83.418299829
-83.6451875113
-83.0737557
-82.6530004044
-82.2705513511
-81.7421709935
-81.1617255066
-80.6489746242
-80.1153795048
-79.4963939368
-78.809855496
-78.0770617119
-77.3296261396
-76.5101255171
-75.5550212626
-74.4937991958
-73.3604802668
-72.0495049921
-70.4705666111
-68.8615130706
-66.1620068169
-62.1849156125
-57.2471682788
-50.2816472699
-47.4756352848
-51.0693125604
-57.436628283
-61.7361648049
-64.3957666965
-66.5804593379
-69.1668357248
-71.5393835959
-73.3305809815
-74.8388575939
-75.6793514322
-76.5255376031
-77.3379884921
-78.1236166022
-78.8708732583
-79.5505094165
-80.1512404513
-80.7094522474
-81.2177508664
-81.6826245663
-82.2108857303
-82.7490754205
-83.1452870104
-83.4098506448
-83.6944257128
-84.6505382147
-84.2473194204
-83.7932376855
-83.425105297
-82.9407745
-82.3550716107
-81.767948953
-81.1709020161
-80.5947955878
-79.9623255711
-79.2613100247
-78.5216472802
-77.6866374982
-76.7896259475
-75.8503423469
-74.7823802837
-73.5728680827
-72.206863107
-70.5386154569
-68.2499933028
-65.4301850503
-60.0824853731
-50.2949674259
-47.450877008
-50.9281926908
-60.6364650517
-65.6937435589
-67.3847341129
-68.977795165
-70.7177872746
-72.4622487486
-73.9784570662
-75.2298913492
-76.2904180316
-77.29191732
-78.218825685
-79.0000435914
-79.6812003537
-80.3279334632
-80.9713711011
-81.5646473124
-82.1106768484
-82.613600831
-83.03961676
-83.4450717769
-83.8541526119
-84.2800715775
-84.7107798843
-86.6423727628
-86.1020879678
-85.5629280739
-85.0025451198
-84.3349304815
-83.9031802017
-83.5488341874
-82.8044150281
-81.9783608549
-81.2958627389
-80.7803345302
-80.2589422619
-79.4139194876
-78.3202082725
-77.2706761596
-76.380292336
-75.0062531041
-72.9546018749
-71.6007119597
-69.3150895635
-64.9188848332
-56.784300358
-50.3530949753
-47.5023388179
-50.9644912501
-57.9588499395
-64.0619640138
-66.0457024994
-67.8430983102
-71.6920926062
-74.8732049556
-76.3323765534
-77.7784512083
-78.6719155685
-79.3982930729
-80.2325013921
-81.1868392651
-82.0260644311
-82.6378873476
-83.0294419771
-83.3561296914
-83.9902714261
-84.6793140017
-85.105112635
-85.550721314
-85.8584526446
-85.9802950849
-86.37411973
-109.189897826
-108.799669559
-107.242616849
-107.866389407
-106.522032033
-106.49364263
-105.532950816
-102.55379587
-108.723324369
-103.345858095
-102.335431319
-100.601995685
-98.6698636453
-99.8094944176
-100.280859896
-94.6404345914
-98.7535741132
-91.1419186762
-85.2136990142
-83.8008412138
-79.409740682
-60.1991692538
-50.3185742328
-47.4832664219
-51.0123857538
-60.7116400926
-70.6488680131
-70.2968887071
-73.5427132705
-83.4185708656
-93.2755928709
-96.5186907477
-97.084649356
-99.9942954836
-100.644175843
-98.3938514998
-102.643749081
-105.183310267
-104.115596436
-107.917696789
-108.209967535
-108.078205886
-106.21082643
-105.507705686
-107.610203344
-105.622738955
-105.799907258
-109.928610151
-83.3037531457
-83.0422917174
-82.6707576334
-82.1447468018
-81.5899853581
-81.1081172708
-80.6794125041
-80.1861640734
-79.5444082667
-78.7965082367
-78.0064898087
-77.1825029515
-76.3495908348
-75.4771310722
-74.5137994722
-73.4518839867
-72.2574669523
-70.9484491227
-69.3619035354
-67.037665902
-63.1130485068
-56.6807655952
-50.3186874419
-47.4757256117
-51.0229518698
-57.3477240753
-62.6129698201
-64.8826419021
-67.5569454686
-69.6710254051
-71.5949139033
-73.109028327
-74.3717228787
-75.5028838434
-76.4656886115
-77.2598370093
-77.9524372891
-78.6030818676
-79.2131973702
-79.7913767872
-80.3340793945
-80.8066357015
-81.2651187264
-81.7417744266
-82.2089245681
-82.7058993311
-83.1931827963
-83.5412361506
-92.0677261169
-92.1358291082
-91.9166618192
-91.7811484885
-91.7371023915
-91.3654492882
-90.6997817522
-89.9273982498
-89.3250779635
-88.4349524672
-87.4105739284
-86.4163701071
-85.2945642022
-84.0398472522
-82.7799793104
-81.4086678726
-79.9562450382
-78.1689629368
-76.0699793684
-73.8559281197
-71.6520494603
-60.1096545319
-50.3387917803
-47.4908668317
-50.9822683334
-61.4316431357
-71.314066666
-69.7479671902
-73.6265298699
-76.5021550503
-78.0561809438
-79.5330586329
-80.9289064061
-82.3085426795
-83.4801955347
-84.6536017917
-85.9501021422
-87.1601867083
-88.2654061621
-89.2110338685
-90.2052214803
-91.0393925752
-91.9086877932
-92.8005932441
-93.0366822921
-93.0259905882
-93.2153139274
-93.3683052162
-82.6898931346
-82.3330645346
-81.85323253
-81.2690862623
-80.7484483201
-80.2950264938
-79.8286629299
-79.3052980735
-78.7237644725
-78.0613829957
-77.3615851609
-76.6641311363
-75.9210388496
-75.0393426438
-73.9869362998
-72.7879970955
-71.5480508146
-70.296012924
-68.7996564818
-66.4138736739
-62.4223518725
-57.4062514896
-50.3098432999
-47.3805442604
-50.7644540547
-58.4613556095
-63.2194200736
-65.4435963116
-66.4367200154
-68.2443565008
-70.3569697393
-71.9783490547
-73.236221491
-74.2921601016
-75.2519735921
-76.1708030328
-76.9947597488
-77.6714576501
-78.3188411591
-78.9858231034
-79.6335731446
-80.2160215155
-80.7023900529
-81.0878822808
-81.4703439268
-81.9540931014
-82.4783726418
-82.8706669976
-96.2111149153
-97.1285819802
-96.4712704378
-96.0419036463
-95.5779448931
-95.0227377356
-94.28140075
-93.3066157082
-93.6721881678
-91.9712150506
-91.3140856328
-91.8940599392
-90.7676697335
-89.8746808087
-87.8696707323
-87.5061727558
-86.7738197296
-83.8678101325
-79.6789109563
-84.2831207022
-77.6525597412
-59.6684422969
-50.3231553156
-47.4033139552
-50.848232367
-60.1745471457
-69.6146326112
-69.8766278108
-73.6781602436
-83.8750049648
-87.0492178348
-88.6180159598
-88.6778886976
-89.5833884247
-90.1907978933
-90.3297687475
-93.117711438
-93.5995528856
-93.0714500516
-94.6868546815
-94.7819048446
-94.5359700198
-95.7109552554
-96.3349225246
-96.01916762
-96.6271299702
-98.3845987688
-98.4690536827
-107.028710104
-106.782015189
-105.560727113
-104.708577359
-105.508306342
-104.806446132
-102.733216282
-101.97245411
-101.928213615
-101.525251261
-100.62238884
-100.195408832
-99.7509431777
-98.7771070681
-97.899416742
-96.654713823
-95.4570126856
-94.1755807824
-86.3794074875
-84.2439315262
-77.5191619956
-60.1813356834
-50.3338171208
-47.3719188841
-50.648919156
-60.3067856815
-71.5153122213
-69.9649773848
-73.9512283211
-84.6098442499
-96.037829808
-96.9005418122
-98.1174378393
-99.0566128526
-99.5184313381
-99.8859501455
-101.065006766
-103.192564875
-104.39184179
-103.859241687
-103.312510309
-103.74475418
-104.391749711
-104.179195576
-104.652217307
-106.409098098
-107.201005934
-107.018776792
-86.3931354477
-86.4334659095
-86.357220974
-86.1376095881
-85.7813380953
-85.4295843892
-84.9704773872
-84.2344742031
-83.3167457548
-82.2885058404
-81.303802187
-80.3246597671
-79.1091114982
-77.820650529
-76.5895801529
-75.2341276556
-73.5148222205
-71.3555243127
-69.1973589716
-67.0586217699
-62.9082270207
-57.02098642
-50.321519074
-47.4469592667
-50.905323297
-57.5298504919
-62.5159680112
-67.1144701343
-71.2861877092
-72.3153902629
-72.9772527542
-74.0327977966
-75.1924034185
-76.4624314707
-77.6703140355
-78.9532068165
-80.3492794253
-81.5369596706
-82.4918444502
-83.3993541426
-84.231332316
-85.1212026915
-86.0237179618
-86.6824104597
-87.1020459518
-87.3799154511
-87.6025174402
-87.5853733546
-105.197165113
-105.044998573
-104.535310137
-103.879634176
-103.58369449
-103.261656728
-102.610005894
-102.063213393
-101.268939114
-100.150687341
-99.1058156292
-98.219745355
-97.5565987168
-96.8376371398
-95.7463487706
-94.5179034546
-93.4414459927
-92.2950516492
-86.8237922781
-84.3742777194
-77.0003178625
-60.0502573599
-50.295257786
-47.4328038634
-50.9519117364
-60.5269006855
-69.9955045757
-69.7717193108
-73.5384083869
-83.8614010995
-93.9425700799
-95.1644277075
-96.4342464481
-97.6696244401
-98.7335301089
-99.6010867678
-100.093725731
-100.194513839
-100.411337841
-100.903700003
-101.326171935
-102.11842835
-103.238026323
-103.906638488
-104.200748735
-104.342726685
-104.519117943
-104.53326127
-85.6290458625
-85.5666790303
-85.6885585393
-85.7006510964
-85.4260345934
-85.0017673966
-84.6462142226
-84.2677829775
-83.5909858851
-82.5794442382
-81.4034154187
-80.1646451836
-78.8382765042
-77.4071673297
-76.0508843502
-74.7972717697
-73.3791336458
-71.3639466443
-68.8902665737
-66.1988520394
-62.3959115258
-57.812830064
-50.297371572
-47.4562045425
-50.9483066064
-58.5624895382
-63.9835874776
-69.3112823673
-71.2322912791
-71.4002018332
-72.2892655811
-73.584334801
-74.9185997221
-76.2126751092
-77.4463768599
-78.620428428
-79.7412719374
-80.8436689455
-82.0007410397
-83.2327000372
-84.4270903344
-85.3655343528
-86.0863792634
-86.7393512515
-87.4070849541
-87.9348684191
-88.0503066418
-87.8973113326
-86.489556814
-86.4586946282
-86.394247904
-86.2760201943
-85.9226098243
-85.2611746703
-84.3923846255
-83.4712028507
-82.472393993
-81.362429866
-80.2306016603
-79.146173709
-78.0042545365
-76.6997834155
-75.2779605116
-73.8592072833
-72.4307615693
-70.8780409865
-68.9713232738
-66.2466194097
-62.3227317554
-58.1448658793
-50.305948119
-47.5169737143
-51.1110734808
-58.6047562265
-61.9489758054
-64.44262595
-67.0684062112
-70.0374966743
-72.3293721103
-73.8909843666
-75.281177296
-76.6133994262
-77.9682925861
-79.4063349103
-80.8155622302
-82.0759570751
-83.2396141285
-84.3090537414
-85.1488205762
-85.7275252184
-86.1353913112
-86.429539155
-86.5603865866
-86.4884615714
-86.2869322922
-86.184948939
-109.418588481
-108.310602794
-107.761674112
-106.984778621
-104.926383955
-108.501306224
-104.334887202
-106.377222664
-104.737763508
-103.290486039
-103.483361349
-102.238641584
-102.318711507
-100.86956545
-99.5787792803
-99.1170302569
-97.6980695953
-94.129838803
-86.2376375261
-84.1679340454
-77.3400886138
-60.1253378359
-50.3597747061
-47.5264050255
-51.0041956348
-60.6422819506
-70.3591300354
-70.1287939953
-73.4367857306
-82.9292604106
-97.8599005741
-98.3583866837
-99.8355994844
-101.360784084
-101.759878427
-100.431903229
-104.006334471
-102.593610467
-105.964601845
-104.573710457
-105.433827737
-106.584592145
-106.16319692
-105.499034499
-108.830871558
-107.917677226
-106.656088144
-109.660910667
-93.4675128967
-93.0837875111
-92.1950422348
-91.5255289015
-91.404179312
-90.7863433449
-90.5221744731
-90.2253021215
-88.9153224603
-88.699222342
-87.9258458138
-87.0327742429
-86.237778268
-85.2253208208
-83.684652358
-81.5570089911
-80.7199871531
-79.3668635464
-77.2002417096
-74.50982714
-70.5331957802
-58.1469647578
-50.3321442201
-47.4764533907
-50.9115319361
-59.2091698505
-69.0454602573
-68.3993455304
-73.5151725859
-80.1310421981
-82.030977138
-83.9340583751
-85.2522244244
-86.3192452226
-86.9803913773
-87.1956140888
-88.3414995767
-89.3593777349
-89.6393871779
-89.5403255482
-91.2539548277
-91.8096695474
-92.2387236481
-92.8443902449
-92.8235766899
-92.7749205778
-92.9448688269
-93.7007999879
-104.147349177
-103.64510313
-102.928281938
-102.30287142
-101.875286708
-101.451165066
-101.033219303
-100.733612698
-100.277418107
-99.5373388355
-98.7852422621
-98.0969537163
-97.302770465
-96.4102688771
-95.3656196611
-94.1231901018
-92.805588997
-91.3894288522
-86.1364325971
-83.7343708061
-78.6583155332
-60.1722806407
-50.3584286717
-47.4859353834
-50.9233508613
-60.6202107009
-70.1989570601
-70.1810616117
-73.6206780975
-83.8246374208
-93.2074599767
-94.3365442802
-95.2924313614
-96.0833675371
-96.7106450611
-97.431803825
-98.4933776278
-99.5192963027
-100.121434761
-100.602362303
-101.090757894
-101.400965838
-101.622819697
-101.927076839
-102.26291088
-102.468599812
-102.532494496
-102.619169485
-87.6329579362
-87.0492696039
-86.8997492619
-86.8132290881
-86.0756157484
-85.3122931417
-84.9880788098
-84.5664343545
-83.6857310054
-83.0058349978
-82.2110092156
-81.2602648215
-80.5140703747
-79.8302247195
-79.0802011071
-77.9267807624
-76.3685752937
-74.8744911112
-74.6596947534
-73.0715147207
-67.1817823416
-57.3347298309
-50.3449100604
-47.5014300824
-50.9956229532
-58.8639139861
-70.4201821037
-68.5277047956
-69.5126947723
-74.2524657952
-76.6327387562
-77.7435308589
-78.9322579002
-79.886335923
-80.965730494
-82.0712509691
-82.536107893
-83.1044414797
-83.6966667745
-83.8947762005
-84.6111360564
-85.5366119061
-85.7520899832
-85.8706508584
-86.5305823108
-87.1723418997
-87.4160505194
-87.7412594704
-86.2253900605
-85.9546208908
-85.4029380499
-84.8604014628
-84.3462831478
-83.8610124106
-83.3664404566
-82.8326693115
-82.2264124879
-81.4787643611
-80.7520067324
-79.9863251405
-79.0628242375
-78.0863811161
-77.0401202747
-75.9067414312
-74.6466546524
-73.1438305957
-71.3758547848
-69.2420688257
-66.808929209
-60.1648178634
-50.3686382622
-47.5046417989
-50.9008034841
-60.4819597668
-66.8481945186
-69.493315963
-72.2997251209
-74.7040147635
-76.2689346817
-77.2849854187
-78.1821851634
-79.0740949667
-79.9173104766
-80.6678630229
-81.3951552943
-82.0387574605
-82.6669697804
-83.2126629716
-83.6792154815
-84.2665010414
-84.8035927354
-85.2321164532
-85.6066135185
-85.9244375574
-86.3311666986
-86.7711554305
-100.138391923
-99.7931667461
-102.03008592
-101.817646526
-99.2295799001
-99.5179751656
-100.83228823
-98.026096549
-96.7761877104
-96.4422397879
-96.1769344097
-93.2824120569
-91.2860445215
-89.8703372932
-88.441467163
-87.6872923392
-85.8475974494
-86.5258002179
-86.5266654143
-76.5329474348
-77.0651632428
-59.6064695993
-50.4261270268
-47.5186322828
-50.9500067374
-60.4122746574
-69.669993333
-70.2207726011
-73.383882532
-82.8936336987
-86.1953808183
-85.3323824373
-86.4967338575
-88.865402163
-90.7951171068
-91.502952607
-92.0630967227
-94.7314559046
-97.2288764535
-99.1855116748
-99.7393225399
-103.045093148
-104.856600372
-100.535985141
-101.09200148
-104.325636288
-100.720711281
-99.6100834247
-83.5796214138
-83.2628316596
-82.9774728084
-82.4886824982
-81.9504756178
-81.48835028
-81.0073107999
-80.4325438192
-79.7591491372
-79.0060274456
-78.2335352811
-77.4632950747
-76.6692282253
-75.8420951525
-74.9555186525
-73.8489387678
-72.545764976
-70.9500841842
-68.7438163516
-66.1537853428
-62.5372443395
-57.4977957608
-50.3358580288
-47.3976218177
-50.7722219773
-58.5088724507
-63.6269949065
-68.5047375266
-71.7528371448
-72.2033964377
-72.8834371439
-74.0515194326
-75.1651051089
-76.1127510396
-76.9434412157
-77.7164835382
-78.4316975119
-79.0775961746
-79.6963834142
-80.2696557767
-80.8115637435
-81.3833631543
-81.9237224457
-82.3712969924
-82.8469617049
-83.3933150684
-83.8609981429
-84.1993687075
-89.7445193474
-89.7165902692
-89.7544197934
-89.5768546517
-89.3684240019
-88.8167144005
-88.188740237
-87.6546741838
-87.1330441034
-86.2890366003
-85.4146127375
-84.4321376252
-83.2870925265
-82.0854797377
-80.6865600996
-79.1694863357
-77.5643622794
-75.7284574224
-73.6805363998
-71.3168850688
-68.8079498585
-60.2217989709
-50.3745242569
-47.502190145
-50.9114977058
-60.7103125438
-69.3713738333
-69.9638435256
-73.4326865197
-74.8577086308
-76.2365962632
-77.7050407538
-79.0138321458
-80.2598091406
-81.6555570739
-82.8662273297
-84.0030014186
-85.2814022545
-86.505199647
-87.3313377976
-87.7105323378
-88.4632242088
-88.967121602
-89.2002741319
-89.7864818911
-90.4308258323
-90.8833001724
-90.7547091573
-96.475144686
-96.0080167453
-95.1329631101
-95.0263775452
-94.7111544478
-94.0058220347
-93.4321833049
-92.9689101819
-92.1027824002
-91.5809060629
-90.9472225137
-90.1151890155
-88.9089546988
-88.0483859178
-87.4165723137
-86.1731857642
-85.0202560537
-83.6780497717
-82.0145476528
-80.2254689057
-77.6007565678
-60.0168299729
-50.3742922032
-47.5297431442
-51.0427079627
-60.5682477271
-70.0090558691
-69.279411569
-73.5156167619
-83.6120981457
-85.240842454
-86.5905157984
-87.8580386812
-88.749412334
-89.5230264483
-90.5735195876
-91.329183411
-91.9579087353
-92.3373151991
-93.3444524082
-93.8699478203
-94.1925693772
-94.3943609035
-94.8517466793
-95.5957867809
-96.1623946241
-96.342432501
-96.7823476901
-110.328965667
-112.305401152
-110.375545001
-111.202106802
-110.500505126
-110.196132677
-108.284684956
-106.207770086
-105.532004498
-107.320205375
-107.196581874
-104.481528202
-107.092940777
-104.412526408
-102.20793502
-98.9245007941
-100.684132592
-95.836117636
-87.1130194091
-84.5464702919
-76.9655784333
-60.0486858846
-50.3456616608
-47.533912362
-50.9197330097
-60.6764545705
-70.6833435513
-69.7448218917
-73.6480122336
-83.8101727906
-101.186796407
-101.283897391
-105.679683406
-103.953458355
-102.966609537
-102.302384939
-104.86474988
-107.097636215
-107.310258543
-108.255545976
-108.426478351
-111.610464635
-110.0404714
-107.73412025
-109.42785905
-111.84860103
-112.047140517
-111.046925684
-86.8225909416
-86.8539400846
-86.6966363126
-86.3880545649
-86.0601374343
-85.6192990641
-84.9277929661
-84.1179354197
-83.2446340355
-82.3196661076
-81.4018307826
-80.3170414584
-78.9252535328
-77.5082532746
-76.2484586039
-74.9534226498
-73.3979439054
-71.418538656
-69.2977819031
-66.904310704
-62.7423338798
-57.392693777
-50.3685710836
-47.5510238511
-51.0773937653
-57.3696356458
-62.2552700001
-67.1764547911
-72.1753126392
-74.0686695109
-74.3623286145
-75.2988623157
-76.4334881499
-77.5607132283
-78.5492235301
-79.5570439131
-80.7648034917
-82.0097492137
-83.1381135355
-84.216035402
-85.1692222057
-85.9418432675
-86.4842201695
-86.794147611
-87.1328847282
-87.5179737353
-87.6576131262
-87.5627727977
-86.1198801202
-86.2289072729
-86.3993598735
-86.5096304423
-86.2930850554
-85.8309189162
-85.2655132714
-84.4258877015
-83.3124834113
-82.1419054667
-81.0094923354
-79.7850792341
-78.4261656055
-76.9996485024
-75.6572862497
-74.435269557
-73.2139586015
-71.7203100286
-69.4405959094
-66.2003664294
-62.0186156752
-57.4776451547
-50.4196355794
-47.652811824
-51.2846288543
-57.9823862958
-61.9013234432
-64.4630706192
-66.6729222171
-69.2447334086
-71.4922685975
-73.1591065118
-74.6943635933
-76.2158909523
-77.6774588717
-79.0525454672
-80.4427765719
-81.8442723204
-83.1527807957
-84.3936455911
-85.584417898
-86.4574760873
-86.9114924614
-87.1895742301
-87.4857055706
-87.6399707653
-87.5274955711
-87.2366700219
-113.442980287
-114.018446416
-113.419681518
-113.867646147
-113.105672388
-111.975391646
-111.903576518
-113.843205972
-113.053614125
-112.956429702
-112.972284186
-111.549751459
-112.625232168
-113.071064798
-112.585356821
-113.056874351
-112.620231878
-112.747512111
-111.887237367
-112.549343125
-112.292994563
-111.234340809
-109.372966396
-106.501801991
-104.837710213
-107.013795605
-109.506891378
-110.009954556
-111.619109383
-112.424996095
-112.20721847
-112.962584292
-113.163490613
-112.185991399
-112.909262302
-113.087375501
-113.59709032
-113.137573136
-113.321925575
-113.966452438
-113.969744975
-114.001790864
-113.933880557
-113.214655538
-112.985218184
-113.2585682
-114.465788896
-113.219712408
-113.947536043
-113.427565933
-113.979567477
-113.598232099
-113.825405261
-113.766917791
-113.071547091
-113.572695104
-112.879074669
-113.10402698
-112.893333978
-112.47630276
-114.206590613
-113.405255248
-112.334779635
-112.757231338
-112.277845486
-112.000137643
-111.564564169
-112.101440775
-112.174623291
-111.602355431
-109.473868923
-105.762717946
-104.08274518
-107.521334564
-109.266155946
-109.904549601
-111.972653919
-111.378486628
-111.957549548
-111.244243822
-111.528414267
-112.38450997
-113.045090202
-113.411570512
-112.554824677
-112.048787497
-112.8889741
-113.751864448
-112.848417634
-112.799301648
-113.396334388
-112.967683217
-113.97972005
-113.784144747
-113.546318345
-114.345376583
-113.963207649
-114.086280536
-114.249757458
-113.06876983
-111.735560933
-112.096890532
-113.305770946
-112.979055379
-113.135650924
-113.539066701
-113.355137582
-113.29478453
-113.402522549
-112.615202357
-111.761404094
-113.701595148
-112.949414783
-112.474979157
-111.92553555
-112.574698569
-112.077424102
-111.528781568
-109.989460789
-107.555675463
-105.348612921
-107.416525214
-110.021798845
-110.201135709
-111.916748619
-112.078060468
-113.43536145
-112.813374615
-112.522767998
-112.701060023
-113.395916085
-113.575685958
-113.947054766
-112.716004614
-113.092938361
-113.395736085
-112.827658453
-113.308725185
-113.370878057
-113.45517029
-113.898512939
-113.826493804
-113.242737946
-113.444188757
-114.510906318
-114.197417085
-112.88703441
-113.097466485
-113.557078119
-112.631603852
-113.408999661
-113.71269044
-113.853964792
-113.66177072
-112.828008406
-113.279796466
-111.848696553
-112.630075373
-112.500406188
-114.183243453
-112.566090274
-112.354690707
-112.873489587
-112.366835329
-111.966753718
-110.090101736
-109.687204129
-107.869517748
-106.056432919
-106.268762347
-109.722979695
-110.954547991
-112.088325617
-112.984027246
-111.636871276
-112.699958478
-112.665052379
-113.109863
-113.137714682
-112.812692565
-112.073018625
-112.458697656
-113.220805171
-113.045610635
-113.454256689
-112.99478344
-114.020902214
-112.452937871
-112.676401293
-113.819376987
-114.141527403
-112.633097381
-111.713346458
-112.496055188
-113.936436623
-113.12777821
-113.423510507
-114.163363614
-113.649817325
-111.695996317
-112.276135678
-112.605568437
-112.936271497
-112.274233828
-113.08595083
-113.066074361
-113.057514392
-113.140743981
-112.450349707
-111.762214481
-112.589206355
-112.113113081
-111.357282505
-110.876293526
-109.997382125
-106.769331761
-105.276548972
-107.410917737
-109.963528762
-111.331947537
-110.282808104
-111.488829832
-112.325667193
-111.973180546
-111.869081197
-112.253313842
-113.216519436
-113.39135622
-112.194334264
-113.568165972
-113.572277898
-112.98077062
-113.103146401
-113.278709349
-112.054173972
-112.151508878
-113.71947537
-113.797835328
-114.099955436
-113.626659243
-112.977219296
-113.057065196
-114.316676582
-113.741558634
-113.932553755
-113.103693211
-113.824511849
-113.457324225
-112.093935701
-111.118592342
-113.267397561
-112.859459987
-112.481619745
-113.041544792
-112.735142588
-113.297751137
-112.727878837
-112.51328777
-112.430658431
-111.621798261
-111.563676596
-111.631433372
-110.892614638
-106.716944247
-105.69176535
-107.249033163
-110.547824331
-111.605887999
-112.438233102
-112.003440605
-112.094282753
-112.172299955
-112.396234622
-113.116443881
-112.77959706
-112.75593627
-113.166944561
-112.341931054
-112.2739161
-113.712638436
-113.268895602
-113.478299987
-113.950919233
-113.824389407
-114.489417715
-113.564324475
-111.559508986
-112.181440193
-114.510529954
-113.833769355
-114.300244574
-113.520914641
-113.51386227
-112.787054082
-113.02996796
-113.11921495
-113.499693643
-114.383832479
-113.53826285
-113.524638323
-112.628969615
-113.28910798
-112.28053884
-111.933958315
-112.697143544
-111.784004579
-112.432825078
-111.709056794
-111.13270528
-111.076872815
-109.478068268
-107.410402905
-105.057506543
-106.538935565
-110.223249379
-111.203388004
-111.691798387
-112.025211826
-112.444165481
-112.842749439
-113.264498094
-112.683193986
-113.089065693
-112.846468203
-111.428052623
-112.681086994
-113.151651888
-113.643808839
-114.063637316
-114.016552692
-113.905329205
-112.249197402
-113.12795231
-112.66254872
-113.185614213
-113.212810648
-113.159409017
-113.346791426
-113.442811852
-113.323289721
-113.174510841
-113.315721865
-112.774140244
-112.965849979
-113.610549368
-113.90463807
-113.087138694
-113.215020718
-113.377226016
-112.669084241
-113.311656034
-112.545694134
-112.601228757
-112.044280992
-111.324469413
-109.449347852
-111.53443906
-111.923489611
-110.510087814
-107.734894846
-106.208909735
-107.731532544
-110.801603673
-110.803431598
-111.578939772
-112.703192923
-113.003576644
-113.796106852
-112.295414214
-112.687828349
-112.832418185
-113.171240243
-113.197357138
-112.440577436
-113.532751421
-112.13261303
-111.506633466
-112.604221399
-113.533449547
-112.759560153
-113.03624084
-113.878454182
-113.132359481
-113.235043232
-113.39429894
-112.871808155
-114.431123078
-113.182487299
-113.410186584
-113.699461052
-114.291298585
-113.324472555
-112.509226516
-113.176463877
-113.063114275
-112.858869838
-111.758498905
-113.020736739
-113.139458356
-112.359924032
-113.010304806
-112.150777402
-111.094286039
-111.68513921
-112.62290056
-111.069268125
-110.011475851
-107.676576332
-105.875920126
-108.260853438
-109.219712961
-111.628803181
-111.731649446
-112.782403749
-112.775226344
-112.378624657
-111.831189681
-112.805611168
-111.728444165
-111.254245655
-112.731696079
-111.180815539
-110.679000449
-111.650383844
-113.253983515
-113.24608162
-113.611245598
-113.420740253
-113.642578715
-112.839583718
-112.936980614
-113.972363649
-113.883890279
-113.142955544
-112.896100129
-113.739272601
-112.69302094
-113.141917614
-112.477303239
-114.206159606
-113.376524622
-113.071976554
-113.020753765
-112.754419266
-112.702455837
-112.736944384
-113.584105582
-112.826931368
-112.423571052
-111.89279042
-112.644846263
-111.549406646
-111.822471803
-110.959166194
-109.606974415
-106.827918183
-105.702682303
-107.647387577
-110.671865458
-110.939472128
-112.046969019
-112.302577565
-112.274085796
-112.322780167
-112.202247508
-113.197802111
-113.659180922
-111.869949902
-112.729187407
-113.468878095
-113.445519816
-113.584962149
-114.343910691
-112.428398898
-113.241045622
-113.638271915
-114.222892043
-114.165023581
-113.560906932
-113.915275956
-113.232706543
-113.246704284
-112.644794338
-113.21789893
-112.424930855
-113.435770935
-112.875147166
-112.894900683
-113.31582357
-113.128187701
-113.270920078
-111.317140015
-110.900004879
-112.090690743
-111.07669162
-110.937718398
-113.13085825
-113.095981294
-111.150443109
-111.916761209
-111.470149306
-111.00029255
-110.205435062
-105.252247034
-103.262905447
-105.938615074
-108.037339065
-111.38070972
-111.948197202
-111.330342388
-111.51448064
-112.34479865
-112.04989364
-112.668487273
-113.391736565
-112.624122583
-112.496911773
-112.767446319
-113.367858519
-113.073566176
-112.782369268
-114.030556963
-113.305382836
-112.998154972
-113.208323599
-113.765223663
-113.619016925
-112.572152532
-113.379050085
-113.054704984
-113.910026399
-113.73480308
-112.295024245
-113.163785226
-112.905652886
-112.947152826
-112.219155254
-112.678031786
-112.14097287
-113.138149518
-113.094204246
-113.36950446
-112.942977397
-112.988025425
-113.482629304
-112.339440341
-111.080242999
-111.849006109
-111.294475884
-109.939741171
-109.242634314
-106.953800704
-105.117468854
-107.093078306
-110.561263208
-110.630277581
-111.052418741
-111.96522232
-113.282710373
-112.784374498
-112.69233734
-112.9210956
-113.464592717
-113.941597812
-112.968866942
-113.300900946
-113.537577329
-114.12520323
-113.598418882
-113.504956534
-113.038588252
-112.201975336
-112.78611544
-113.653675221
-113.649410948
-113.417207367
-113.142815456
-112.581317459
-112.867426633
-113.945570101
-113.509422406
-113.963583475
-112.846816632
-112.511224275
-113.139565782
-113.609957094
-112.210044446
-112.37893511
-113.675775937
-113.279626678
-113.142049123
-113.583603442
-112.942336127
-111.349240059
-111.883678738
-112.558618397
-111.771043125
-110.599225
-109.659423331
-106.915727113
-105.070435025
-106.405214351
-109.29901112
-111.641208639
-111.815107212
-112.906210478
-112.289085242
-111.911882535
-111.45842098
-112.66042876
-112.076908577
-112.224393473
-113.73953049
-113.099803283
-112.232159975
-113.546895746
-111.914446247
-111.774121038
-113.425547091
-113.444391293
-113.393399349
-113.898247373
-114.203273974
-114.360231749
-112.084055229
-112.608285011
-113.159562724
-112.097360739
-113.488213257
-114.059493746
-112.828051205
-113.693468134
-113.635483974
-112.969008964
-113.321974802
-112.331776067
-112.024080476
-114.015900391
-113.485523938
-112.4639151
-112.424359617
-112.989382948
-112.676789015
-111.824063085
-110.416769439
-111.024918645
-110.180650746
-107.425946088
-105.469496426
-107.092412948
-109.964941018
-110.941227549
-111.921726835
-111.642852772
-111.938317782
-112.787507344
-112.742738633
-112.859671346
-112.920797265
-113.90127424
-112.698329292
-112.341725839
-113.079844595
-114.055674699
-113.671132099
-113.695132646
-112.519221687
-113.798014796
-113.081037614
-113.707891028
-113.979525015
-113.875578632
-114.245038867
-113.437697344
-113.631673187
-114.07074417
-112.803756558
-112.089492682
-112.432784273
-113.556121331
-113.052397505
-113.733151754
-113.225969663
-113.486962942
-113.50458429
-112.307706432
-111.46375206
-112.157825376
-111.522256776
-112.63522324
-112.583972353
-111.826695465
-111.725415486
-110.842630291
-110.460817062
-108.067021829
-105.934239237
-107.136754217
-110.14153148
-111.532280627
-111.72649133
-111.128579572
-111.225093972
-110.747654545
-111.968019059
-113.028621889
-113.477512142
-112.719038275
-113.062079661
-113.231656918
-113.030094535
-112.525701035
-113.383405929
-113.444046464
-114.265486574
-113.314613009
-112.235190901
-113.265048429
-113.042032572
-113.8912748
-112.203327511
-112.712280054
-113.438730837
-114.168737361
-112.819380293
-113.645623131
-113.514650526
-114.163523813
-113.990280344
-113.683176669
-113.115750176
-113.234649745
-113.283004774
-111.840478713
-111.941092612
-111.909835658
-113.259945219
-112.398967775
-111.898566458
-110.73965423
-110.199829403
-111.701746575
-110.315246174
-108.156028167
-105.966410552
-107.60720982
-110.86307809
-110.817352749
-110.715423236
-111.837682077
-112.250069979
-111.34212513
-111.097416507
-112.438153814
-113.174328712
-112.240260273
-112.226345173
-112.523302543
-112.791989607
-112.712751397
-112.918959729
-113.259459531
-113.592979238
-112.938407354
-111.518328167
-113.892519842
-113.668372628
-113.822165553
-113.987569227
-114.231137961
-113.986051364
-113.100479525
-113.381036238
-113.736665133
-113.427392008
-112.455842882
-113.196530409
-113.08277434
-113.090490179
-113.325214007
-111.854892782
-112.448696271
-113.728155408
-113.469838684
-112.472615486
-112.003104808
-112.129216196
-112.658991013
-111.945631731
-111.1559301
-110.765281658
-107.162756661
-105.833391457
-108.244493272
-110.045109803
-110.907317665
-112.969136905
-111.870270698
-112.444023677
-111.76813178
-112.490819339
-112.806583055
-113.494084322
-113.398008002
-112.479084689
-112.903946624
-113.469894447
-112.715519263
-112.803505344
-112.833644488
-112.6938273
-113.187265733
-113.380910195
-113.394464641
-114.070091241
-112.791807433
-113.874129282
-113.992696985
-113.950752463
-113.248804399
-112.704324738
-113.782609979
-113.515376364
-113.387594669
-112.621537301
-112.929655807
-113.44042
-112.176808661
-113.255344872
-113.117466023
-112.989968299
-112.369010231
-111.815893481
-112.990471159
-112.543776954
-111.862196333
-111.021721539
-111.618588435
-110.052041133
-106.340657332
-104.502723
-107.050898706
-110.557535919
-110.796436713
-112.343172035
-112.080728355
-112.47389543
-112.687936534
-112.114451042
-111.523752694
-111.429003195
-112.489026764
-113.424641439
-113.151654336
-112.739999022
-113.107302667
-113.897200773
-113.353037144
-114.007189859
-113.458184171
-113.189451313
-112.633442866
-113.371377655
-112.907266472
-113.381670812
-113.156511696
-112.990733031
-113.060511419
-113.742639451
-114.057430229
-113.273941353
-112.880334153
-113.452371465
-112.218385634
-112.510670091
-113.018049542
-113.777519208
-113.672356537
-112.737514114
-113.373013767
-112.882069511
-112.614102903
-112.350336281
-111.333389242
-112.250303734
-112.49491322
-110.319459803
-107.801635639
-104.796372857
-107.084944889
-110.499673251
-110.795393907
-111.637256791
-112.781366813
-112.619235832
-112.016750212
-112.52752578
-112.045711784
-112.077121726
-112.556432921
-112.543500961
-113.485514684
-113.671648602
-113.840308232
-114.323409258
-113.772631649
-113.091544865
-114.085943023
-113.754031489
-113.30534352
-112.879051292
-113.644930512
-114.042300605
-114.16817215
-113.422046773
-113.127258387
-113.05367676
-113.307032755
-112.954380888
-113.760844273
-112.555637084
-112.603420714
-112.983094121
-113.367649228
-113.527112615
-113.1695862
-113.29781022
-113.714129162
-111.957739249
-112.270264402
-112.353449486
-111.15196715
-111.653871314
-111.543176232
-110.203335973
-106.669620858
-105.762223372
-107.858261426
-110.014508943
-112.123231591
-112.889800776
-112.503577924
-112.586025219
-112.402773659
-112.818062404
-113.135989598
-112.769477927
-112.661789338
-112.718633837
-113.288894448
-112.312725312
-112.864706562
-113.305557439
-114.712140047
-113.361504099
-113.906306397
-113.808920353
-113.423550908
-114.000256117
-113.817343577
-113.505847216
-113.244202493
-113.489224883
-113.572899676
-113.499683474
-113.142804868
-113.985567777
-112.984819205
-113.347736911
-113.667874437
-113.051004594
-113.243825681
-113.370200859
-113.635702473
-113.331170173
-113.244568915
-112.276205058
-112.846012929
-112.483292413
-112.540033388
-112.530573441
-111.762759467
-110.368079394
-107.022698118
-104.26814283
-106.504381894
-109.510612475
-110.418837706
-111.196659531
-111.203548768
-112.060222791
-112.325884135
-112.983094121
-112.991579308
-112.847635702
-112.590078286
-113.545814299
-112.379314242
-112.868710651
-113.456390474
-112.710278707
-113.230348672
-112.715503024
-113.249537217
-114.038650798
-113.555328199
-113.218829196
-114.059621491
-113.66419676
-112.772475518
-112.479102514
-113.342468722
-112.840515757
-113.816652035
-112.603184421
-114.212557055
-112.973947009
-113.115196586
-113.698166936
-113.694672992
-112.257107059
-112.057878952
-113.325452267
-112.360512024
-113.048470348
-113.118464919
-112.432510057
-111.181184915
-111.57031216
-110.93777771
-110.303897464
-106.561320544
-104.591874451
-107.654081799
-109.246490958
-111.339620839
-110.670546064
-112.076977077
-111.549769801
-112.770026527
-112.850140664
-113.029959627
-111.71173342
-111.719978922
-111.582403582
-113.023242171
-113.834003314
-112.979675423
-112.948529174
-112.564712647
-113.520573901
-112.743029069
-113.83511885
-113.991457552
-113.299077316
-112.034506723
-113.506637119
-114.162080177
-113.181166663
-114.264555892
-113.01265286
-112.737108322
-114.04982571
-113.960358034
-112.74239994
-112.64337918
-112.72465259
-113.832255136
-113.341608363
-112.333420726
-112.415772841
-113.507054267
-113.332441511
-112.007925291
-110.98770836
-112.016914236
-113.060661265
-110.231035171
-110.68379738
-106.196600287
-104.748042927
-107.337116189
-109.323838707
-110.649651091
-110.985402252
-111.273415672
-111.666561451
-111.978883592
-112.733103629
-112.077663087
-112.707554333
-113.155700873
-112.112509463
-112.685668525
-113.720627458
-112.607187666
-112.955139379
-112.281432766
-113.598097331
-113.5202283
-112.795404997
-112.309635438
-113.72399431
-113.530216481
-114.869471701
-113.747696029
-111.631065337
-113.268612217
-112.78058562
-112.503476696
-113.600115673
-112.18150057
-112.871454655
-113.119882474
-112.797466277
-112.752184392
-113.433867154
-113.112494398
-112.693250054
-113.252572466
-112.92750836
-112.76509162
-111.6256301
-111.875757675
-112.497428754
-111.303708873
-110.307394142
-106.774961845
-104.236671612
-107.251081893
-110.479224402
-111.928402901
-111.874780455
-112.54070619
-112.69519324
-112.865784223
-112.862243196
-112.918790715
-112.969578271
-112.155471752
-113.317760237
-112.838449894
-112.389282238
-112.547318528
-113.199461575
-113.425760495
-112.566468271
-111.941375782
-112.540736678
-114.087883452
-114.116627614
-114.355733814
-113.036651327
-112.280433665
-113.400795336
-112.808942263
-112.929067285
-113.922648294
-113.765934797
-112.499457611
-113.047506145
-114.110664461
-113.670207329
-113.286098866
-112.737068635
-113.234685099
-112.826960146
-112.143297296
-112.858903025
-111.535680687
-112.380518118
-112.724543117
-110.750256521
-111.513024286
-110.530781934
-106.244154768
-105.183366032
-108.080531868
-110.140162611
-111.875829462
-112.701817474
-112.677130677
-112.934067217
-112.591267077
-112.723295471
-112.913815669
-113.326213851
-112.607763305
-113.112532007
-112.808943394
-112.49996155
-113.364667075
-113.447483316
-112.740406569
-113.506987396
-114.009630846
-113.443804227
-113.335943974
-113.075659578
-113.984296271
-113.511235042
-112.903254056
-113.290062473
-113.279421176
-112.760254045
-113.817492458
-113.850116592
-113.982238524
-113.607419754
-113.719590239
-113.848798842
-113.743211757
-112.727336645
-112.242462382
-112.514340147
-112.132271614
-112.103185407
-112.409330124
-112.009197981
-111.995373631
-110.813553506
-111.898859712
-110.125703872
-107.608302773
-105.522169765
-106.98600858
-110.054301109
-111.314985576
-110.607972695
-111.573724261
-112.357372002
-112.695698369
-111.980557234
-112.223911946
-112.370984734
-113.703334131
-113.620476764
-112.936040846
-113.089548381
-113.318976764
-113.128825755
-111.638285671
-112.333994661
-112.986734324
-112.959492828
-112.279322969
-112.977792033
-113.049507704
-113.88820751
-113.195571518
-114.386115389
-113.988940655
-112.282291468
-113.59368621
-113.106215881
-112.630294676
-112.761759287
-113.683826061
-112.568121146
-112.244809327
-113.2451726
-112.551214079
-112.793153446
-112.115024718
-112.566610207
-112.441525365
-112.325249872
-112.192484907
-112.685227967
-110.520461509
-109.365444246
-106.370068076
-105.481759245
-107.378470193
-109.864994623
-110.519007922
-110.500481634
-112.071128885
-112.824990041
-110.79853542
-111.13010262
-112.053351284
-112.632989829
-112.056600797
-113.235996317
-112.730286764
-112.489075458
-113.379541593
-112.647877116
-113.045139176
-111.752521972
-112.695578969
-113.787152143
-113.939388966
-113.931261539
-113.583776074
-113.695651087
-112.705929292
-113.128197847
-113.411242574
-113.188619503
-113.27036103
-114.208663791
-114.052097484
-113.763951621
-113.667624444
-113.193969578
-112.778460063
-113.689348898
-112.499318556
-111.722040104
-112.243323013
-111.986619144
-112.581805935
-112.542902209
-110.783919187
-112.085322657
-111.020884032
-109.064286968
-106.902488204
-104.705352546
-107.239101828
-110.533325012
-111.476350392
-111.756146324
-111.507759292
-112.629245666
-112.682430619
-113.214226222
-112.379587852
-111.95753374
-112.713000366
-112.707478813
-113.167823427
-113.338891977
-113.703861429
-113.329975735
-113.042936263
-112.715858449
-112.425237732
-112.796766415
-112.523520404
-112.67372842
-114.222366211
-113.546854628
-112.857849189
-114.003797819
-113.716369929
-113.458158773
-113.91259277
-113.85757732
-112.994593345
-113.168615214
-112.981129601
-112.703622794
-111.48722879
-113.293915012
-112.65265253
-113.328136884
-112.247943876
-111.893046942
-112.837666717
-112.315398654
-112.299043537
-111.139066783
-111.560486228
-109.580337003
-106.623496227
-105.034459435
-106.740034495
-109.263289105
-111.297975365
-112.702054412
-111.722383338
-112.482489578
-113.285083387
-111.37727042
-112.022722237
-112.876379467
-113.083884602
-112.621952664
-113.288918454
-112.999170922
-112.829540729
-113.976216176
-113.739805216
-113.341793808
-113.035005639
-113.252834758
-113.944565913
-114.151545819
-113.440385112
-114.195479775
-113.5223632
-113.523037433
-113.983484224
-113.525496137
-113.224234897
-111.898848397
-112.562357717
-112.023624116
-113.391341559
-113.186468071
-113.719289353
-112.699274153
-112.447896336
-112.150448164
-112.018803476
-111.545090054
-112.951509574
-112.066930991
-110.852418685
-111.737668126
-111.404462658
-110.020167977
-107.551786328
-106.036325303
-107.969877434
-110.590766408
-111.308422693
-111.685865318
-111.459247226
-112.66839162
-112.062038254
-111.746642129
-112.645647722
-113.239513849
-113.225068162
-112.675148385
-112.8954819
-113.747261669
-113.043918957
-112.825128192
-113.642950183
-114.10253955
-113.905670444
-113.83978036
-113.506866058
-113.983128414
-112.418336683
-113.385093513
-113.152156274
-113.692048716
-112.458617993
-113.271323156
-114.384603433
-114.311008832
-112.602936274
-113.571757345
-113.474967029
-112.853564393
-112.456745816
-112.365112602
-113.377783946
-113.11647181
-112.649134175
-111.167182271
-111.080774386
-112.542566334
-111.486970119
-111.113392692
-111.317017517
-110.864185954
-107.461563065
-105.690256343
-107.870489589
-110.216564752
-110.814373884
-112.261550467
-111.605837403
-112.660714107
-111.756147803
-112.033697845
-112.722749785
-112.442781967
-112.232344227
-113.517438296
-113.507425836
-113.211368231
-113.031788378
-112.750696231
-113.495162679
-112.758403044
-113.443388746
-113.30892954
-113.034043626
-113.600887161
-114.169964473
-112.135746408
-113.039652677
-113.573341674
-114.111512857
-114.459884972
-113.73924784
-113.931877321
-112.757289096
-113.099719416
-113.703080698
-113.922543033
-112.865823958
-113.431930691
-112.834620393
-113.591818518
-112.702160008
-112.827672466
-112.898815685
-111.924197936
-112.224200328
-111.631767506
-111.356616591
-110.282434191
-106.280870338
-105.911649922
-106.627946208
-108.724862219
-109.685898455
-111.335475476
-112.220245727
-112.37124009
-111.809707367
-112.575912463
-111.942127183
-112.779473833
-111.945336538
-113.01078988
-112.338180801
-111.638482375
-112.609783507
-112.679591148
-112.708849054
-113.658571431
-113.920387204
-113.051134974
-113.334858462
-113.561040999
-112.227234938
-113.159902858
-113.797055984
-113.312430023
-113.298231419
-113.536635974
-112.35735535
-113.332865656
-112.530055683
-113.18585604
-113.49864952
-112.384066781
-113.314962542
-112.888711379
-113.356347089
-113.514454003
-112.78662
-111.336255822
-112.147768852
-111.722805885
-111.467639893
-111.874443209
-109.685376001
-110.547992816
-107.14893261
-106.090021495
-107.433568839
-109.086255476
-111.950857652
-112.007304449
-112.417755973
-112.391768482
-112.137566909
-112.500643979
-112.065941897
-113.358227025
-113.508989967
-112.924458407
-112.322452463
-113.114672198
-113.511762577
-113.759206954
-113.788241533
-113.04474421
-112.876779715
-113.761882
-112.189815838
-112.65243937
-112.974310127
-112.897792534
-112.306595795
-112.059547145
-113.476179597
-113.415439617
-114.037259581
-114.073873541
-113.865934881
-112.93289643
-112.217036002
-112.263863183
-111.705091592
-112.770462691
-112.943375662
-113.016162491
-112.831238471
-112.918091908
-111.136668132
-111.838638015
-111.95527037
-112.274507899
-111.744445584
-110.769781104
-108.028672338
-106.506302809
-107.548247441
-110.555900174
-111.382601043
-111.8492525
-112.125963791
-112.567720888
-112.516182684
-112.688894909
-112.221310124
-112.274261501
-113.15907587
-112.752568889
-113.37783596
-112.709177033
-113.628845299
-114.016150345
-113.82275177
-113.072361584
-112.124884814
-112.196643875
-112.935667713
-112.79280366
-113.370900804
-113.412975681
-113.273731504
-112.939817075
-113.76779661
-113.660652949
-113.181273072
-113.681540704
-113.418839576
-113.106317642
-113.423931042
-113.415137835
-112.018948087
-112.837686836
-113.384809333
-112.366743029
-112.9463607
-113.033432846
-112.32397859
-110.29639659
-110.874749184
-111.102277321
-111.420833531
-109.860257304
-107.57474192
-106.189731338
-107.685837766
-110.594679964
-111.363044081
-112.098087115
-111.450937772
-112.225334267
-112.547763425
-111.463786918
-111.900185567
-112.170123363
-112.080003601
-112.644110663
-112.943409889
-113.08585879
-113.428713579
-113.353471
-113.155007404
-113.824165493
-113.322028274
-114.163851956
-114.659456875
-113.629162303
-114.01848677
-113.51527032
-113.443264808
-112.738718729
-113.669822028
-112.647607872
-113.01334531
-112.307790767
-112.781939776
-113.316637721
-113.846280417
-112.705850118
-113.511310844
-113.3300157
-113.207448899
-113.038544122
-113.179829179
-112.653556214
-113.007534842
-112.48076652
-111.471252965
-110.120343062
-110.718985607
-109.535086478
-107.580222537
-105.87093987
-107.533693088
-109.994374773
-111.577299774
-111.289461161
-111.702618393
-112.038157694
-111.105088012
-111.848972553
-112.477227426
-113.414230882
-113.21566669
-113.690277291
-113.224580135
-113.189358699
-113.586863431
-112.888527406
-113.535396605
-113.75791509
-113.483475337
-112.896522206
-113.06737286
-113.155350857
-113.591608086
-114.895063686
-114.117912469
-113.800452312
-113.738507432
-113.448206751
-113.574187125
-112.906530566
-113.515457562
-113.820345975
-113.692110642
-114.089329469
-112.883143434
-112.884057629
-113.510994348
-113.435442908
-113.783070541
-112.745746063
-111.875412749
-112.204689623
-112.426985171
-110.993663702
-111.136441322
-109.745989103
-106.957568105
-104.766658458
-106.402286912
-109.006347508
-110.197869027
-111.645710445
-112.285985725
-113.224268092
-112.566727182
-111.643184903
-113.273906098
-113.105626359
-112.904064568
-112.777868838
-113.034383603
-113.605827024
-113.778986171
-114.101903662
-113.318774056
-113.268704022
-112.913828803
-114.033946977
-112.86438725
-113.121243762
-113.146136843
-113.58377968
-113.668635535
-113.660926859
-113.799078021
-113.510255061
-113.831286827
-113.01692829
-114.012711499
-113.031563314
-113.901040509
-112.912111217
-112.577549988
-111.738404249
-112.61710335
-111.926753851
-111.784592815
-113.319325799
-113.412001157
-113.034428088
-110.615188621
-112.454888
-110.980145216
-109.809964948
-107.644690729
-105.775668354
-106.282125986
-108.535547856
-111.34770635
-111.937426965
-111.35808784
-112.774988374
-112.893988434
-112.190316491
-111.401908536
-112.12033763
-112.386752936
-112.897916085
-113.901950775
-113.63813955
-112.7920606
-111.176995047
-113.049274546
-113.061739907
-112.551021475
-112.470351813
-113.46678731
-113.586739389
-112.734343718
-113.578940457
-112.692224273
-113.329221567
-113.036075941
-112.971876606
-113.604493024
-113.85735697
-112.474804918
-112.893996894
-112.364417779
-113.557225508
-113.076755188
-111.640325145
-109.832095679
-109.996341687
-112.613211716
-111.357138625
-111.380474685
-112.281205343
-112.464965682
-111.586759432
-111.418080049
-109.322567524
-106.679104826
-105.31120297
-106.209650303
-108.795593526
-111.53390624
-110.935998693
-111.541000218
-112.66589005
-112.346169938
-112.447210348
-112.774236759
-113.622389567
-112.508438931
-112.695431654
-111.654206601
-113.200940075
-113.513067505
-113.217221142
-113.836743001
-113.212747331
-113.383912135
-113.949209167
-114.196612211
-113.224056479
-112.742383229
-114.05667727
-113.880776554
-113.619226417
-113.795623607
-114.075439073
-113.241989192
-114.075707117
-111.846296427
-111.87664597
-112.769693547
-112.562198819
-112.614843174
-111.510174558
-112.124753706
-113.179554832
-113.245358558
-113.399366885
-112.949733008
-112.563590973
-112.887925999
-111.387144996
-110.934510369
-109.673885068
-107.059871659
-104.783162476
-106.532431532
-109.009926571
-110.266338867
-110.727937503
-112.019973702
-112.49873113
-111.729034039
-113.562569391
-113.126273288
-113.525270661
-113.380069284
-112.771978954
-113.472367612
-113.271533309
-112.507239879
-113.581656732
-113.817896319
-112.784303255
-113.796437249
-114.238789706
-113.051298851
-113.196177499
-112.74109555
-113.739884646
-113.183608141
-112.637437863
-113.067720259
-113.427438532
-113.522612525
-113.495435622
-113.662398102
-113.651745387
-113.362038597
-113.135787935
-112.861263736
-113.480921886
-110.896514298
-111.133665142
-112.526717907
-112.575076601
-112.436271054
-113.032806271
-111.312419133
-111.282824458
-111.617421762
-108.922106736
-106.661631827
-106.108523738
-107.630246337
-111.000199557
-111.766409876
-111.945033638
-110.947065413
-112.002943184
-111.980056507
-112.733284469
-113.01628906
-112.714227717
-113.059630431
-113.316265168
-113.770238394
-113.789712596
-113.064916644
-113.113233692
-113.854800474
-113.661862963
-113.629968124
-112.981690689
-112.228185915
-112.781057691
-113.320812164
-114.719656511
-113.990793167
-114.027225503
-112.234783836
-113.491034402
-113.492891906
-113.886974337
-112.782764693
-112.89339742
-112.800073419
-112.854349299
-112.634263595
-113.222680006
-113.114639021
-112.423394724
-112.804499362
-112.739552547
-111.29980968
-110.094805995
-111.720930431
-111.852074449
-110.85653738
-109.378626584
-107.735194031
-105.124206318
-106.536050758
-110.322065833
-111.45406824
-111.785215985
-112.249250109
-112.059720728
-112.848839289
-112.874674328
-112.18146826
-111.965886553
-113.103435334
-113.287092691
-113.490572907
-112.731764242
-112.768889418
-113.594414082
-113.076566685
-113.139025831
-113.307145676
-113.205520306
-114.090467483
-114.031577237
-114.34120899
-112.966814992
-113.567939617
-113.445960391
-113.616172741
-112.751933166
-112.475832293
-112.484605604
-112.745644605
-112.869125487
-113.492262057
-114.074889407
-113.46192061
-113.238402632
-112.733473098
-113.12616903
-112.753088553
-112.411968286
-112.317586333
-111.595787406
-111.911423705
-111.622360053
-111.327356382
-108.972839727
-107.032133025
-106.061184701
-107.639385539
-110.014145145
-111.386773173
-111.124797061
-110.628594127
-112.597574361
-112.464711721
-111.981903282
-111.053006131
-111.525418891
-113.424275146
-113.375489069
-113.733571642
-113.050091649
-113.623033571
-113.083832778
-113.356305169
-113.748814427
-113.876207782
-113.753558059
-113.818531441
-113.583236564
-113.080362386
-114.178443538
-113.207853984
-113.472979643
-113.707995387
-113.325679921
-113.554019467
-113.121687894
-113.786353934
-113.817673216
-113.350761284
-112.858063139
-113.013688019
-113.467429711
-112.81589728
-111.952099795
-112.195857932
-112.724379653
-112.410568498
-112.584257734
-113.075386521
-111.846383742
-111.604252368
-110.638434696
-107.115816215
-105.905278105
-107.568824076
-109.481823284
-111.556490964
-112.335050454
-112.631278422
-112.118050866
-112.326638623
-112.277514481
-112.596302692
-112.961581942
-113.229922787
-113.132883165
-112.459371892
-111.521415373
-113.365278258
-113.551415266
-113.387342636
-112.312008887
-112.844244013
-113.39061072
-114.237024032
-113.200180749
-113.900516841
-113.652475729
-113.980525467
-112.707007305
-113.394219976
-112.825104347
-113.920407174
-114.025988655
-113.208460855
-113.158240049
-112.62483601
-112.072780214
-113.086101958
-112.95594442
-112.676122594
-111.76647009
-113.326105106
-112.820129933
-113.508227987
-112.623897448
-112.045750375
-112.289205348
-111.821021074
-110.699884308
-107.247334519
-104.914999459
-107.187574445
-110.53474096
-111.372610267
-111.769527842
-111.437998097
-110.992467215
-112.014514506
-112.193901226
-113.040945686
-113.612245008
-112.921688073
-113.190460318
-113.673559693
-112.89441069
-113.3832725
-112.791512966
-113.528361194
-113.352307593
-113.457659163
-112.910587317
-112.980955403
-113.468614717
-113.81160863
-113.618293551
-112.894731833
-113.825231806
-112.800229597
-111.653490968
-113.576021602
-114.038284434
-112.845497998
-113.887347974
-113.985787808
-113.853872215
-113.168029859
-112.897361866
-113.118677523
-112.820574939
-112.763489318
-112.665922159
-112.665016263
-111.599987137
-112.18383961
-111.542867721
-111.0612561
-110.486974728
-107.753593593
-106.143936379
-107.982429365
-108.895659859
-111.918008994
-112.731119334
-111.347277019
-112.755366726
-111.927855508
-111.990038
-112.714051358
-112.811191075
-112.72678823
-112.537674794
-112.696052545
-113.011508109
-113.232420937
-113.297352772
-113.086618084
-113.161592071
-113.505790547
-113.685038859
-113.197553844
-113.174537505
-112.658335695
-113.72938671
-113.747231715
-113.387788981
-113.389247678
-113.497164222
-112.497780111
-113.420680777
-113.36269953
-113.22341963
-114.251587456
-113.360012735
-113.298268561
-113.885759393
-113.843424648
-112.394557096
-112.792053463
-112.26557116
-111.724618692
-112.864964397
-111.756543758
-112.079648762
-112.232801261
-110.371759389
-107.371124146
-105.33766073
-106.981363631
-110.629538735
-111.319887224
-112.136576457
-110.781564133
-110.754795874
-111.991664087
-111.158433795
-112.629879963
-113.104171473
-112.771347113
-113.062611729
-112.974326188
-113.755825364
-113.230139256
-113.350353755
-113.214713915
-113.549059449
-113.827886812
-113.606190378
-113.295433196
-113.717570467
-114.377953613
-112.65001895
-113.945764597
-114.297217146
-114.185785973
-113.098190327
-113.497466455
-112.329409015
-112.881854375
-113.174610523
-113.892434183
-114.172464644
-112.909725413
-113.348177069
-112.471646093
-112.763861755
-112.844183187
-112.444962302
-111.988631985
-112.516615589
-111.771800074
-111.849820916
-111.473628599
-109.862734577
-108.170914251
-105.401493599
-107.672192888
-109.586515165
-110.989683307
-111.482407808
-111.611459423
-112.018185478
-112.787146382
-112.218179592
-112.338703591
-111.599368007
-113.082767914
-113.271472905
-112.166304835
-112.439237662
-112.334163341
-113.902256826
-112.8514093
-113.127096488
-112.607948001
-113.2476883
-113.3068213
-113.892011717
-112.979591491
-114.485293261
-113.154672144
-113.93870413
-113.506034495
-113.531941611
-113.409698092
-113.540097829
-112.470146368
-112.705234084
-113.059147461
-112.923034306
-112.552458749
-113.403377765
-113.787695386
-112.518564196
-112.509502804
-112.250968266
-111.719324551
-111.950622759
-110.555305837
-110.452428469
-110.134482848
-109.33553644
-107.316839958
-106.261631096
-107.315310427
-109.589237048
-111.441138513
-111.850807959
-111.402700093
-112.481807547
-112.410265408
-112.83856911
-113.106501787
-113.143120479
-112.848039777
-113.842829893
-113.298784357
-112.610730552
-113.093319215
-111.926352842
-111.601825922
-114.024906327
-114.181830493
-114.038946614
-114.032598751
-113.36752443
-114.112475456
-113.580375174
-113.31165688
-113.961393907
-112.613930203
-113.42425907
-112.341935118
-112.684563181
-113.553575403
-112.815397992
-113.989537946
-114.229829111
-113.602049402
-112.341318823
-113.408987538
-111.922027498
-112.588449294
-112.424856641
-112.499547157
-112.56353716
-112.157655618
-111.618884597
-111.282277849
-110.229519121
-107.139056426
-105.170202695
-105.617610016
-110.611166522
-110.591550738
-111.464999098
-112.232140163
-112.236309205
-112.80353924
-113.197181883
-113.214403408
-113.012776165
-112.650795548
-112.70757091
-113.606170442
-112.584932767
-113.562764515
-113.564695144
-112.43309136
-113.799384961
-112.570137977
-112.219894717
-113.29756672
-114.260900743
-113.921846717
-112.870746976
-113.690755883
-112.767873633
-113.936777382
-112.978606382
-113.409451268
-112.409146462
-112.516463997
-112.139449263
-112.502349642
-113.296423254
-112.445946568
-112.951512691
-112.644331402
-111.885053005
-112.558797099
-112.893339745
-111.281032845
-111.715626123
-111.215771409
-110.583368183
-111.022170842
-109.688546961
-107.379484595
-104.868363333
-107.566648294
-109.509605076
-111.55524733
-111.846452628
-111.85453831
-112.941567428
-112.680360972
-112.410372743
-112.989336563
-112.341248056
-112.258709724
-114.134161626
-113.537610332
-112.671688856
-113.589139208
-113.834530961
-113.497601671
-113.190298104
-113.473500793
-113.343934026
-112.885477832
-113.356651229
-112.941682121
-114.212999639
-113.664667894
-114.233169501
-114.129046631
-113.856659507
-113.133320768
-111.9924483
-113.531349272
-112.200920584
-112.573311065
-114.268773504
-114.033324551
-112.754876211
-112.681758205
-112.384660445
-112.471517694
-112.509563343
-112.768025294
-112.94839405
-112.390300878
-111.914169431
-111.296311915
-110.149634791
-106.398632283
-104.838113079
-106.967075391
-108.919153282
-111.857809276
-111.781688449
-112.379782225
-111.654524569
-112.369465176
-112.764707133
-112.566055685
-112.055362963
-113.382595088
-112.800569819
-113.713115784
-111.991089921
-112.922776872
-113.785605451
-113.555535985
-113.396139261
-113.167524855
-112.736608739
-113.066048755
-113.511745731
-114.389465629
-113.675015429
-113.710594976
-112.454039663
-113.677461776
-113.410056228
-112.959067709
-113.057904931
-113.318426337
-113.35871875
-113.426230367
-113.20824505
-112.929412712
-112.5815633
-111.866418759
-112.465602564
-113.221510057
-111.596418575
-112.10976966
-112.719097374
-111.886383189
-111.467953629
-110.480456925
-109.719372481
-106.80817667
-105.729068307
-107.496422456
-110.527636845
-110.074808914
-111.573298382
-111.930761051
-111.59802358
-112.464780697
-112.421424536
-111.866704387
-112.123384229
-113.164365097
-112.432434331
-113.421450996
-113.153904941
-113.731612047
-113.873050897
-112.27297039
-112.728497351
-113.5326944
-112.701381528
-113.224986406
-113.145560215
-113.902871419
-112.520513678
-113.202471511
-113.494136423
-112.693986313
-113.050177354
-112.656722046
-113.453069034
-113.016342062
-112.890672183
-113.927052539
-112.198326925
-111.654273372
-112.947305819
-113.089856525
-111.969526579
-112.509387711
-113.02244674
-112.990392915
-112.663803104
-111.930891361
-111.713740874
-111.549523744
-108.991321016
-107.714116829
-104.93226646
-106.176502166
-110.235978087
-111.309796263
-111.060199668
-111.981487487
-113.376162365
-113.111720459
-112.500475732
-112.90730196
-113.487461967
-111.751766306
-113.621211413
-113.32268357
-113.978793833
-113.393338951
-113.546108765
-113.893297146
-113.311315234
-112.323593467
-112.992100054
-113.72017533
-113.101376503
-114.138292583
-113.902081729
-114.016501401
-113.155526883
-113.394440907
-112.825927282
-112.470308561
-113.278620694
-112.941320944
-112.825044166
-113.022697871
-113.739064245
-113.851649038
-111.363574458
-110.928597384
-113.426984181
-112.698028965
-112.354279757
-112.765588144
-112.252722933
-112.626531502
-111.849891369
-111.2732012
-110.209692663
-107.445934674
-105.689781371
-107.631507653
-109.799325653
-111.60849605
-112.336066597
-112.659750999
-111.98989997
-113.445242133
-112.259769967
-112.654062345
-112.141626055
-111.954245673
-113.3277132
-112.825198594
-112.366317656
-112.340409101
-113.193946916
-113.571378433
-113.804111629
-112.973856529
-114.098668269
-113.799494858
-114.231421022
-114.29232018
-112.508717631
-112.409195988
-113.737564469
-113.517035685
-113.450916333
-112.63238513
-113.579312375
-113.839452386
-113.449968661
-113.818108967
-113.19433632
-113.317692827
-112.646540505
-113.584937352
-112.830601361
-112.308703426
-112.447721445
-113.532028465
-112.604418535
-111.655967859
-111.427801294
-111.56305894
-110.14542624
-107.791538876
-104.873461097
-106.518466282
-110.742499317
-110.786453514
-110.009878149
-111.478245255
-111.557480814
-112.093202024
-112.788703388
-112.803039865
-112.599966439
-112.975181419
-113.308811919
-113.358105922
-112.515510497
-112.866702413
-112.846232763
-113.547992215
-112.123128547
-112.023041933
-113.695089638
-113.779102626
-113.863244982
-113.974269759
-114.341691984
-113.273227906
-111.934723234
-112.612676443
-113.841270901
-113.802147444
-113.792265574
-113.110542022
-113.998302369
-113.191028939
-112.991066095
-111.637210435
-112.077444176
-113.628909518
-112.474492424
-112.990853356
-112.828680743
-112.54225389
-112.472228122
-112.303343119
-111.88363059
-111.311347625
-110.560825886
-107.474547308
-106.182298582
-107.417079126
-110.660574603
-111.658234087
-112.348497985
-111.348188522
-112.231544865
-112.065918062
-113.031018367
-112.64038556
-112.869560629
-112.301332696
-111.834991502
-113.677000765
-112.741803578
-113.078848122
-113.171641144
-114.146711517
-113.487033031
-113.555602263
-113.003825503
-112.958917425
-113.536160692
-113.534280137
-114.378367914
-113.344983839
-113.201685499
-112.145622643
-113.835283148
-113.63842026
-113.660987883
-113.503567311
-113.318788475
-113.443574224
-112.529700997
-113.091748911
-112.229958132
-112.196651735
-113.269352159
-112.349437559
-112.972751718
-112.482383244
-112.368770339
-112.65127372
-111.264676186
-111.351911671
-109.995687792
-107.82535922
-105.581295692
-106.569774554
-109.212414832
-111.923286639
-111.956431966
-112.821614473
-112.667824315
-112.142435558
-113.166329543
-113.138841522
-112.846768702
-112.639540825
-113.42612952
-113.17841656
-112.989302365
-112.648759818
-113.52475171
-112.090507609
-112.402645907
-112.816874871
-113.184541369
-113.599391821
-113.136462891
-113.737464534
-114.131210935
-112.954341895
-113.302291033
-113.708650821
-113.993489952
-112.455925971
-112.52057049
-114.015575272
-113.95016931
-114.186251469
-113.302263995
-112.980862422
-112.52644865
-112.67079162
-111.899363397
-111.66651971
-112.861022532
-112.595801453
-112.081870096
-112.802848942
-112.09719877
-111.206084505
-109.847059207
-106.962023207
-106.097583467
-107.987564983
-109.914898564
-110.703070311
-111.373805931
-112.316967759
-111.835151817
-112.959225026
-113.494887986
-112.908882202
-113.334697573
-111.510965402
-111.808491208
-110.973237147
-113.377810168
-112.613067889
-113.727737441
-112.93556832
-113.557435177
-112.840600843
-113.255726864
-113.777278846
-114.584853397
-114.783933706
-114.550206241
-112.129520609
-113.443446789
-113.558835019
-113.786635416
-112.607440376
-111.886989422
-113.05966279
-113.131122634
-113.183763117
-112.930892815
-114.065911795
-113.303794398
-113.42967359
-112.844721154
-113.229038327
-112.622382154
-111.959623694
-111.96579556
-111.43685859
-111.069011462
-111.585489176
-108.634528963
-107.082276136
-104.83747727
-105.831692662
-110.004942648
-110.948059299
-111.827526552
-111.78715011
-112.404821642
-112.80114344
-113.000017268
-112.575294217
-111.964113627
-112.307106062
-111.93076906
-113.181752148
-113.083128999
-113.121935509
-113.986174989
-113.011921797
-112.789065231
-112.22157297
-113.150822389
-114.31586344
-113.360473834
-113.708524644
-113.037655257
-113.419157672
-113.669239544
-113.75901688
-113.111927476
-113.196309425
-113.073540526
-112.771105618
-112.560473053
-113.36255774
-113.33379705
-113.370225319
-113.346502059
-113.195713318
-112.513453343
-112.950539775
-113.162260823
-112.375287234
-112.370662917
-112.732863509
-111.564838263
-111.354502644
-110.094403519
-107.115873957
-105.544276577
-106.971423441
-110.859062463
-111.849264291
-111.915636575
-112.596536815
-112.482962516
-113.2872072
-113.733415346
-112.708713816
-112.934977444
-112.356692688
-113.830864543
-113.661700048
-112.994185239
-112.343927839
-113.568741345
-113.696385613
-113.226460753
-113.179564278
-113.572000082
-113.761514776
-113.191195298
-112.573941889
-114.061343901
-113.179335942
-113.909022136
-113.255824248
-112.407600775
-112.56721295
-113.018250955
-113.491563019
-112.490630446
-112.629627391
-112.143503699
-113.051995497
-113.423511811
-113.014732914
-113.700233725
-112.693096208
-112.993941654
-112.413453904
-112.70035971
-112.09530296
-111.754007966
-110.773665895
-109.608082252
-108.099784462
-106.477496128
-107.888658813
-110.247331936
-111.641645553
-110.686442325
-111.6898095
-111.080849869
-112.425888839
-113.216723226
-113.150433196
-112.047008571
-112.907985915
-113.594874995
-112.559704961
-113.599513962
-113.277961931
-113.71688394
-113.225845966
-113.021129132
-113.488346422
-113.286497463
-113.943098256
-112.833305836
-113.205511216
-113.774868899
-112.371073715
-112.563849357
-113.829802571
-113.438615314
-113.164326218
-113.587933042
-113.675674191
-114.277296651
-113.920754959
-113.705156316
-113.15006892
-112.757997905
-112.138846821
-111.941623455
-113.281624629
-112.723964363
-112.113690115
-111.613389262
-111.293997509
-112.438550962
-111.006854334
-109.992778222
-107.867184092
-105.982308503
-107.716322487
-109.573360898
-110.687209424
-110.7349964
-111.614570034
-112.896959333
-111.704676029
-113.483047235
-113.350854841
-112.48355411
-112.829336136
-112.335263807
-112.524637426
-113.794102283
-113.462918238
-113.791021046
-112.604692671
-113.156937387
-113.403593109
-112.981336371
-114.072558265
-113.949346947
-113.686875538
-113.379103834
-113.874644958
-113.542124658
-113.850884905
-112.582712892
-111.739417285
-111.936398757
-113.151425015
-113.690824258
-113.272971513
-112.050942109
-109.935920239
-112.417966881
-112.81665803
-112.371275548
-112.156929596
-112.585918827
-112.319012047
-112.807011598
-112.420712714
-110.947254052
-111.513188535
-110.581461211
-107.914433864
-105.745569117
-107.284548721
-110.596649847
-111.693110625
-111.545377017
-112.193652158
-111.719808718
-111.680957574
-112.088125014
-112.396924608
-113.17460478
-112.656959448
-112.340454803
-113.635651839
-113.532951002
-112.446443988
-111.914727071
-112.578571921
-112.209798722
-113.36459979
-113.309923949
-112.838256269
-112.391517053
-111.858177648
-113.857115989
-114.198358932
-113.294207643
-113.563765391
-113.52914541
-112.9012918
-113.32139896
-113.202901319
-111.923193151
-113.191597222
-113.258740512
-112.999258385
-112.496021504
-113.06545146
-113.000053915
-112.224131445
-113.321677748
-112.363066921
-112.897169061
-111.421538407
-111.256011216
-111.292215111
-109.852055857
-106.730668598
-105.36351815
-107.358457482
-109.931763202
-110.545751505
-111.462103266
-111.148545498
-111.464910545
-112.878766178
-113.27398962
-113.295771908
-112.667834171
-112.613286696
-112.5901898
-112.28735629
-112.98562584
-112.504519667
-111.797060394
-112.582213935
-113.059988398
-113.318809254
-112.883533181
-114.307805881
-114.153395017
-112.799790057
-113.380249926
-113.685673763
-113.16355158
-113.70481425
-113.046209987
-113.199698398
-113.477862277
-113.290638388
-113.077165912
-113.440710023
-113.564882285
-113.394923803
-113.714218808
-112.657283532
-112.675821239
-112.752074967
-113.313837784
-113.098529316
-112.955026669
-111.791585667
-111.621073032
-111.558759303
-110.766454383
-108.080185075
-106.680151134
-107.959743322
-109.358582148
-111.407134881
-111.773822121
-111.861254295
-112.281662538
-112.636886548
-112.880576816
-112.304714137
-112.517126811
-111.906982986
-112.31184342
-112.112272408
-112.675738955
-112.92362627
-111.984712036
-113.418416496
-113.679749135
-113.053328088
-113.780300826
-114.722420322
-114.216672299
-113.210018106
-113.25032359
-114.172029526
-114.308337101
-114.23263876
-114.354105104
-112.816420423
-113.31334222
-112.691880687
-113.21033864
-111.695629482
-112.408466911
-112.566397305
-113.404847764
-113.539422281
-113.222315426
-113.484826424
-112.710681262
-112.568356252
-112.479588016
-111.830552354
-111.59518912
-111.077527811
-109.278633736
-107.481379121
-104.688472725
-106.288579409
-109.775372118
-110.267775402
-111.16382917
-112.749039349
-112.908636409
-113.368922711
-113.208460441
-113.160051676
-113.388056552
-113.129876801
-112.946094484
-111.473664645
-112.628125651
-113.444194868
-112.845563787
-113.246820652
-113.615053023
-113.282462672
-113.700557371
-114.075838369
-113.836724845
-113.072425292
-114.039083267
-114.547920993
-114.517424347
-113.94131932
-112.210054959
-113.310988854
-113.723310956
-113.208365354
-113.843366748
-113.076042128
-113.872164972
-112.576372809
-113.308946464
-112.611164699
-112.563534666
-112.707508652
-110.883938756
-112.159161275
-112.663001569
-111.902473349
-111.290875801
-111.598942174
-109.962547309
-107.649047407
-105.918664118
-107.120100516
-110.084470111
-111.291332827
-112.001832023
-112.300741256
-111.900705926
-112.686362441
-112.57095611
-112.771777802
-113.291633253
-113.359053017
-113.438110973
-111.817392918
-112.467429066
-113.460380347
-113.271714107
-112.921033687
-113.733376156
-113.178925707
-113.087396408
-113.361452709
-113.114151514
-112.220807532
-112.976212387
-113.092441208
-112.527063867
-112.655846461
-113.12937256
-113.751020232
-114.669074526
-112.837724037
-112.899187975
-113.657793755
-112.776253956
-113.050745043
-112.828488312
-113.066873422
-112.902744624
-111.757177419
-111.630487182
-113.348597204
-112.272595763
-111.793066288
-111.363116524
-111.852810858
-110.112931404
-106.013661354
-104.326961287
-107.364709762
-110.340920591
-110.976181637
-111.015063919
-110.80704362
-112.592032522
-111.976852535
-112.903054823
-112.83219033
-112.077352409
-112.514198147
-113.381008276
-111.666217963
-112.667790367
-112.984262816
-112.540176234
-114.039754079
-113.358524022
-113.607692593
-113.161332779
-113.106463423
-112.699616486
-113.818514789
-113.384938934
-113.039449076
-113.552006769
-112.699272314
-112.772278456
-113.646582466
-113.932542521
-113.24012641
-112.615533799
-112.145247189
-112.979014203
-113.292286085
-112.769212621
-112.7496713
-112.473850397
-112.812666524
-111.368821702
-112.442692544
-112.753647745
-112.16020236
-111.61876246
-111.932841856
-110.285477435
-106.562526434
-105.406241745
-107.019152579
-110.253095583
-110.715358035
-111.430639194
-112.637846411
-111.677179785
-112.840388131
-111.77613614
-111.658005241
-113.458127683
-113.646870125
-112.421265883
-113.551281048
-112.639800503
-113.370505542
-112.551877243
-112.864834523
-113.788295868
-113.952466572
-112.776043998
-112.269960288
-113.079834963
-113.932884929
-114.036757751
-112.566686169
-113.24470482
-113.824731492
-113.832374936
-113.469805315
-114.197358161
-112.735025436
-112.797742342
-113.556382008
-113.565468892
-112.884838472
-110.8271096
-111.903196928
-113.105943722
-114.029438534
-113.200780358
-112.823194481
-112.040144023
-112.186654984
-112.159618464
-111.235938947
-110.119080722
-107.248645753
-105.340623214
-107.288308895
-110.040744509
-112.454525151
-111.264793516
-112.165937671
-111.224688637
-112.750609168
-112.072387453
-111.455569016
-112.740061377
-111.47204978
-113.098846564
-114.071114795
-113.350319155
-113.265346661
-113.275587765
-113.90525931
-113.117485456
-113.413548192
-113.831812235
-113.642207736
-113.584568107
-112.217245939
-113.726783771
-114.002027103
-113.760786055
-113.700552741
-113.455029824
-111.953661257
-111.992592973
-113.684548901
-113.080334288
-113.600893949
-112.220578323
-112.44507674
-112.757481007
-112.47160841
-113.113894229
-113.471820681
-112.212613229
-111.992003999
-112.354559946
-112.007578486
-112.338817293
-111.370149801
-109.729176883
-105.662832228
-103.490365471
-106.335196814
-110.392724547
-112.198806933
-110.783580915
-112.108829175
-112.883174889
-112.695779929
-111.913874527
-112.529911047
-113.056431209
-113.140546575
-113.627649912
-113.533412121
-113.635833852
-112.275405253
-113.580429672
-113.596634145
-114.061793228
-113.163305263
-113.415043316
-113.462311568
-113.804634708
-113.465726941
-114.110723492
-113.367084451
-113.445566972
-113.527805385
-113.059193798
-113.453104899
-113.715620401
-113.592410131
-112.221484694
-112.570961108
-113.368324312
-113.394220407
-112.307695009
-112.411327177
-112.394094716
-111.809684898
-112.630668531
-112.399720311
-112.078988894
-112.195430963
-111.94076438
-111.839463548
-110.758601425
-107.751017795
-105.376750839
-107.456692309
-110.428429137
-111.418937535
-112.390713195
-112.56076829
-112.733715105
-112.68421727
-113.272786467
-111.996976068
-113.239297329
-113.298310767
-112.842571964
-111.466332305
-111.427679476
-113.966102943
-113.693016976
-113.704621908
-113.210054501
-113.430686029
-113.374949906
-113.515851151
-113.585921254
-113.120945134
