linux; GNU C++ version 5.3.1 20151219; Boost_105800; UHD_003.009.002-0-unknown

-- Detected Device: B210
-- Operating over USB 2.
-- Initialize CODEC control...
-- Initialize Radio control...
-- Performing register loopback test... pass
-- Performing register loopback test... pass
-- Performing CODEC loopback test... pass
-- Performing CODEC loopback test... pass
-- Asking for clock rate 16.000000 MHz... 
-- Actually got clock rate 16.000000 MHz.
-- Performing timer loopback test... pass
-- Performing timer loopback test... pass
-- Setting master clock rate selection to 'automatic'.
-- Asking for clock rate 32.000000 MHz... 
-- Actually got clock rate 32.000000 MHz.
-- Performing timer loopback test... pass
-- Performing timer loopback test... pass
64
Using Volk machine: generic_orc
gain = 38.0
-113.233264506
-113.270044003
-112.838833371
-113.59838858
-113.079922862
-113.699062964
-113.27924594
-113.124613975
-112.281593071
-113.037732369
-112.571382728
-113.010966068
-112.719831748
-112.671727219
-112.637557125
-112.914156021
-112.379709803
-112.053209009
-111.494941193
-111.602511954
-111.579332111
-110.81812282
-110.059940579
-106.195425703
-104.484167244
-106.238982307
-109.755721292
-110.741422996
-111.735829247
-111.490619079
-111.53288352
-112.315906254
-112.313964367
-111.476594836
-113.155147069
-112.997975758
-113.097128384
-112.952964874
-112.152033984
-112.912882058
-112.751981549
-111.889100919
-112.82285513
-112.250396577
-113.324603341
-112.637150417
-112.17158646
-113.617473994
-113.264345236
-113.866484703
-113.383106795
-112.951962403
-112.335743637
-113.22431249
-113.113485679
-112.725430074
-112.336617544
-112.915128935
-112.480984007
-113.407895736
-112.789255548
-111.439447661
-111.734103024
-113.200842676
-112.109135693
-112.742209066
-112.477060434
-112.913599341
-111.317260643
-110.849725974
-110.610069529
-107.286320346
-105.422182481
-107.066287513
-109.973276993
-110.105120404
-109.328596524
-111.740659956
-111.964969261
-112.082373769
-112.344353396
-112.213555421
-113.104121828
-112.068825583
-112.480673165
-112.896070504
-113.177799094
-112.746514695
-112.803815314
-112.52244109
-112.280638008
-112.263368614
-113.670889276
-113.362559454
-113.292040787
-113.315226086
-113.969497677
-112.38790001
-112.658665709
-113.655428569
-113.279346795
-112.710482192
-113.832819803
-113.843110274
-113.618607059
-112.302885986
-113.935811885
-113.035451368
-112.818688607
-112.147646766
-113.26948381
-112.594893553
-112.276294453
-112.159003478
-112.182303504
-111.943463225
-112.071340159
-111.741368865
-109.251538078
-106.912154119
-105.599770095
-107.087940107
-109.110858667
-111.448361692
-111.620598888
-111.766103778
-111.400293683
-112.188865379
-112.698202101
-111.93968136
-111.47816587
-111.663438013
-111.840918943
-112.256466491
-112.815747337
-113.589287238
-112.735383946
-112.429245005
-110.970957972
-110.193187719
-112.270273396
-113.216175667
-113.101474521
-113.415137835
-113.769636641
-114.156235858
-112.882749887
-112.528363143
-113.537416781
-113.628511924
-112.798341922
-112.39839754
-112.906423353
-112.299924846
-112.805790531
-112.341389591
-112.166909147
-112.472533124
-113.029043954
-112.851755079
-113.325650614
-112.480066931
-112.18034441
-112.405052195
-111.584789897
-111.390928367
-109.297240836
-106.611182411
-105.357707138
-106.579620973
-109.047544103
-110.141856318
-109.945000106
-112.133259148
-112.659912413
-111.979034355
-112.799294122
-111.987019828
-112.4073223
-113.630259696
-113.085509133
-113.475983928
-112.926697335
-112.361972315
-111.947590096
-112.986727646
-112.293470415
-113.131813113
-111.869572936
-111.518846471
-112.808433971
-112.579172751
-112.727227475
-113.399197541
-113.489192687
-113.678547949
-113.677695755
-113.088357848
-112.654297055
-113.864785916
-113.416304319
-114.103714564
-112.948928337
-112.060812519
-112.866282077
-112.300337392
-113.025511218
-112.792795395
-111.488529609
-112.9603346
-111.259918779
-112.071542533
-112.486654037
-112.198589694
-109.635031086
-106.39602967
-105.984577413
-106.221841617
-109.989150304
-111.258697057
-112.308629492
-112.474797935
-112.811080153
-113.063823216
-112.117314391
-111.479299332
-111.738268684
-112.661149634
-112.204296233
-111.724711526
-113.058402939
-113.486579896
-112.835479279
-113.248882433
-113.191892512
-112.882820079
-113.933956289
-113.45182311
-114.358512993
-114.446568287
-113.849867866
-111.839152861
-111.218621508
-112.019307748
-111.896468692
-112.779996727
-113.168886003
-112.989390416
-113.718357527
-112.697777912
-112.777243627
-113.486404032
-113.127817169
-112.980091581
-112.320690295
-111.715967678
-112.904949637
-112.120778842
-112.024275939
-111.3389501
-111.798922698
-111.417281578
-110.19253695
-107.599085059
-105.751009797
-107.38129668
-109.535824001
-111.474469668
-111.92430621
-111.736113483
-111.746147286
-111.434399109
-111.977796008
-112.301935624
-112.805142072
-112.173437687
-112.423802603
-112.90345561
-113.041514556
-113.785850524
-111.704972563
-112.464055465
-113.323071107
-113.319636689
-113.474533172
-114.097707203
-114.274720087
-114.214123104
-113.168104407
-114.295449333
-113.573146074
-113.35155082
-113.658305923
-112.760956998
-113.327734447
-113.683892943
-113.300769183
-113.090355796
-112.028883348
-113.496601346
-113.732415183
-112.391423199
-112.813311954
-112.735614935
-112.628960932
-113.138127959
-112.579396295
-112.392734597
-112.527394305
-110.844108082
-110.467190633
-106.577870335
-104.897360192
-106.962691258
-109.846851393
-111.63073787
-111.843004532
-111.868681227
-111.926011259
-112.212466955
-112.502506717
-112.975651221
-112.409796537
-112.777157153
-112.336778546
-112.288474729
-113.155947576
-111.539416427
-111.012187702
-112.204775261
-112.717953949
-112.192149548
-112.873752537
-112.478569188
-113.023116588
-113.725063314
-113.343811187
-112.082896005
-113.352517428
-113.715665935
-113.668914545
-112.833826908
-112.872371366
-113.34117569
-112.773577659
-112.894270703
-113.212090207
-112.526300247
-112.750303715
-113.145534951
-111.89122077
-113.164659359
-112.038800333
-111.683674263
-111.545894049
-112.533897547
-112.074528016
-111.035529692
-110.65264712
-107.313805693
-106.159126895
-107.557295652
-110.304511329
-111.32733413
-112.008619924
-111.389611577
-111.06803497
-111.917523412
-112.810004287
-112.219428175
-112.169334394
-112.866276728
-112.657265688
-113.106449692
-113.287017757
-113.251412392
-112.963154711
-113.306954092
-113.64160382
-112.51992479
-114.571143761
-113.979485515
-114.070095274
-114.039149843
-113.728842787
-113.586471471
-113.541526465
-113.843679705
-113.732844795
-113.507286771
-113.191061469
-112.955931938
-113.686425526
-112.403211892
-112.881846322
-111.611341501
-112.492110269
-113.226273526
-113.689231131
-112.786350269
-111.994443525
-111.846994388
-110.195534353
-111.550158385
-111.945519834
-111.202704893
-110.515934953
-108.034886861
-106.011548425
-107.496972447
-109.522913455
-111.35173211
-111.581661307
-111.750324225
-113.157283853
-112.380884745
-112.2127411
-112.695773316
-112.452116312
-112.556325828
-113.14296939
-112.589613617
-113.072349164
-113.842827979
-113.805346633
-112.78080404
-113.463200999
-113.820243641
-113.355498517
-113.482583506
-113.835636124
-113.434593114
-113.375954822
-113.535533899
-114.037135994
-113.020652801
-113.236419885
-114.050085654
-113.225178972
-113.567031621
-113.781617294
-113.363672051
-112.390640592
-113.126437186
-112.574416674
-113.383890181
-112.29129284
-112.734296643
-112.576878603
-112.297035437
-112.588543561
-112.56539998
-111.713476559
-110.231917973
-109.076295926
-106.937563044
-104.615477725
-106.633097473
-109.755764979
-110.823701925
-111.243173487
-112.32891773
-112.672939305
-111.446604371
-111.693107708
-111.859244772
-113.088836435
-113.171580064
-112.624118246
-112.54197693
-112.134030615
-110.769147807
-111.914798585
-113.266526805
-113.367653088
-112.311276775
-114.028268962
-114.06850294
-113.628627601
-113.649615047
-113.13967199
-112.697737113
-112.065396911
-112.3649611
-113.202465319
-112.916926192
-113.15515932
-113.50531553
-113.02173066
-112.988432165
-112.367407566
-112.541575884
-111.747330162
-112.293547775
-112.776147666
-112.450045564
-112.983098439
-112.700294613
-113.222855879
-112.492408608
-111.490588181
-112.210642718
-110.377096962
-108.022851
-105.828333642
-107.343441067
-109.269780805
-110.99058478
-112.212072532
-112.568780117
-112.687615656
-112.50374137
-113.000376266
-111.754323861
-112.868153649
-112.599917205
-112.612215837
-113.574751151
-112.609417568
-112.199998829
-112.375072929
-113.129909688
-113.613760666
-112.332918172
-112.086332779
-113.177630784
-113.799402961
-113.581798199
-113.060109059
-113.347005263
-113.095526088
-112.637287069
-113.518438548
-112.293741684
-113.948230117
-113.76097245
-113.479645944
-114.294588923
-113.493926256
-112.925046692
-112.762383018
-113.873397801
-112.996195834
-111.321302709
-112.4612546
-111.661378104
-111.863828934
-112.161686159
-111.851872366
-111.957936399
-110.332119731
-106.676299611
-105.120675744
-107.086878054
-109.58972039
-111.360397491
-112.125733733
-112.639765322
-111.848238608
-111.201533275
-112.254800261
-112.533230045
-113.250449656
-113.221759697
-113.596722754
-113.179673111
-113.116083658
-113.20721124
-112.803110286
-112.956163648
-112.092884797
-113.133063971
-113.721683536
-113.40363592
-113.679436712
-112.780676658
-111.846934558
-114.895320955
-114.241206325
-113.67272412
-112.725266206
-113.318178711
-114.08340315
-113.646218004
-113.534431657
-111.412157014
-111.443361975
-113.121413143
-111.947172316
-112.018271288
-111.563814745
-111.087512781
-109.704169803
-107.762168142
-106.765390989
-105.879416191
-103.358787056
-99.3381715063
-94.1223096019
-88.9765365009
-86.2116023661
-89.5105592588
-99.8713035547
-100.984574989
-103.483233798
-104.929277759
-106.285566283
-107.999469426
-109.371956925
-110.577373665
-112.44604126
-112.978315442
-113.542285381
-112.739505786
-113.653359629
-112.834753919
-114.447567954
-114.26628269
-114.094625007
-112.922711838
-113.253504342
-113.66245731
-112.987441121
-114.232004991
-110.204137813
-110.084835417
-110.707920418
-110.648561304
-110.95558149
-110.046884221
-109.253356678
-110.299516501
-112.416555167
-110.528942077
-108.46012697
-102.28402716
-104.159446816
-106.976867389
-102.561253748
-99.2231484318
-103.976706025
-93.9696107822
-84.3558804193
-84.1191152388
-80.5193308338
-60.3532052129
-50.4524899678
-47.6291850711
-51.255376053
-61.4792953188
-71.3084235334
-70.5105944163
-73.6457156022
-83.7174701654
-99.9881064004
-97.6659530881
-105.300467742
-105.263156327
-107.873175978
-105.187379608
-103.726356434
-109.005890043
-109.024999701
-108.698903202
-111.0133213
-110.506345582
-111.964935417
-110.041969125
-110.637137767
-108.353555665
-108.567353668
-110.182810168
-86.0273424694
-86.096096449
-86.1546837422
-86.1450936185
-85.9660735771
-85.6387745784
-85.2556667834
-84.7343074564
-83.8838188232
-82.7407008367
-81.4442468374
-80.1492679243
-78.9204103094
-77.7146702995
-76.4662256705
-75.1708343644
-73.7774310383
-71.9124376689
-69.2566096036
-66.1027462868
-62.3485200414
-58.154616868
-50.4938299525
-47.6728493199
-51.3112085871
-59.4524395572
-63.4778375372
-65.8516557835
-67.2885592153
-69.1079615244
-71.102417721
-72.819999356
-74.2883353794
-75.7028391413
-77.1721340426
-78.6368228664
-79.9730098431
-81.1794616276
-82.3853343328
-83.6697417759
-84.9567792726
-86.1193355659
-87.0390170304
-87.6551114215
-87.962709901
-88.0522624391
-87.9401879164
-87.6497765359
-111.506759475
-111.900487496
-108.649898476
-107.270244508
-110.081330631
-111.659950091
-112.233049611
-112.110678562
-113.19660586
-111.090715547
-107.683588214
-107.839199298
-108.450724367
-106.811900924
-103.140252558
-101.07711
-102.845002597
-93.57348118
-85.9558572086
-83.6653261139
-77.2318836415
-60.2801624329
-50.4539868673
-47.5924220017
-51.1716821671
-62.2426577456
-74.5614496434
-70.2235750575
-73.6383943506
-83.7947947333
-99.3652434332
-103.577231395
-105.813233702
-108.537460035
-108.725473329
-105.224592178
-107.144150307
-111.549864616
-110.036699868
-110.117817531
-110.101348129
-110.264415829
-107.949027323
-106.279709304
-107.46292916
-112.67669391
-112.492517993
-112.808549727
-83.266222161
-82.9151841176
-82.4933386741
-81.9270904512
-81.3505072587
-80.8338008194
-80.3552712989
-79.8701117671
-79.3140213361
-78.6734816331
-77.9729779562
-77.2049275529
-76.360845497
-75.4395293742
-74.4281537033
-73.3734016536
-72.2440468542
-70.875179884
-68.9905581584
-66.4338919838
-63.0949523862
-59.4232874323
-50.455987983
-47.5785113723
-51.1577594313
-61.1216455962
-65.1767063198
-67.5570634612
-68.4312266396
-69.5519416824
-71.1165060507
-72.6235873
-73.8474871574
-74.8855679004
-75.8035825037
-76.6068891157
-77.3315983787
-78.0782308386
-78.833673967
-79.5261350421
-80.1380043102
-80.682347275
-81.1534502505
-81.5589897766
-81.9975047671
-82.4868212813
-82.8968896358
-83.1776371119
-84.4049374582
-83.9192352793
-83.4677159613
-83.1177931661
-82.6974140631
-82.222847792
-81.7015001805
-81.0454286129
-80.3054354722
-79.5919143106
-78.8722051418
-78.1186083311
-77.3442625016
-76.4652666832
-75.4119211683
-74.2346178988
-72.9312524911
-71.2114274258
-69.0101985764
-66.7572328946
-63.1371484993
-57.3240945114
-50.4745071509
-47.5867665772
-51.0660396021
-57.4895331855
-62.3812697558
-66.9940280033
-72.4816769263
-74.7534340365
-74.6608912805
-75.4635433213
-76.5216070038
-77.4174891057
-78.1757925032
-78.8691240273
-79.5109401492
-80.1770254095
-80.7690126118
-81.2548768688
-81.7503263077
-82.2946453234
-82.8052919062
-83.3588360188
-83.8737938957
-84.1688418014
-84.4123603123
-84.7090537793
-99.9289391085
-99.3421357618
-99.3838805821
-99.0813839356
-97.8807607432
-97.0766988477
-97.6859538674
-96.8841994496
-95.2676228978
-95.5956739982
-94.5269642631
-93.1257729699
-93.4091855286
-91.0695451146
-91.1975568322
-92.012554302
-89.7403664047
-90.2345568154
-86.2292900455
-78.9979721264
-77.7527847699
-60.061979134
-50.4529969985
-47.5602474928
-51.1191706739
-61.6789634909
-74.6690443839
-70.3457046457
-73.6767970415
-82.5554865622
-88.2654702536
-90.6832122232
-91.6508874313
-93.0134233682
-92.460196912
-95.5923802923
-94.2015509152
-95.2832058574
-96.3729195871
-96.2185282062
-97.7334507012
-98.4418326735
-98.2954990769
-98.336227155
-98.3024487227
-99.2436155597
-99.9659190139
-98.7881342764
-84.2831396795
-83.9658415511
-83.5925118455
-83.1821595632
-82.7866575286
-82.3771872759
-81.8833864871
-81.2428354382
-80.4776732651
-79.6829310717
-78.9460654796
-78.2422165214
-77.4992121358
-76.6286541415
-75.63546793
-74.564730301
-73.3378073683
-71.782297067
-69.7620443744
-67.2697677719
-64.220715528
-60.2827287964
-50.399018172
-47.5119163263
-51.0303937207
-61.3692254719
-65.8497942863
-69.3683808635
-71.434021633
-72.4657069066
-73.5427399723
-74.7261836559
-75.7889888761
-76.7306511266
-77.6372926834
-78.5188734645
-79.2922698283
-79.9043317902
-80.4211749168
-80.951668498
-81.5162084512
-82.0855232143
-82.608828002
-83.0727675177
-83.5432294118
-83.9958285627
-84.3798044899
-84.788716755
-94.6887067398
-94.2083960435
-93.8256953471
-94.0258675642
-93.4209034229
-92.8723966663
-92.443682674
-91.3260762202
-90.8314373301
-90.390272379
-89.5693232987
-88.5552433855
-87.6439767626
-86.8826468356
-85.8481789429
-84.6757395979
-83.6882815153
-82.25154136
-80.4948440625
-78.7081994656
-77.068655891
-59.9015240319
-50.407321264
-47.5621102621
-51.1120910247
-61.1414233932
-71.0372293933
-70.3191682233
-72.3276399924
-82.2463874474
-84.0183014235
-85.4281951772
-86.4841513147
-87.5879750372
-88.3059737151
-88.902364577
-89.6342923393
-90.4818571845
-91.2912932431
-91.4772842778
-92.0288758861
-92.9702500013
-93.2359740497
-93.7401187227
-94.0680104685
-94.4867950156
-94.4741568791
-95.1443176069
-89.4581752282
-88.9978110021
-88.5688104285
-87.9148291563
-87.3717580229
-86.9188622325
-86.5668445705
-86.0510778213
-85.3771237872
-84.7328762597
-84.0321834273
-83.3097971394
-82.4482642641
-81.5823949616
-80.6637912853
-79.5659728272
-78.4458191932
-77.1142079004
-75.3083810885
-73.1946681812
-71.1329602244
-60.1602634032
-50.3905945232
-47.5533202626
-51.1339397722
-61.6418428543
-71.4800019074
-70.4338765494
-73.7851712964
-76.3041538061
-77.563788898
-78.8605327855
-79.9358785753
-80.9908667409
-82.0263159485
-82.8168080406
-83.521179441
-84.2931971325
-85.1234125265
-85.6478387332
-86.0356569309
-86.6890209993
-87.1822733615
-87.7650960668
-88.2396904083
-88.4567792341
-88.9077797694
-89.4407124541
-93.010349298
-92.2724673436
-92.1995011489
-91.0834729502
-90.7680329588
-91.1499192915
-90.8976121344
-89.5911664824
-88.2194698697
-88.190733396
-87.5694651061
-86.6178949021
-86.4399979086
-85.2730844304
-83.8312362082
-82.9432689666
-82.3438412879
-82.2272705985
-79.6925324579
-74.4119090536
-74.0355064794
-58.7972034917
-50.362705303
-47.5491290828
-51.2129676999
-60.2904635681
-71.567526284
-70.3910589579
-73.6600077791
-77.0022133883
-81.3798408609
-83.1967967231
-83.7064928732
-84.4503357471
-85.4503402196
-87.0597776466
-87.208703193
-87.6293410893
-88.8389447679
-89.3110566426
-89.3247520661
-89.8262076304
-91.107843409
-91.6841223044
-91.871720167
-92.1824466113
-92.1312215617
-93.1706308458
-112.064192781
-112.160409568
-113.885641009
-114.306837337
-112.949125402
-112.373781522
-112.098062463
-114.246082187
-113.658970869
-114.051368037
-112.560231251
-113.531620491
-113.262293684
-113.457297518
-112.974416287
-112.914624291
-112.943144632
-112.468650299
-111.725730483
-110.495263036
-109.778667304
-109.76855218
-109.255145095
-107.611604705
-105.466134912
-107.498687676
-110.085842484
-111.773663461
-112.031013603
-112.221302877
-112.06048527
-111.8445496
-112.088988182
-112.834319974
-113.202940132
-112.819590844
-112.934441377
-113.792414545
-112.336709544
-112.405617462
-114.024448327
-113.550877077
-113.605608664
-114.049913527
-112.97641226
-113.846476742
-113.756503066
-113.706886524
-112.98268317
-112.882335666
-113.014430055
-113.141051301
-114.352492877
-114.134532074
-113.42874272
-113.571677784
-113.645483684
-113.395568609
-113.230069869
-113.772108174
-112.152462543
-112.411741151
-112.740184975
-113.323230291
-113.45457214
-112.495986416
-112.351533508
-110.402138387
-111.689512542
-110.755014413
-110.009956139
-107.397431725
-106.181056708
-108.100254732
-111.364215754
-111.839853597
-112.167319983
-112.128665791
-113.239432237
-112.588554672
-112.7471381
-113.371356622
-112.306286103
-112.694334106
-112.998947148
-112.024104397
-112.930673695
-112.068733044
-112.773023375
-111.721915619
-111.880893439
-113.229410119
-113.330184068
-112.922364234
-111.89363578
-112.560495133
-113.396762661
-112.811638185
-113.2903144
-113.825872767
-112.94136021
-113.716641799
-113.107945335
-113.917959341
-113.61637483
-113.527418275
-112.871304694
-112.541113893
-113.835535816
-113.279767467
-113.965402069
-112.344457759
-112.351322748
-112.586057817
-112.123717218
-111.848710761
-111.395908633
-110.060350288
-109.671786385
-106.474158261
-105.448257945
-107.859943045
-110.70982421
-111.743956892
-111.888744254
-112.417942067
-112.58582999
-112.976783031
-112.124864197
-112.038512002
-113.824227426
-113.143165277
-114.094680271
-113.400146296
-112.717074425
-112.971043162
-113.82587372
-113.973468953
-113.040595648
-113.895130605
-114.218610741
-112.611359628
-113.271983431
-113.03453255
-112.936273439
-113.516593167
-113.520715169
-113.502554552
-112.941551099
-113.242369178
-114.029761695
-114.042574628
-113.62117004
-113.46136316
-114.032621742
-112.895371112
-113.236981655
-113.204930369
-112.911071031
-112.798264807
-113.244179149
-112.731034885
-112.962688993
-112.724416266
-111.423802565
-111.17694662
-109.464442112
-108.13879513
-105.302869478
-106.547330018
-108.580923682
-111.135401842
-111.296642531
-111.277842777
-112.348956892
-112.858328589
-112.910668768
-112.463845093
-112.396439343
-112.946632381
-112.557000092
-113.44294756
-113.001918997
-112.850953888
-113.468055529
-113.385685615
-112.922953396
-113.47123868
-113.364931939
-113.118956961
-114.404167993
-113.343801378
-114.035233105
-113.473284592
-114.117840087
-112.883899942
-113.558558958
-113.528123554
-113.722383852
-113.353181615
-112.561953715
-113.250463432
-113.800086076
-112.512563551
-111.879070543
-112.969540315
-112.900523014
-112.916591421
-112.637022468
-112.899477898
-112.134133595
-110.721239806
-111.724034411
-111.290642123
-110.303657279
-107.779111431
-105.347491317
-107.071409803
-109.313081404
-111.14236022
-110.355275352
-112.088613121
-112.105177978
-112.749494985
-112.645300538
-112.440036697
-113.240425434
-113.87079477
-113.045044413
-112.472334905
-112.617581434
-112.743081067
-113.68119911
-112.79742942
-113.531298949
-112.47291214
-114.392626222
-114.260958428
-113.615837613
-113.539200988
-112.867673162
-114.111309268
-114.371419061
-111.788138213
-112.606006746
-113.492635012
-113.545044937
-113.276341075
-113.831776443
-113.427202873
-113.022915345
-113.366559193
-113.406083311
-112.91783206
-112.995413213
-112.108565362
-111.577697361
-111.460334019
-112.003877931
-111.47120336
-111.580664795
-110.785494508
-109.928849503
-107.893248403
-105.840613455
-107.038030682
-109.806658028
-111.324927577
-111.275274077
-111.179240662
-111.24996209
-111.974575032
-112.964935996
-112.721932493
-112.693733658
-112.254696703
-113.293863151
-110.062399809
-110.407336446
-113.964021817
-113.233169705
-113.631350076
-113.676635583
-113.298008575
-113.895646359
-113.56239132
-113.985056065
-114.073657581
-113.699615205
-113.248818587
-113.207491473
-113.977635351
-112.506789616
-113.606173161
-113.575997755
-113.077997106
-112.28726767
-112.633221955
-112.396327551
-112.864761184
-113.192430839
-112.795570029
-112.674324281
-112.44147235
-111.905863025
-113.152954598
-112.074442997
-112.938074808
-111.127914271
-110.64648202
-110.168261129
-107.857019811
-106.652553195
-107.679741228
-109.590826349
-110.915682925
-111.374424891
-112.250272235
-112.125927058
-111.95099878
-111.917008711
-112.01897418
-112.020901429
-112.72540529
-112.797752121
-113.944577668
-112.873230098
-113.727953642
-113.264578923
-114.217286362
-113.899172564
-114.015014214
-112.870919103
-111.689732563
-114.04496742
-113.40977474
-112.922443197
-113.617611636
-113.520399764
-113.178127522
-113.579771238
-113.545672658
-113.148643926
-113.76576464
-113.368691492
-113.465466385
-113.53975915
-113.549736051
-112.840435231
-112.695851939
-113.139284609
-111.159529357
-112.498773262
-112.17772355
-112.444322892
-112.228033508
-111.350321497
-111.434203192
-108.30402696
-106.796781972
-106.112650521
-107.645999892
-110.866329238
-111.473900341
-110.432506659
-112.294042779
-112.676626606
-112.435140545
-113.377226875
-112.283851662
-111.347381789
-113.159670648
-113.037657641
-113.059138673
-113.388325863
-113.330247846
-112.163023896
-113.665467012
-113.672912754
-112.665016628
-113.039567577
-112.419562804
-112.409395474
-112.7278892
-113.793989684
-113.980110148
-113.677992852
-113.090624163
-112.912934199
-113.085159906
-112.743995222
-113.260417153
-113.256214224
-112.111298303
-113.015816819
-112.313567347
-112.93727579
-113.20794906
-112.492801283
-112.297885497
-112.361670896
-112.00229111
-112.912084958
-112.085327764
-112.434682819
-110.565322115
-109.275882349
-106.477187921
-104.787363714
-107.888236652
-110.120417377
-111.728655581
-111.984536124
-112.582157385
-112.453925683
-112.279926522
-112.040120014
-113.013667859
-113.036468928
-113.240940238
-113.088474071
-113.754986473
-112.891173283
-112.903185075
-112.789666242
-112.779346116
-112.110861585
-113.387896697
-113.26051004
-113.741833955
-114.306290064
-114.018261091
-113.570628796
-113.466686395
-112.992231431
-113.626953324
-113.586343382
-113.023585662
-112.314228507
-112.584908414
-112.945448084
-114.089277817
-112.583865653
-113.477443526
-113.704157078
-112.863047617
-112.549715049
-111.407247659
-112.707326672
-112.830916682
-111.825260161
-112.593760469
-112.236170062
-111.282315525
-109.831043561
-106.596576318
-104.819380151
-107.241187312
-109.489512688
-111.029076152
-111.770447221
-110.891158562
-112.273530391
-111.671687725
-111.730823853
-112.377951913
-113.165968024
-112.801968247
-112.741387361
-112.85812683
-113.781690416
-113.877283092
-113.181573002
-113.363879865
-112.37275106
-112.917479434
-113.45745163
-113.825767919
-112.955429551
-112.98688911
-113.944865185
-113.850703239
-113.988167318
-112.180713773
-113.510713777
-113.477334885
-112.661522874
-113.533065497
-113.741955027
-112.667912655
-112.784672607
-112.272284487
-112.364429693
-112.24037242
-112.84409765
-112.054792993
-113.119528042
-111.565735136
-110.860491442
-112.813931431
-112.217694475
-111.589973152
-110.592998025
-106.579972839
-105.371339506
-107.916478161
-110.257345286
-111.090835887
-112.477604755
-112.449248157
-110.912151462
-110.553172012
-112.042935389
-112.811075626
-113.259539848
-112.595313554
-113.574497466
-112.923063341
-114.094619429
-112.663411435
-111.634688967
-112.029187741
-114.456160382
-113.411220481
-113.514403876
-114.281491726
-113.155946759
-112.414795045
-114.034249473
-113.85857984
-113.821155693
-113.274712428
-112.184645589
-113.235810343
-113.296499616
-113.67517286
-113.685833889
-112.819757932
-111.973328001
-111.263265297
-113.261140635
-113.358204345
-113.00602563
-112.832616099
-112.973226348
-112.663322093
-111.895067893
-111.405895611
-111.996053125
-111.561692599
-110.742837215
-106.21000116
-105.609645795
-106.568811861
-109.733713097
-111.086437262
-112.191549565
-112.576348504
-113.0831053
-112.206431268
-111.739120453
-111.546766997
-112.510567289
-113.386145572
-113.322791805
-112.865797213
-113.174572783
-113.537809689
-112.196593767
-113.385458238
-113.448883551
-112.413209479
-112.997340099
-113.02792224
-113.06545546
-113.677698058
-113.191069705
-113.736565218
-114.399757332
-113.652352088
-113.057380626
-113.305130879
-113.403417547
-112.717693617
-112.612133308
-113.402994237
-113.763197593
-112.737419895
-112.387094768
-112.01963914
-111.269055766
-111.93108329
-112.481718716
-112.815434247
-112.131234298
-112.317607211
-111.464139386
-110.86510465
-108.48182256
-107.341324327
-105.049893124
-106.28763775
-109.714440288
-111.377142418
-111.806455054
-112.504031018
-110.315518432
-111.587867794
-112.334892897
-112.736213786
-113.204655671
-113.167644035
-112.988954107
-112.827584981
-113.440281755
-113.533389843
-113.197961307
-112.939336755
-112.178804973
-112.312859529
-114.154571021
-113.586618508
-113.756927094
-113.425896105
-113.748835964
-113.095703331
-113.334092806
-112.207892859
-112.41419105
-113.369642616
-113.603718631
-113.118899452
-113.791519855
-113.191540391
-112.332635659
-113.195763609
-112.978887931
-112.193528121
-113.458936107
-112.968656852
-112.49409631
-113.492661495
-113.458352765
-110.713914558
-112.172142331
-110.246599423
-109.937717562
-105.939832004
-104.570365619
-107.302326022
-110.258211655
-111.826272312
-111.999334828
-111.712430298
-110.98092292
-111.440679758
-111.158551384
-113.001391159
-112.371914523
-113.849593277
-112.361469509
-112.731291201
-113.157259338
-112.870691896
-113.386059434
-112.918411327
-112.492459794
-111.119569535
-113.16354176
-114.033247566
-113.678073924
-113.999507052
-113.68163014
-114.522186701
-113.612519057
-113.826473308
-112.730218254
-114.133401896
-112.290218516
-112.699941929
-113.71085813
-113.526544511
-112.743170951
-112.564545821
-112.726649473
-111.746296087
-111.925156497
-112.700313369
-112.041466641
-111.886315191
-112.632410475
-112.234143579
-112.017565053
-110.68108982
-110.721973431
-108.038384399
-105.130127368
-107.264056816
-110.525564714
-109.650944078
-110.201307817
-111.507532651
-112.441143189
-112.724573444
-112.604581863
-111.759650204
-112.579813011
-112.012539234
-112.337218964
-113.408567581
-113.689161396
-112.859506149
-112.72978241
-111.847115863
-112.928689324
-113.105834702
-112.970111649
-113.381102918
-113.52817384
-113.981914928
-113.442226745
-114.698269752
-113.231207632
-113.618476655
-113.282063183
-113.970642656
-112.406757155
-112.95988285
-112.83486355
-112.597537366
-112.885700824
-113.296362081
-112.657587245
-113.118638646
-113.103960789
-112.214068025
-112.543029543
-111.444065835
-112.128459448
-112.269661525
-111.827701934
-110.904221505
-110.051202139
-107.224136174
-105.585954461
-106.893322379
-109.729610732
-111.908340438
-112.395160081
-112.009064987
-112.483854661
-111.865701586
-113.267307041
-113.466660508
-112.764358885
-113.123167309
-112.952283543
-112.211983791
-113.153864114
-112.597562509
-112.622173002
-113.209517293
-112.552101874
-113.588513295
-112.614232703
-112.836318603
-112.786696159
-113.149751171
-113.875058025
-113.459943126
-114.171713151
-113.162145062
-114.056495835
-113.985330948
-112.499958038
-112.674801394
-113.104714374
-112.294164361
-112.663027458
-111.863626304
-111.043320572
-111.9772299
-111.353709842
-110.54252082
-112.296489488
-111.877503713
-111.828998715
-110.358878011
-111.402283294
-111.459219037
-110.503885228
-107.540800712
-105.406637041
-107.731308577
-110.923776528
-112.264070407
-112.363509673
-112.565716945
-113.016478129
-112.811367272
-113.336942033
-113.1329628
-111.837426693
-112.843983224
-113.465021196
-113.886593966
-113.223801314
-112.753129131
-113.948192862
-112.718115694
-112.719475259
-113.635421027
-113.711867732
-113.431915457
-113.299851178
-112.647054537
-113.74396279
-113.997024155
-114.40010817
-113.163856017
-114.138839065
-113.612172414
-112.482388491
-112.912894417
-113.435750025
-113.659862057
-113.486982338
-113.210560339
-111.514210265
-113.577354985
-112.082416196
-112.195010911
-113.138780901
-113.170272986
-112.615987182
-111.418978333
-110.764295287
-111.19479545
-109.725300148
-106.650686698
-105.708362372
-106.919172469
-111.01038393
-111.8263081
-112.073247499
-112.319515016
-112.364127083
-112.926500124
-111.972186447
-112.814147759
-113.418166573
-112.72819345
-112.96936306
-113.267375769
-113.37187731
-113.605693832
-113.033036958
-112.778268721
-112.980260645
-114.212545333
-112.954737304
-113.197247861
-113.674299236
-113.309170716
-113.785382584
-113.559281862
-112.410129179
-112.682887744
-112.493776112
-113.578201669
-113.527952229
-113.453376524
-114.026972415
-113.128629702
-113.451467634
-112.855641654
-113.006119151
-114.296949153
-113.024825148
-113.633876361
-112.629504729
-112.287242923
-112.160705781
-110.956747179
-112.116362625
-110.588811856
-109.455135016
-107.442516913
-105.360870363
-107.133045785
-108.870751541
-110.455769591
-111.03381192
-111.716031594
-110.80907941
-111.745149798
-112.982653734
-113.002426002
-112.598555392
-114.042920311
-113.640667962
-113.200777469
-112.866757824
-113.048166721
-112.722872891
-113.559600552
-112.47128219
-112.557711118
-113.69616774
-113.868701531
-114.322103561
-113.214645187
-112.160657061
-113.856715665
-114.001144249
-114.108953921
-112.566083856
-112.325923273
-113.83899202
-113.081913721
-113.851977936
-113.115548641
-113.341086177
-112.697000585
-113.376878743
-113.650473191
-111.937422028
-112.977007625
-111.764292253
-110.99413643
-112.703228989
-112.751638413
-111.833541707
-111.128907394
-108.945096195
-107.106227973
-105.80534401
-107.37531315
-110.127568073
-111.380583244
-111.32021723
-112.060537641
-112.565766863
-112.542685501
-112.693987782
-111.827295227
-113.123770163
-111.916553945
-113.012088943
-113.173361587
-112.716277764
-112.933117214
-113.28324115
-113.197543122
-113.589572932
-112.52423268
-113.652704701
-113.030531426
-113.013500653
-114.080801586
-112.448081644
-113.536991355
-112.918967851
-113.784462906
-113.757316448
-112.833698341
-113.094188541
-113.778295996
-113.372472764
-113.391155712
-113.19993606
-113.892340782
-113.383066769
-113.240864846
-112.461617316
-112.351638043
-113.205638881
-112.38518202
-110.749522797
-111.890829744
-111.488334295
-111.711089368
-109.717120326
-107.220928924
-104.359763449
-105.886780459
-110.797029393
-110.560039895
-111.522071995
-112.07148462
-112.61388081
-111.453162394
-112.476359345
-112.396624183
-112.811997415
-113.491586848
-113.129906034
-112.570375691
-112.552313721
-113.079427598
-113.778444016
-113.178578741
-113.026815486
-112.578842642
-113.674406934
-114.341000245
-114.22137216
-114.202779361
-113.118486381
-113.376656124
-114.002622722
-113.951082575
-114.118445686
-114.018051863
-114.305899083
-113.268290707
-113.687559184
-112.877166209
-111.733403542
-113.660611199
-111.825364192
-112.863640625
-112.527807121
-113.265872806
-113.139243919
-112.302022866
-112.580253737
-111.4322434
-111.982920185
-111.544974767
-110.216142115
-107.723667348
-105.875072676
-107.833450742
-109.967436798
-111.221362545
-112.442322395
-112.618409276
-111.849697854
-113.261280407
-111.683528464
-110.579435463
-112.188182171
-112.448169095
-113.548874777
-113.907396956
-112.358226478
-112.717715773
-113.064831447
-113.685050393
-113.620552678
-112.982344076
-113.196450425
-113.251037876
-113.252238777
-113.897003595
-114.231289954
-112.799883004
-112.526597764
-113.294725066
-113.197805823
-113.025254375
-112.870779488
-113.472786314
-113.527073019
-112.979129105
-112.978833816
-112.370621669
-113.073334529
-111.66121655
-113.014282586
-112.499033435
-111.256211653
-112.672476282
-112.541088721
-111.611743362
-112.338161853
-111.630959245
-110.070887812
-107.046109443
-104.677426701
-106.76262959
-110.23576957
-111.136957563
-110.809318781
-112.433718742
-111.665386168
-112.257298684
-112.366565246
-113.016965475
-113.182368121
-112.234913683
-112.928053649
-112.873610535
-113.029414485
-113.340577266
-112.555124866
-112.538018439
-113.396003714
-114.133103668
-113.975810149
-114.019498232
-113.608470414
-113.348744944
-113.250674248
-113.140953201
-114.177638297
-113.762902126
-112.873997895
-113.607099348
-113.775362559
-112.56317973
-113.592163089
-113.980680543
-113.291778224
-113.114720345
-113.745149929
-112.39496399
-112.873982201
-113.219609613
-112.761873059
-112.937954383
-112.937941563
-112.432991416
-111.574821638
-110.603954547
-110.186304254
-107.156773081
-104.97981
-107.298811135
-110.584904034
-111.268191662
-111.166095626
-111.832664592
-113.185158561
-112.999567281
-112.826024197
-112.559189058
-112.871330707
-113.010332456
-113.69368957
-112.816226267
-113.129272693
-112.997355852
-113.594744398
-113.74771054
-112.490432451
-113.676692223
-113.375770491
-113.184289748
-113.642069312
-113.75225288
-114.003472116
-113.854194565
-114.170357077
-113.683522108
-113.677502307
-114.046760748
-113.244608519
-113.545973818
-112.633060081
-112.766890949
-113.063452937
-113.024678119
-112.876708855
-112.848435519
-112.996848257
-112.483021636
-111.338607915
-110.533101719
-110.651606605
-110.823703835
-111.908632208
-111.602815876
-110.583257048
-106.798092851
-105.668253507
-107.660790965
-109.65883723
-111.627531774
-111.989880609
-112.222481525
-112.571372018
-112.426730314
-112.594234914
-111.92842784
-112.174913307
-113.490116755
-112.925793878
-113.221354558
-113.258878117
-112.131931192
-113.211234193
-113.498969096
-112.475965011
-113.416952742
-112.522021017
-112.251981177
-113.449322282
-113.707175422
-113.36676543
-113.164128147
-113.251953137
-112.699491831
-113.001809009
-113.103844554
-112.8276149
-112.40362578
-113.780070685
-112.863387832
-113.434111885
-113.203047901
-112.686247697
-113.727746294
-112.008582602
-112.528945752
-113.03418859
-111.753336618
-111.658931693
-112.269702824
-111.149530999
-111.2880507
-109.338232623
-107.489165019
-106.058441575
-107.159748437
-110.330853994
-111.75545068
-111.55574265
-111.769515969
-112.558125403
-113.296770481
-113.448651094
-113.247207318
-112.934108358
-113.533409893
-113.534732929
-113.23036737
-113.181376196
-113.478805057
-112.416441823
-113.019804403
-113.456422865
-113.131719282
-113.723604674
-113.28017389
-114.305367629
-114.08108664
-111.777316211
-113.436946462
-113.085033725
-113.260200844
-113.707766264
-113.193997186
-113.462835386
-113.055523509
-112.977295735
-114.052160243
-113.32822698
-113.639967913
-113.287688001
-112.876668638
-113.229089005
-112.520404645
-112.940941915
-111.995152888
-112.48893078
-111.371293331
-111.074846698
-111.158024835
-110.245969862
-105.716580872
-105.478850955
-107.449020117
-110.538885592
-111.652685878
-112.373424704
-111.606740783
-112.150526259
-112.450160136
-112.445418338
-112.197596366
-112.679780023
-112.692180222
-112.291393927
-113.019735921
-112.425474205
-113.085478187
-111.554586238
-112.186242968
-112.270645824
-111.80335714
-113.781952724
-113.732218816
-113.043584203
-113.803250559
-112.758778027
-114.364735157
-112.584486553
-112.929448381
-113.090517941
-113.676514476
-113.401875845
-113.501386344
-113.526744696
-113.870439888
-113.498974842
-112.957545586
-113.298070194
-112.096164357
-113.104470565
-112.876829126
-113.029504544
-112.188486169
-111.381164083
-111.602397417
-111.943602568
-111.009743965
-108.407354424
-107.151289661
-105.768041529
-106.46532313
-110.070782222
-111.796519151
-111.858354878
-112.059517634
-111.746067277
-112.995394318
-112.38041596
-112.639308362
-112.042684399
-113.358989243
-113.559759234
-112.61296624
-112.416345706
-112.857743171
-112.361003495
-112.27454691
-113.543213672
-112.737158766
-112.294627947
-113.869938191
-113.013510139
-113.389807155
-113.538569741
-114.079697429
-114.039506768
-112.963764283
-112.771301131
-112.903460234
-113.264541231
-112.72707094
-112.639707656
-112.413511053
-112.821938976
-113.435675095
-113.933712974
-112.899458261
-112.93658177
-113.969340044
-112.876117507
-111.826998343
-111.435143293
-112.611682849
-111.452156579
-110.960478699
-110.742442612
-108.074693892
-106.171124011
-107.162871344
-110.877449726
-110.724077984
-110.657973856
-112.955649533
-111.237577328
-111.950977425
-111.926178662
-113.203499652
-112.319487053
-113.483207108
-112.405446671
-111.576109502
-112.123588399
-113.466550382
-112.105980715
-113.11759396
-112.816960629
-113.892850397
-113.14832832
-113.886104897
-112.646813316
-112.493384751
-113.523448602
-113.566097328
-113.068025657
-114.207627339
-113.159841943
-113.136077422
-113.835379628
-114.683838211
-113.748359824
-113.040911476
-112.207713581
-112.35211086
-113.153284418
-113.355767527
-113.034274776
-112.940996338
-112.869341141
-112.591882579
-112.626386871
-112.272242829
-111.673350408
-111.004464369
-109.800307492
-107.375866147
-106.571590808
-108.570514329
-110.938532174
-112.055128055
-111.400839263
-112.002360948
-112.195346163
-112.674703408
-113.080051303
-111.810283514
-112.859893017
-112.606409828
-113.259119039
-111.901721739
-111.92574909
-112.94798637
-112.908645669
-113.662044701
-113.772597282
-113.577169106
-113.135371223
-113.743497471
-114.273420227
-114.346374983
-113.501557508
-113.483395615
-113.080807977
-113.387172899
-112.729517666
-113.881311363
-113.743285171
-113.273347505
-113.517501776
-112.939020068
-112.420707542
-112.563043964
-113.591673563
-112.996965207
-112.118846979
-113.173544906
-113.256947039
-112.085482907
-112.998780113
-111.624754363
-110.578694836
-111.165360499
-110.18026988
-107.632094713
-105.551262251
-106.61039726
-110.350363127
-111.791938918
-112.690393963
-112.284641661
-112.723288446
-111.843474607
-112.008554376
-112.777020145
-113.175996053
-113.137585338
-113.279457737
-113.462231358
-112.268413067
-113.448782614
-111.941623455
-113.193784159
-112.969918326
-113.788867607
-113.426700725
-113.851854237
-113.880595082
-113.860638419
-111.870212066
-112.103087005
-114.455101994
-113.913122758
-112.880476759
-113.69996288
-112.87368632
-113.90389464
-113.540768573
-112.277677311
-113.321219476
-113.059877329
-112.408821805
-113.907733502
-113.897307359
-111.710741169
-112.356025032
-112.166839539
-112.671540887
-112.612383423
-111.592473345
-111.813043368
-109.286033703
-107.039291
-105.944742576
-108.183696216
-109.831999158
-110.448555126
-110.686749981
-112.104026568
-111.133005727
-112.367626262
-112.459107125
-113.281509427
-112.504256703
-112.413798532
-113.251837466
-113.318672706
-112.625635592
-112.893536995
-112.903503013
-113.174593294
-113.83695323
-112.7463872
-112.274820668
-113.747515353
-114.135798694
-113.225712725
-113.597078113
-113.426746807
-113.684680843
-112.182841814
-111.377014691
-112.655670637
-113.380117454
-113.232265046
-113.31250328
-112.910153834
-112.320698046
-112.829525574
-112.872173545
-112.507300738
-113.273035295
-112.5141009
-112.223068003
-112.645985127
-112.663777211
-111.844174832
-111.675181605
-111.474073377
-109.829190341
-107.601334451
-105.402627594
-105.656329105
-109.847893617
-111.44637153
-112.172029002
-112.64856829
-112.016099518
-112.707884793
-113.049635248
-113.255622377
-112.846743216
-111.83216497
-112.214759593
-113.088658668
-112.681653104
-112.888332305
-112.900259978
-113.198655482
-112.838552404
-112.321586458
-113.825374763
-113.72638876
-113.576330723
-113.264047073
-112.182641368
-110.893342373
-112.008199054
-114.293258158
-113.579445661
-113.639990743
-114.029219278
-111.720167916
-111.793671274
-114.028280946
-113.419943682
-112.878665397
-112.406273883
-113.558834123
-112.364258472
-112.413733116
-112.784896857
-112.945706477
-112.057368914
-112.042915473
-111.835870895
-111.014628323
-110.13774336
-107.386296472
-105.170172299
-107.185059626
-110.198215471
-110.78379523
-112.191569192
-111.895416828
-112.193008446
-112.867407522
-112.90731816
-112.242015252
-112.113587297
-112.34567133
-113.104752319
-113.458534066
-112.598047068
-110.898916018
-110.404161981
-112.607649539
-113.611354918
-113.338857042
-113.312248369
-113.724348598
-113.050183333
-113.323856898
-112.808571973
-113.358103354
-114.566045715
-113.164733849
-113.292033623
-111.591809411
-112.925327501
-112.498220313
-112.984403771
-113.110069525
-112.773198404
-112.200700289
-113.00711131
-112.919212296
-113.000225728
-112.055412736
-111.574944816
-111.955613643
-112.375273925
-111.315229658
-111.563824087
-111.635457054
-109.755374432
-106.858685539
-105.7317488
-107.456944778
-110.082875931
-111.344109794
-111.738587562
-112.247242697
-112.376455859
-111.910879981
-111.906239172
-112.610680115
-112.797834869
-111.880565462
-112.115145891
-113.166001186
-112.897939564
-113.212073656
-112.971566542
-114.039330554
-113.162410948
-112.96391669
-114.250895466
-113.826989076
-113.087282626
-113.417494543
-112.653125085
-112.7941233
-113.29572593
-112.655421293
-112.731919464
-113.008956918
-113.396536431
-113.895734988
-113.843836192
-113.8528938
-113.36181631
-111.874932818
-113.437287677
-113.556463529
-112.510213488
-113.599229875
-111.912736222
-112.017858911
-111.644131557
-112.546601746
-112.215242408
-111.067252117
-110.040362958
-107.491119218
-106.362790888
-107.985666794
-110.843988631
-111.376315648
-111.181434295
-112.261045857
-112.833024088
-112.21965041
-112.857839273
-112.278538275
-112.401311259
-112.374123017
-113.067231587
-112.253694773
-113.259137025
-113.677594884
-112.22017032
-113.599507629
-113.370397399
-112.974737132
-113.214733788
-113.963329641
-113.63169962
-113.844945162
-113.0486935
-113.394930708
-113.344746212
-113.363807879
-113.844919791
-114.140603435
-113.679699367
-113.959851249
-113.872439065
-112.832332501
-113.742142017
-112.550060359
-113.574089081
-112.61452729
-112.683613455
-113.180144617
-111.845643588
-112.310604633
-112.497905427
-112.522683268
-111.602176922
-111.297706955
-109.076797912
-106.449883752
-104.898826747
-106.614823687
-110.3592783
-110.898431196
-111.273067227
-112.349831087
-112.712610505
-111.974239282
-112.047504103
-111.371771358
-112.447706871
-113.228394932
-113.029199859
-112.417615029
-113.449152728
-112.217871204
-113.753811173
-112.149830587
-113.347715139
-113.322925935
-113.376453285
-111.503431947
-112.617517566
-113.780378171
-113.129059975
-113.618531633
-113.383553566
-113.56695035
-114.055479237
-113.665074324
-113.078309246
-113.088270179
-112.863171329
-112.297616651
-112.499006399
-113.334455401
-113.109067305
-111.964869904
-112.67415575
-113.411193191
-112.128627746
-112.856284735
-112.159549298
-111.21743644
-111.877195466
-111.532306765
-110.205717503
-106.337192508
-104.353243435
-106.277181664
-108.777300211
-110.329078151
-110.577678654
-112.201352684
-111.806074578
-111.924025381
-111.01369042
-111.346337972
-111.878904946
-112.538411362
-113.251354354
-113.683529487
-113.614036627
-112.944144681
-112.464200362
-111.35416139
-112.566934394
-113.314168615
-112.057222384
-112.212017972
-113.720914481
-113.881626584
-113.900057714
-113.193232069
-114.163209602
-114.069785734
-114.180188395
-112.523533116
-112.963976481
-113.147355553
-113.568710351
-113.297746917
-112.283405931
-112.785308264
-113.401227075
-113.721709127
-112.691917761
-112.401656985
-112.098747649
-113.06098415
-112.432238625
-112.759934118
-111.749203758
-110.926307776
-109.241494474
-106.170649364
-105.290087467
-107.192746281
-109.56048409
-111.58014247
-111.50362515
-112.281391355
-112.680695227
-113.05880594
-112.976304484
-113.109669417
-113.619411379
-114.175004475
-113.244644371
-113.020061716
-112.654505576
-113.612882064
-112.30090194
-113.145088374
-113.693296171
-113.368130011
-113.75241829
-113.531270003
-113.641535759
-113.911188369
-113.705642114
-113.376768721
-113.811292751
-113.138692616
-113.650678713
-112.465831488
-113.100515416
-113.822829399
-112.420902039
-112.158313264
-113.777281674
-113.830935159
-113.901533203
-113.625394373
-113.030086599
-113.056855587
-111.529401388
-112.398056533
-112.508724317
-112.470390182
-111.149684377
-110.62102779
-110.252046469
-108.023268412
-106.225143049
-107.029553921
-110.573037113
-111.782591352
-111.976456835
-112.287549922
-113.045813729
-112.395251615
-112.136061291
-112.031037247
-113.227319774
-112.691328657
-112.487410367
-112.779107546
-113.432721628
-112.942840502
-113.64123201
-113.009950516
-113.222182708
-113.135260242
-113.396689265
-114.014333276
-112.686990836
-112.608594679
-114.403132813
-114.571875978
-114.419169428
-113.547012844
-113.815445666
-113.591869999
-114.009407616
-113.898673838
-113.084232923
-113.626061126
-112.448260019
-112.709607865
-112.677692613
-113.111491619
-111.805026722
-112.297816105
-112.832799235
-112.899393576
-112.527865796
-112.121625027
-111.044507542
-111.594007904
-110.527268899
-107.668658465
-105.798744218
-108.219994462
-110.129977184
-112.038639585
-111.859196592
-112.088944093
-111.563474758
-111.104838393
-113.258357419
-112.702990515
-112.949375834
-113.434187659
-112.595703438
-112.233252727
-112.851870852
-112.822465117
-112.641811717
-112.87981322
-113.610619213
-113.466338914
-113.562191728
-113.135551726
-112.418997787
-113.955261911
-113.515285849
-112.986343455
-113.56888958
-113.190774059
-113.962039056
-114.251269963
-113.152069757
-113.002854598
-112.906982586
-114.006139528
-114.277338426
-113.407707015
-112.848257811
-112.848250201
-112.862581058
-111.534288346
-112.688034819
-113.040454846
-112.536959248
-112.166995019
-112.252031596
-110.705823213
-110.409302568
-107.990698312
-106.453723528
-107.541079644
-109.886995331
-111.551777436
-111.058414656
-110.860496739
-112.243898076
-111.638296327
-112.536939412
-113.528698986
-113.206051648
-112.699412407
-112.596969904
-112.866790307
-113.246291389
-113.066804194
-113.283876736
-113.369944685
-112.004810687
-113.135089101
-113.747103007
-113.131447145
-113.623698142
-112.624393628
-112.822640638
-114.696690571
-114.068114397
-113.701017649
-113.215431064
-113.358825747
-112.082668855
-112.835250125
-112.948484002
-113.028808323
-113.102300698
-112.868561167
-113.244333801
-113.370340753
-112.563813004
-113.116110775
-111.52237735
-111.922590761
-112.450350402
-110.486057529
-111.672458901
-111.513437299
-109.455039899
-106.787351839
-105.13032249
-106.007302021
-108.379700278
-108.561102763
-111.370058559
-112.199532453
-112.965594295
-113.37646145
-112.999701642
-111.144291627
-111.135929247
-113.220726396
-113.300205858
-113.663328555
-113.118681168
-112.807694641
-112.827168036
-113.160727551
-113.96782066
-113.998883591
-112.866518989
-113.649878193
-113.587515271
-112.13827096
-114.023823271
-113.400307035
-113.926802295
-112.459505847
-112.986079491
-113.479153977
-112.124075033
-112.887260554
-112.136302555
-113.072889303
-112.318652291
-112.777114478
-113.377098364
-113.192603431
-113.596135978
-112.798998019
-112.008705232
-112.294668815
-113.234743746
-112.417288705
-111.979128118
-110.651124297
-109.570548402
-107.10441271
-105.194647107
-107.666366094
-109.751608913
-111.617328327
-111.606260196
-111.492077684
-112.775069941
-111.633286961
-112.09367471
-111.494541359
-111.800863237
-112.011124034
-113.594663963
-112.859756808
-113.2221487
-113.413513085
-113.176071969
-113.959751963
-113.369207141
-113.126323187
-113.854276115
-114.008518786
-113.544014867
-113.269578568
-112.674339635
-113.066049955
-113.295055288
-114.136991957
-111.927788705
-111.624982037
-113.458512607
-113.675713324
-112.537845196
-113.253733269
-112.739379239
-112.606179491
-113.464801908
-113.235782468
-113.336694626
-112.203881228
-112.084307983
-112.9131447
-112.507750702
-111.733647288
-110.821759018
-110.70701857
-109.96238989
-107.578068628
-105.794501299
-107.05162264
-110.950607202
-111.289303564
-112.475479913
-112.060569381
-112.359668659
-112.524757868
-112.196348147
-112.721968345
-112.890608013
-113.359163019
-112.926256043
-113.424100484
-113.293137149
-112.040688693
-112.589201336
-113.46834916
-113.002397221
-112.174360665
-113.111926667
-113.690936986
-113.48787375
-113.564637253
-113.722410378
-113.644817143
-114.071575221
-113.676293454
-113.404089565
-113.653172759
-112.801591399
-113.084028828
-113.334938908
-113.220701935
-113.060714411
-113.204323578
-113.802497263
-113.044786412
-113.555098482
-112.873073569
-112.417526123
-112.529743431
-111.545172082
-112.745017699
-112.203309471
-110.214784806
-109.414016864
-106.721034351
-104.667044939
-106.796124225
-110.254926488
-111.536203599
-112.008642192
-112.040472586
-112.039983226
-112.493066709
-112.502804716
-112.149473884
-112.752609462
-113.565096363
-112.860676014
-113.843409336
-113.62962783
-113.212135723
-112.71440113
-112.242738427
-112.087996608
-113.736870572
-113.608846683
-113.937474629
-113.179718699
-113.246592506
-113.445378353
-112.53082633
-113.210168237
-112.205762685
-113.174646213
-114.231073608
-112.862172954
-113.640940614
-114.096231006
-112.221883596
-113.308375309
-112.750705905
-112.738092451
-112.981253191
-113.09351972
-113.420195009
-113.048609817
-111.75598742
-112.031602216
-111.848663604
-111.780245326
-111.744072863
-109.642155782
-106.542359244
-106.030225651
-105.334821958
-108.764461176
-110.848405694
-112.71797352
-111.510536125
-111.683410025
-113.108415582
-113.281704516
-112.813123977
-112.84769886
-112.309038161
-112.319762984
-113.31766103
-112.540705481
-111.95323608
-113.391587787
-113.767960733
-113.874320123
-113.031635158
-112.844422317
-112.859307387
-112.630158606
-113.647008702
-113.754454807
-113.60715373
-113.096632765
-114.059719063
-113.877031359
-113.255860611
-112.169061673
-114.256539199
-113.350560077
-113.169438694
-112.373149777
-113.854447856
-112.910305143
-112.788098007
-112.839810443
-113.57903501
-113.482923041
-113.266613119
-111.879855387
-112.430491491
-111.816777717
-110.964060051
-110.967533307
-106.62143787
-105.087960813
-106.380578487
-109.738980408
-111.122247722
-111.195590454
-112.53289067
-112.940796532
-111.738716063
-111.741053026
-112.221847361
-112.479905073
-112.660835832
-112.636462145
-112.427377846
-112.326554597
-112.880435357
-112.946334622
-114.000304736
-113.324099754
-114.272472262
-113.785775442
-113.984596811
-113.364740361
-113.442792217
-114.164221854
-113.598038993
-112.959158663
-114.015558345
-113.993694532
-113.193709994
-113.054917283
-112.992711343
-113.877705092
-113.681381198
-113.720068352
-112.920565113
-112.384612224
-113.054704585
-113.112908517
-112.285562506
-111.545837663
-111.687455377
-112.315504007
-111.392854902
-111.433045725
-110.199435272
-108.521623191
-106.658636203
-103.90001001
-105.349429405
-109.892304411
-111.118246902
-112.016858304
-112.171788024
-112.379629527
-112.354228137
-112.718460623
-113.211762924
-113.743269273
-113.634826719
-112.166238815
-112.271678996
-113.672006925
-111.701470424
-111.938043143
-112.503780387
-112.211262761
-113.209018606
-113.100306523
-113.413159431
-114.145473516
-114.058375383
-113.596975029
-112.811340861
-113.846031432
-113.46398099
-113.070375499
-113.08224582
-112.203385898
-113.304845965
-113.576553916
-113.638373702
-113.518377718
-113.605318289
-113.241023128
-112.688573593
-113.086327454
-112.852976188
-112.381036462
-112.360192342
-111.704475427
-112.534863589
-110.975138775
-111.753956502
-109.548558016
-105.976537244
-105.210744626
-107.423377588
-109.439246733
-111.287952399
-112.385461131
-112.552987007
-112.63909513
-112.488875782
-111.50674299
-112.646618605
-112.999274539
-112.879568684
-112.463296226
-113.290999901
-112.997490538
-113.328930393
-112.53420408
-113.369513899
-113.059815404
-112.810229473
-112.739866522
-113.836275279
-113.141506013
-113.876271425
-113.801286763
-113.781272926
-113.415006463
-114.042546072
-113.373058853
-114.336049134
-113.748453456
-113.927972666
-113.770800703
-113.713590399
-113.518711626
-113.547827705
-112.876880836
-112.977687358
-112.325663144
-112.761526902
-113.118032859
-112.109166828
-111.930273424
-112.597606329
-111.673039477
-110.03585507
-110.151036503
-107.035120767
-104.644182765
-106.355871648
-109.811155677
-111.611952322
-111.120519852
-112.793947049
-112.200834038
-113.063196239
-112.667788907
-113.091960613
-112.773480785
-112.721959844
-113.274995791
-112.860153237
-113.352058882
-112.830755987
-113.787301882
-113.4593395
-113.880975411
-113.398284409
-113.019696732
-113.901692273
-113.41323094
-113.095157929
-114.226514283
-113.630766349
-113.913830808
-112.617762579
-113.706077895
-113.855638236
-113.070110783
-113.628169922
-113.719070793
-113.269142531
-112.66322473
-112.87828375
-112.446217124
-112.716198032
-112.681294242
-112.987725993
-112.546292562
-112.914888198
-112.187452008
-111.210314811
-110.968747628
-111.074737424
-109.43342002
-107.698354629
-105.548097609
-106.769366302
-110.296290024
-111.581163875
-112.391169393
-111.727058306
-111.773768342
-112.97050106
-111.533484247
-112.554444136
-113.7770352
-113.35018503
-111.729018159
-112.145825919
-113.179749502
-114.246913086
-112.649708131
-113.21212662
-113.597594475
-113.164006607
-113.477630024
-113.327009134
-113.498603994
-113.681459567
-114.034841026
-113.623698597
-112.288854073
-113.023025869
-112.331705794
-112.903588571
-112.759581032
-113.775534505
-113.332436831
-112.150174683
-112.885690077
-113.332865656
-112.716910872
-112.588935705
-112.803822847
-112.985379199
-112.968782827
-112.489494809
-112.74156669
-111.536676214
-111.160545217
-111.202353739
-111.032614342
-107.359588077
-106.290217212
-108.29584589
-109.928252312
-110.726035559
-110.927330175
-110.895853997
-112.151232089
-112.779855884
-112.931516106
-113.447711779
-112.978905185
-113.450292105
-112.243962307
-112.444051067
-112.768969002
-113.629494362
-113.792266993
-112.339906077
-113.401499365
-112.730794879
-112.966637457
-113.423012695
-112.895523061
-112.734836739
-113.468250403
-113.487201867
-113.706474772
-113.231089603
-113.859532159
-113.358810767
-114.006752107
-113.047083477
-113.969272067
-112.926021274
-113.237382428
-112.940742112
-112.428108032
-112.652328065
-113.638730202
-113.235329843
-112.521006656
-112.953951981
-112.26671429
-111.865864859
-111.498942682
-110.341761062
-108.697389733
-107.033292287
-105.339054477
-107.346252988
-111.035907222
-111.174102767
-111.680000824
-111.743290637
-112.328636152
-112.300535629
-112.237862552
-112.423427504
-113.058948936
-111.375323406
-113.633330136
-112.202766978
-113.942254223
-113.083598574
-111.806134147
-113.341113031
-113.014430845
-112.912989816
-111.793016747
-112.620029329
-112.348821216
-112.763489318
-114.397725744
-114.736189122
-113.843064819
-113.450887043
-113.14137452
-113.405341767
-113.200291751
-112.805755486
-113.107355983
-112.872088986
-113.656978171
-113.783608083
-113.322350392
-113.218413556
-113.728330621
-112.239873241
-111.848462284
-112.984450888
-111.355917855
-111.344345022
-111.292291701
-111.470429697
-109.583842361
-106.780934265
-105.579099199
-106.924022118
-109.679808537
-110.984846233
-110.740822397
-112.741514338
-113.428750984
-113.033136621
-112.278642403
-112.842139897
-112.742932502
-112.54317107
-113.328603111
-112.891238231
-112.413689736
-111.639452778
-113.859852528
-111.861532307
-111.05574078
-113.247634484
-114.322169812
-114.385916132
-113.173316886
-112.88533084
-113.816116094
-114.045504789
-112.560793577
-113.1735244
-113.261909858
-113.775139746
-113.645362071
-113.094256194
-113.092878378
-112.64940097
-112.85487214
-113.041728996
-113.117770081
-113.512310572
-113.405634216
-113.636459778
-113.219044284
-112.022892151
-110.906750138
-111.955052277
-111.702521938
-111.195841963
-109.916011488
-107.600613318
-105.733030074
-107.907028292
-109.960420285
-110.987701914
-111.571218672
-111.700300847
-112.038262531
-111.7047158
-113.000009781
-113.169818941
-112.032625148
-113.735093842
-113.358837303
-112.95957325
-112.848469006
-112.52680519
-112.87808451
-113.310720063
-113.475551728
-113.553814887
-114.120660308
-112.479658277
-113.298690226
-113.927931192
-113.595591315
-113.83711473
-113.6405031
-113.129406661
-114.038899062
-113.178730663
-113.750829112
-114.177148403
-113.278906834
-113.110100646
-112.937253651
-111.258250577
-111.64762382
-112.237685008
-112.782864398
-112.241023191
-112.708699814
-113.26902179
-111.890748857
-112.135321432
-110.513508284
-111.445529272
-109.391557885
-106.671139089
-105.908195565
-107.562755635
-110.383109315
-111.56206697
-112.006119451
-111.969562634
-111.181145514
-112.500671025
-112.339092763
-112.176674671
-112.915470937
-112.695335405
-112.077269247
-113.737599961
-112.795077959
-113.07571371
-113.368513904
-113.396389215
-113.030684209
-114.14609119
-113.850881549
-113.169205154
-112.79258952
-114.067800463
-112.40861306
-111.954858356
-113.265764723
-112.562674104
-112.848185513
-112.513390988
-114.006836077
-113.06851602
-112.862337871
-113.283712257
-113.517201696
-113.029464077
-113.341217464
-113.466935615
-112.354993
-112.310707852
-112.565145426
-112.612972728
-113.524303959
-112.32655291
-111.652377579
-111.243390689
-109.980936809
-107.849908349
-105.807030122
-106.807093003
-110.440224257
-111.470037377
-112.31345464
-112.285271692
-112.219753136
-112.198252881
-110.924714272
-113.118191992
-113.108950933
-113.054520628
-112.300074767
-112.654269035
-113.176571812
-111.790597972
-113.33806981
-113.805664926
-113.139926737
-113.347287833
-112.722494341
-113.602133595
-113.482730591
-113.729522817
-112.640163933
-113.065173843
-113.912740576
-113.872329715
-113.85386502
-113.558684886
-113.109027302
-113.378354845
-112.707158329
-114.335254596
-113.345802622
-112.88901251
-112.810648945
-112.022507337
-112.159246345
-113.319617603
-113.501990093
-112.49334688
-110.831351193
-110.837127892
-112.137745577
-110.804509137
-110.689565238
-107.21074944
-105.948397685
-107.223266198
-108.835409787
-111.191467221
-112.526979053
-112.326285995
-112.296906736
-112.231368239
-112.842882835
-112.564987852
-113.214741655
-112.642901877
-113.14327198
-113.239106217
-112.306648868
-113.024628186
-112.716327597
-113.55694059
-113.811695085
-113.426349908
-113.882681025
-111.988764355
-111.446398258
-113.526460881
-113.862946955
-113.595500018
-114.304021054
-113.690159499
-114.201257926
-113.491913848
-113.233437481
-113.997386558
-113.539129606
-113.115940387
-112.902275322
-112.627979882
-113.797353312
-113.430395804
-113.064355898
-111.720890512
-112.718454345
-112.466030456
-111.174149352
-111.179538127
-112.568945322
-111.874847056
-109.49449851
-106.795306431
-105.391027319
-107.494706346
-110.547717238
-112.055061801
-111.915792833
-112.146435157
-112.56282518
-112.31102492
-110.388857842
-111.604449251
-112.932354412
-113.13217383
-112.727961374
-112.422054374
-113.543379347
-113.464694899
-113.892060108
-113.410572913
-114.199429273
-113.789203126
-114.155217754
-112.769318368
-111.406218841
-113.428510034
-113.883301547
-113.860945416
-114.414010027
-113.215831925
-113.092210966
-113.297553216
-113.993271512
-113.510196562
-113.337067233
-113.164543126
-113.404657012
-112.763612838
-112.948965724
-112.905022116
-111.866759026
-111.595906616
-112.226839501
-111.672349471
-111.594869478
-110.358318183
-111.23920109
-111.941969665
-110.730973091
-106.388602265
-105.562208263
-106.908055299
-110.123362961
-111.295204987
-111.212158414
-111.890131112
-112.414289184
-112.49288964
-111.242009041
-111.99186372
-113.059850162
-112.171026753
-113.743419377
-113.262292428
-113.370222315
-112.290553168
-113.588403194
-113.761264499
-112.642958134
-113.287229092
-112.409965435
-114.186525664
-113.95268444
-113.709633926
-113.961079235
-113.771760324
-113.409843162
-113.839677567
-113.300315646
-113.682697988
-112.878560019
-113.426690726
-113.74363636
-113.491243105
-113.250299379
-112.47195943
-112.609018168
-112.837743017
-113.217528122
-112.017919256
-112.500700179
-112.135870743
-112.846586498
-112.955232981
-112.143691669
-111.277665723
-110.183284783
-107.470819252
-105.435529956
-107.388032607
-109.976854738
-111.212190787
-111.866395995
-112.518494714
-112.944941072
-111.380763188
-112.683992295
-112.444580864
-112.480003655
-112.8270639
-113.799371697
-113.364469509
-113.781584743
-112.791044639
-113.601037854
-113.412417112
-113.334108127
-113.51425882
-112.812473291
-113.885535675
-113.576821223
-114.700428002
-112.440149966
-113.40208463
-113.256577899
-113.822418889
-114.296609736
-113.883614497
-112.75619406
-112.90878805
-113.124775782
-112.247030642
-112.782360273
-112.929965995
-113.372378739
-113.639796685
-112.492600734
-112.261054167
-112.981069572
-113.117537683
-112.708979137
-111.08054693
-112.132663051
-112.032370969
-110.894326951
-108.068164965
-105.970269795
-108.016092299
-110.158437335
-112.667849138
-112.765669908
-112.960497039
-112.695945995
-112.47168238
-112.409782434
-113.540677528
-113.089518211
-112.87300277
-111.779043636
-112.200117807
-113.57896297
-113.421190912
-113.927472085
-113.416096584
-112.945379597
-113.409860917
-112.743028326
-111.965851771
-112.894111876
-114.01849773
-113.754256972
-113.595745893
-112.776723685
-114.161703767
-114.06235533
-113.814056167
-114.383962814
-114.153153996
-113.665412814
-113.421082368
-113.961735647
-113.511801148
-113.721971559
-113.399412678
-112.989611339
-113.688406389
-111.725824516
-112.091095391
-112.487225124
-110.83276869
-111.82247661
-110.54808468
-109.596408968
-107.429489381
-105.958383668
-106.558159401
-110.06503003
-111.723215257
-111.124262307
-112.432154606
-111.820162701
-112.753603067
-112.084809066
-111.333232997
-113.079075649
-112.16641086
-114.017189652
-113.964006565
-113.057914115
-111.883375842
-112.353136775
-113.857481785
-113.541863943
-113.686385835
-112.166944927
-113.698416843
-114.434229988
-113.330928197
-113.057056013
-112.38788632
-112.959786415
-112.574634614
-113.863858406
-112.721388086
-114.127724248
-113.460164359
-113.385289006
-113.128639037
-113.765471348
-113.633389862
-111.949123951
-111.382091143
-112.184824571
-112.043315378
-111.957968638
-112.220600387
-112.090963381
-111.440383395
-111.865552278
-110.185732429
-110.449975681
-106.820857961
-105.460272821
-107.200679592
-110.399542772
-111.774612839
-110.907699303
-112.28912037
-112.702696857
-112.853785372
-112.498353015
-113.234431804
-113.221055185
-113.030568332
-114.159254552
-113.949901057
-112.292929602
-112.707971741
-113.684050696
-113.55344828
-113.799437067
-113.947099362
-114.464458461
-113.89795081
-113.064074752
-113.798449526
-113.152115872
-113.500637194
-114.202002077
-113.745167238
-113.28038237
-112.579162021
-113.042926314
-113.204830815
-113.61033077
-113.684646704
-113.257154825
-113.516273179
-113.806275489
-112.600724074
-111.438492325
-111.865163556
-113.39710721
-113.038393845
-111.175746201
-111.054136338
-112.038006759
-110.405742852
-109.486877143
-107.788253503
-105.871275088
-107.834231266
-110.305329952
-109.01984837
-108.601723357
-111.732931103
-112.248097979
-112.413903544
-112.479124883
-113.118387979
-112.231028874
-112.290348023
-112.935276754
-113.374044434
-112.721617963
-112.17145426
-112.300961317
-113.306927449
-112.932421142
-113.082297223
-112.666434477
-112.697604426
-112.821476812
-112.707453394
-113.023257622
-113.178087699
-113.413786579
-112.305641599
-111.322930231
-113.805743199
-113.355625536
-113.239682493
-113.688605403
-113.664999005
-112.896931626
-112.355485885
-113.340337749
-112.164561324
-112.919659448
-111.782904271
-111.494728036
-111.865754998
-111.416667975
-110.580095861
-111.533991149
-111.859668726
-110.687150198
-108.031248551
-105.895975218
-107.439577151
-109.027275498
-110.875832485
-111.003600819
-112.629422594
-111.993643637
-112.766734846
-113.055544662
-112.807494089
-112.880920708
-112.330874085
-112.694123664
-113.278570695
-113.588834137
-113.492665467
-113.140409821
-112.734970197
-112.753674925
-112.849840312
-114.158906174
-113.809202826
-113.377576755
-113.981569126
-112.912967029
-113.906556434
-114.532763113
-113.846625668
-114.314276811
-113.340261038
-112.846677789
-112.377952938
-113.015931117
-111.883680261
-111.746585733
-112.352945289
-111.785321147
-112.162357738
-112.960987516
-112.017487742
-111.804066185
-111.383100412
-112.308152985
-112.622760386
-111.559427253
-110.088036685
-110.027732926
-105.628923689
-105.054322671
-107.750439851
-109.253502359
-111.438294847
-111.805792012
-111.875594333
-111.843481853
-112.825691439
-112.693785436
-112.35703624
-113.208579097
-112.900361263
-112.47989074
-112.379625769
-113.488554555
-113.173323858
-112.840532091
-112.712316933
-112.968701451
-113.118958581
-114.193589233
-113.539708283
-112.347388396
-112.008862993
-112.77355821
-112.721084313
-113.584508148
-113.274387107
-113.385992247
-114.068995347
-114.031570241
-112.634755889
-112.785853991
-112.441125865
-112.590931027
-113.484004797
-112.826639432
-112.715628508
-113.774505756
-112.201167118
-112.624105959
-112.505865317
-112.983836051
-112.925305036
-112.703279777
-111.676963596
-110.231928806
-108.451756297
-106.421870122
-107.643277275
-110.319995085
-111.11776609
-110.91868234
-112.065844017
-112.925646677
-112.466286236
-112.742625733
-112.816921339
-113.101734298
-113.009887718
-112.330114808
-113.29539397
-112.878509055
-112.883607221
-113.108814766
-112.644445407
-113.595223424
-112.257708197
-113.925158259
-113.317852238
-113.851315372
-113.178603787
-113.672800493
-114.363475232
-113.270327481
-114.203441891
-112.836251436
-112.515817145
-113.525371168
-111.679324829
-112.310963051
-112.557924662
-113.315957909
-113.690590957
-113.026706848
-113.75348494
-113.798116134
-112.679055317
-111.510417836
-112.195967301
-112.204618751
-112.138734681
-111.700985959
-110.424935606
-109.60100202
-107.128843322
-105.473611853
-106.772500932
-110.454743607
-111.123200159
-110.830009231
-111.77448862
-111.944822857
-112.545120985
-112.348784924
-113.13586681
-113.201782505
-111.88331947
-112.011545188
-112.845316988
-113.894592155
-112.856633571
-113.596632337
-113.23084649
-112.621607368
-113.287774315
-113.928718765
-113.052314149
-113.484962129
-113.735644616
-112.811977793
-112.870997137
-113.47737667
-113.312894991
-111.577005299
-112.943508295
-113.726443724
-113.59015521
-112.716641744
-113.826288847
-113.971229551
-113.398883064
-113.036956933
-112.802057476
-113.224644455
-112.168046443
-112.461031138
-113.038383111
-111.485941708
-111.93828538
-111.643926811
-110.489773469
-110.621198228
-106.486052171
-105.347262647
-107.430190518
-110.642463821
-111.654415879
-111.514732277
-112.164367572
-111.404950901
-113.173968578
-112.651647203
-112.288588462
-113.247065078
-112.402545288
-112.582068983
-113.076051351
-113.494176603
-113.040222969
-113.245252652
-113.052233985
-111.832946202
-111.571644631
-112.27151839
-113.050893755
-113.124171166
-113.421991187
-113.084306447
-113.771443093
-112.997161313
-114.054087141
-113.652249058
-112.697019695
-113.563932301
-113.753885236
-112.258568201
-113.291896228
-113.764106201
-113.071709737
-112.327549515
-112.459186101
-112.808034694
-111.736759489
-112.451502937
-111.272616355
-111.38480967
-112.274279171
-111.784590134
-111.897093147
-110.534684223
-107.035701556
-105.287157375
-107.070149789
-110.585329777
-110.889322431
-111.903297638
-111.61845656
-111.799555699
-111.556219092
-113.013151239
-112.975588918
-111.824180012
-111.790904906
-112.809615049
-113.869386488
-113.021747293
-112.657129134
-113.839407447
-112.968038379
-113.631598901
-113.123985865
-113.006439585
-112.40909728
-113.472879023
-114.142916542
-113.434872731
-113.620080395
-113.612736404
-113.646257329
-112.2104354
-112.473357856
-114.038641788
-112.765479501
-112.961171459
-113.480019137
-113.178337729
-113.496173716
-112.073203569
-113.179478856
-112.46042938
-113.063862805
-111.084447748
-111.119025714
-112.175250596
-111.364968019
-112.268654805
-111.595189405
-109.116648969
-106.862329099
-105.05320778
-106.714391415
-109.888569626
-110.614028735
-111.430581264
-111.803042145
-112.110449633
-111.822561644
-112.939072912
-112.526812964
-112.702978739
-113.445654298
-113.594607027
-112.165629069
-113.317784403
-111.859465987
-113.532205741
-113.684330699
-113.587152574
-114.166417165
-113.834420174
-111.832348971
-110.801456408
-113.600291225
-113.897584497
-114.209684872
-113.693663219
-113.495411772
-112.996786829
-114.030182789
-114.181111514
-114.325549131
-112.343541282
-112.189817473
-112.560744429
-111.890039557
-112.389446232
-112.820394209
-112.252080026
-112.680071037
-112.1831425
-113.134033136
-112.559717423
-112.243833514
-110.574512056
-110.83475291
-108.961657905
-105.778962362
-104.687568778
-107.634573879
-109.522904607
-109.929215552
-110.959018414
-112.411056033
-112.505316739
-111.370777717
-112.460629841
-113.222385934
-113.534531484
-112.648830689
-112.742906133
-113.513417858
-112.861463733
-113.707846502
-112.607392497
-113.045028088
-113.309367052
-112.476824629
-112.29628976
-112.8878227
-113.059564514
-112.370931209
-113.819345104
-112.760514702
-113.872469413
-113.692910665
-112.31435032
-113.677317618
-113.346154674
-112.657900813
-113.407047853
-112.778604606
-113.588470428
-112.1686331
-112.847774194
-113.017789578
-112.279704519
-111.64230562
-112.116942663
-112.958899079
-112.530871251
-111.784226759
-112.740306349
-110.972444018
-109.323148484
-106.202796948
-104.515806827
-106.537539727
-110.061886938
-111.733372928
-112.435693132
-112.739857615
-112.232058936
-112.6211794
-112.577545697
-112.696836317
-111.789977608
-111.187927344
-112.523128826
-112.327610608
-111.259591739
-112.924150161
-112.868168175
-112.584548504
-113.086876974
-114.020762642
-112.65127772
-112.24520541
-113.639079428
-114.112625134
-112.78958365
-113.456609776
-111.969051052
-113.295819153
-113.315976132
-113.440300508
-113.21059798
-112.797540369
-113.180563594
-111.659394993
-112.354381982
-112.671288803
-114.171703862
-112.593883562
-113.108423662
-113.189711055
-112.521195463
-111.849203523
-111.842804381
-110.940009617
-111.293110342
-111.205559461
-110.687792473
-107.398891936
-104.80555695
-106.432315028
-109.533858379
-110.812552779
-112.118182416
-111.374271498
-112.090497382
-112.458506677
-113.326175196
-112.863095345
-112.486927141
-112.910087446
-113.193560843
-113.892791834
-112.529835018
-112.779591816
-112.919504719
-113.657608069
-113.41031478
-113.742773637
-113.221875814
-113.010745241
-112.87912219
-113.019771152
-114.649632323
-112.926539643
-112.874958025
-113.182446203
-113.516623791
-113.922624415
-113.598436521
-113.984104489
-113.042283247
-112.352415011
-111.88184066
-111.221398389
-112.900060883
-112.862589457
-111.806358659
-111.459686111
-112.651564648
-113.526863032
-112.763224378
-112.135247808
-111.10795354
-110.598675935
-110.386855182
-107.75922744
-106.178884037
-108.029448103
-109.600309186
-109.725064339
-109.641131589
-112.198793499
-112.12028035
-111.690660269
-113.149153672
-113.19928376
-113.297219429
-112.756092358
-111.791111033
-111.97855
-112.979723666
-113.244192072
-112.412850439
-113.436515515
-112.305177172
-110.996627544
-112.898484617
-113.417183075
-113.138665764
-112.987512239
-113.252409586
-113.405596577
-113.598140746
-113.640987656
-113.540939065
-113.65440543
-113.727221679
-112.74604339
-113.085405447
-112.222272323
-113.125614922
-112.844027321
-112.220319159
-112.440800541
-113.280428607
-111.977962616
-110.891533933
-111.273874836
-111.255134937
-111.344578648
-110.38967999
-110.674271088
-110.128083472
-107.537547227
-106.015064233
-107.719246419
-109.52074143
-111.343953432
-111.990974972
-111.76284245
-111.98558796
-112.375011506
-111.551651526
-112.240230831
-111.890823029
-112.650741371
-113.716480534
-113.149827853
-112.473211257
-112.111433823
-113.249313937
-113.250500585
-113.472075907
-113.457808033
-113.603771159
-112.824454512
-113.335037659
-112.731926873
-112.312825554
-112.990736963
-113.759069912
-113.842170159
-114.200079603
-111.997773755
-112.487940227
-113.518182359
-113.330203627
-112.643089525
-112.063075051
-113.131430493
-112.62233736
-112.56842725
-113.275577688
-112.912719459
-112.27339605
-112.430699216
-111.664166586
-112.338991913
-111.55893943
-110.498623996
-109.490727255
-107.358681083
-105.525641207
-107.098861701
-108.646675772
-110.510811945
-111.860899606
-112.449958769
-112.924139318
-112.874222596
-112.918190129
-112.577696934
-112.983406972
-113.27455711
-113.574362982
-113.283897349
-113.052461319
-112.453787383
-112.508012469
-113.253556142
-114.053242856
-113.095345227
-113.75379008
-114.24229777
-113.225619749
-113.699512899
-113.692466497
-113.468872389
-113.254833373
-113.233150995
-113.793899322
-113.39183101
-113.832984492
-113.74452498
-113.070945034
-113.408650271
-113.370251066
-113.316871696
-111.70969059
-112.826951815
-112.427115713
-112.934722018
-112.559664726
-112.332760355
-112.579723226
-112.058726294
-112.518093361
-111.878591729
-110.508450302
-107.505481538
-106.084515212
-108.090289481
-110.315161229
-111.963742987
-111.804777441
-112.462338659
-112.343079559
-112.048597258
-112.789777744
-112.423226683
-113.471269425
-111.957046818
-112.722165355
-112.661933329
-113.611729623
-112.675571832
-113.20371233
-113.860133049
-113.315608721
-113.09989562
-113.8648316
-114.120952072
-113.400440556
-112.166144502
-113.571373938
-113.042892089
-111.62180859
-112.424208795
-112.139191341
-113.315244306
-113.922847615
-112.844157335
-113.245033761
-113.800141507
-113.769150217
-113.142282022
-113.034810598
-113.182145802
-112.574421676
-112.923920152
-113.270535489
-111.977398354
-112.81703241
-113.145673904
-111.918244894
-111.574470572
-109.628790459
-106.390169854
-104.90589658
-107.176666091
-110.214387656
-110.448733382
-111.931232095
-112.381914405
-113.386385044
-112.791344708
-112.202188154
-111.765847824
-112.825362112
-113.384272887
-113.32823803
-112.676704883
-113.340636508
-113.80761694
-112.168742436
-112.858874034
-113.219806086
-113.637878027
-113.40324891
-114.32983686
-113.115850137
-112.595402226
-113.230890125
-114.361089091
-113.785662114
-114.557947693
-113.325545281
-112.145406429
-113.429246844
-113.068410337
-112.959672804
-113.972337031
-112.286593548
-111.600369392
-112.381035779
-113.809719871
-112.610449911
-112.466335024
-113.668099627
-113.419207146
-112.940945414
-110.984648521
-111.068243082
-111.523490717
-109.139021989
-107.136297435
-105.850743924
-107.699955443
-109.686013095
-111.621256336
-111.830767595
-112.230549582
-112.523603032
-112.504581894
-112.004152379
-112.271226516
-112.878049644
-113.606521138
-113.861033339
-113.498187215
-113.426595955
-113.093289824
-112.715297827
-112.86759022
-113.551258678
-112.734263654
-112.952964094
-113.621187317
-112.413496249
-112.565668811
-113.811703161
-113.594513943
-113.548504115
-113.823767718
-114.00439666
-113.962579048
-113.961109226
-112.259825129
-112.48761628
-113.951811068
-113.576092693
-113.229526856
-112.380758661
-113.015084432
-111.230011284
-111.858982966
-113.603484982
-113.24186837
-112.178849331
-110.808273829
-111.415353481
-110.589950547
-110.297098639
-107.587255394
-105.423718745
-107.168156636
-109.507352242
-111.304787299
-111.173659206
-112.061643924
-112.685002573
-112.329041981
-112.551060208
-112.933930603
-113.149183851
-113.270100613
-112.241699211
-113.370606822
-112.782254208
-113.495355681
-113.609848715
-113.478187806
-113.314066948
-113.832529107
-113.476853295
-113.605704705
-113.219553657
-113.793102711
-114.390370825
-113.042598799
-113.209052925
-112.792378771
-113.894676889
-113.202559451
-113.154549235
-111.834885131
-111.979288235
-113.625297896
-112.548099347
-113.59674988
-111.658176223
-113.290661561
-113.19962702
-112.046474497
-112.719928172
-112.294275229
-112.379515092
-112.1833877
-111.434097955
-111.322880148
-110.355383804
-106.331268253
-105.02304462
-106.955599541
-109.916066115
-111.069191832
-111.725188361
-111.142056042
-110.487217314
-110.957491651
-112.645400768
-112.223357648
-113.228080538
-112.349296441
-113.238017166
-113.192800746
-113.000627701
-113.531920678
-112.529989906
-112.48251896
-113.913193266
-114.131945735
-113.971529681
-113.820443552
-112.723852689
-114.117294203
-114.296442693
-113.441312374
-113.390785334
-113.695641375
-113.483800405
-112.786251234
-112.195928989
-113.672706177
-113.19671141
-113.747670285
-113.518678767
-113.071935689
-112.077493566
-111.91649929
-112.65217057
-112.732152121
-112.81450531
-112.65240154
-111.672312027
-111.874744266
-111.25725909
-110.908462192
-110.141930185
-106.846360071
-104.989570684
-106.728124425
-109.10782778
-110.320336102
-111.772191221
-111.823946161
-111.959655325
-112.555619653
-112.493866943
-112.789469149
-112.656571309
-113.106332987
-113.062498994
-111.970243697
-113.170084068
-113.225003421
-114.000955692
-113.509620474
-113.961258202
-113.859882789
-112.660840934
-112.399608778
-113.052445764
-113.297269221
-114.584790678
-113.902850074
-112.83556844
-111.892412992
-111.963165052
-112.371388402
-111.747572623
-113.243219266
-111.431052957
-113.098183072
-113.037144122
-113.004555599
-113.271265691
-112.829528605
-113.056322227
-113.138805312
-113.73371348
-112.446415889
-110.57495166
-110.267222994
-110.985663933
-111.66910904
-109.462937478
-107.585904912
-106.287092744
-107.249517473
-108.10695268
-111.415197268
-112.271251504
-112.319604633
-112.102236732
-111.680937506
-111.737993443
-112.730926362
-113.128347206
-112.898473068
-112.594094226
-112.653615156
-113.762910581
-112.73751263
-113.183135848
-112.351175798
-113.299503704
-114.003645391
-114.463131744
-114.6816464
-113.27669342
-112.930397969
-113.320911443
-113.562494035
-113.559552142
-113.392776863
-113.094141829
-113.927938999
-113.942533265
-113.942774625
-113.296465443
-112.844194972
-112.082738083
-113.194804063
-112.386776545
-112.628255509
-112.133066142
-112.256516299
-113.148819272
-112.947723558
-111.777806292
-112.634231357
-112.237417218
-111.46887143
-109.800537236
-106.885729727
-105.320246535
-107.354156254
-109.918802606
-111.125501296
-110.768361856
-112.139070142
-112.899512937
-112.637294681
-112.514395115
-111.285890193
-111.483345343
-112.936620216
-113.373170928
-114.403811927
-114.040119565
-113.644723433
-113.276409946
-112.42085169
-112.190459405
-113.609956187
-113.371903925
-113.593945537
-113.447880841
-113.421118839
-113.572276999
-113.537582681
-113.775935425
-114.04173909
-113.996947315
-113.861505658
-113.301425925
-113.584038416
-112.331574034
-112.936758857
-113.025253583
-113.240343805
-113.012744548
-111.922469924
-113.025046296
-113.013161121
-112.30711278
-111.531762965
-111.176955942
-112.494570162
-112.338227156
-111.485061438
-110.69595319
-107.948416017
-104.851363017
-106.33789443
-110.147196366
-111.154224846
-111.394178394
-112.405728119
-112.502451195
-112.883777557
-112.15467279
-112.315998153
-113.031550215
-113.560277454
-113.773504562
-113.480577666
-113.515887983
-113.060902228
-113.375239885
-113.640410853
-113.822760343
-113.501215187
-111.904851142
-112.285457209
-114.106041144
-113.565279482
-113.533479845
-113.764659727
-113.447367997
-113.685960332
-113.22245354
-113.209390342
-112.485542541
-113.079105746
-113.051853527
-112.407326426
-112.704694344
-112.880396638
-112.805804096
-113.516507509
-112.040225846
-111.884874073
-112.797732563
-112.808728079
-112.11929737
-111.191571417
-110.588253704
-110.474531755
-110.129568586
-107.596679208
-106.143861283
-107.832606093
-109.513446795
-112.205354431
-112.51783557
-111.014288061
-111.173541725
-112.286414001
-113.05971193
-112.747779441
-113.301904501
-113.352699065
-113.225278579
-113.46003556
-111.932267093
-113.599478677
-113.584869271
-112.946380161
-113.357374664
-113.144662621
-113.322335113
-113.850696049
-113.542556391
-113.380406489
-113.724362566
-113.518775569
-113.730306918
-114.405697125
-114.097578333
-112.975349899
-113.704318349
-113.223023876
-112.642114713
-113.266593845
-113.086091508
-113.559618034
-112.950929383
-111.075731111
-110.987221457
-112.96841313
-113.039033156
-111.596862988
-111.991897461
-111.979024387
-112.791652309
-111.568178052
-109.124777037
-107.352397536
-104.748743579
-106.383871284
-108.996897265
-109.366835584
-110.932645539
-111.771090932
-111.817797197
-111.185870299
-112.53571547
-112.834428835
-112.684298981
-113.622459147
-112.65403469
-113.046755649
-113.18974728
-113.633308708
-112.991563576
-112.90416941
-113.449812193
-112.917974743
-113.519990216
-112.570836522
-112.052029794
-112.99419311
-113.603006855
-113.766235642
-113.303155468
-112.699732687
-113.36916381
-113.526114812
-112.92591939
-113.275457608
-113.835172819
-112.675033571
-112.720561813
-112.525727178
-112.631422853
-113.564075885
-113.146552959
-113.148345853
-112.924780618
-112.751400988
-112.293885698
-111.414290192
-111.813543195
-111.606661301
-110.09830592
-107.419603782
-106.512268109
-107.408016241
-109.812615702
-110.582283157
-110.139288883
-111.689421914
-111.043997151
-112.177244562
-112.269278857
-112.18563498
-113.542264844
-113.122015348
-113.286796751
-113.535344898
-111.488729385
-112.82502562
-112.924880926
-112.460321844
-112.829742302
-112.887297413
-113.241404279
-114.138058032
-113.571514172
-112.855023821
-114.015533452
-113.69952586
-113.552492291
-113.614296718
-113.395604003
-113.891464945
-113.621370088
-112.556118055
-113.029096715
-113.71050262
-112.851953876
-112.718221681
-113.368887534
-113.194074241
-112.75463116
-112.406698032
-113.142309302
-113.009839534
-112.287734199
-111.921037661
-111.895765791
-112.133104549
-109.438081181
-107.29643074
-105.117227598
-107.901195157
-110.064128794
-111.600203525
-112.397669244
-112.971300342
-112.132806662
-113.010036222
-112.971439312
-112.968988619
-111.97174266
-112.622786397
-113.306424639
-112.621270407
-112.728616178
-113.75140203
-113.50340359
-113.893910472
-113.89473354
-113.270260803
-113.034014634
-113.221073843
-113.248153897
-113.40048636
-114.368186651
-114.048652642
-113.403578406
-112.42766659
-113.760359773
-113.972946832
-113.098091577
-112.725256959
-112.51139822
-113.842332811
-112.9387442
-112.768972738
-113.477656415
-112.783289857
-112.61321424
-113.044741821
-112.338759765
-111.035523676
-112.200109285
-111.989078126
-111.278800797
-112.300670141
-110.414002128
-106.853644119
-105.283562538
-107.482912528
-109.617643393
-111.699254835
-110.754956605
-111.777710829
-111.642950794
-112.506357689
-112.6906156
-113.064815048
-113.326751671
-112.957632606
-113.762394381
-113.023482651
-112.362162839
-113.725476832
-113.023577738
-113.222920173
-112.974810393
-112.862124473
-113.538921265
-113.799535596
-112.745665045
-113.547601066
-113.460962646
-112.77941166
-112.081433137
-111.739067397
-112.864925434
-112.517352826
-113.416075768
-113.762947689
-113.54177466
-112.146350661
-113.507097224
-112.953507131
-113.299641761
-113.308264471
-112.844689977
-112.009415047
-111.968357126
-112.605745482
-112.082319858
-112.261638232
-111.140852387
-110.723065002
-107.997714483
-106.708517521
-104.373570724
-107.69522354
-109.640315609
-111.877330569
-111.762518823
-111.549261901
-111.852864112
-112.693935267
-112.525352357
-113.024041314
-111.916168
-113.162169605
-112.583471461
-112.565878468
-113.421652909
-113.116621575
-113.187067436
-114.038948616
-113.183001445
-112.953414346
-113.126753232
-112.876366063
-112.453124089
-113.375364046
-112.840653263
-114.054074583
-114.275682816
-113.557053032
-113.504661746
-113.398880472
-113.022975955
-113.119390733
-113.154751771
-113.713774778
-113.33623349
-113.339084548
-113.175115532
-112.498910545
-113.430740856
-112.772177498
-113.239718721
-112.352102714
-112.403016468
-112.106007336
-112.53165301
-110.817147261
-109.138280516
-105.30140375
-103.914516306
-106.402581914
-110.750542439
-111.779275974
-111.550391213
-112.600294564
-112.722695442
-112.230504032
-111.326562355
-113.234806138
-112.975261348
-112.765930517
-112.787370385
-113.313612444
-113.825673082
-112.376298841
-112.10085063
-113.042277278
-113.146647111
-113.440321004
-114.453012696
-113.716313699
-113.218507206
-113.913404311
