-84.1947264801
-84.1963953371
-84.1406379879
-84.335523001
-84.0617482335
-84.457070774
-84.5523646817
-84.0138284687
-83.9282773487
-84.2384479699
-83.8016581454
-84.0624102897
-83.9610425517
-83.9836432877
-84.2659006753
-84.2190308613
-84.5164679241
-84.6130091697
-84.3440914404
-84.4100545805
-83.9541024244
-83.6370841983
-83.4861581583
-84.4967976581
-83.8200049659
-84.2025744334
-84.0501471975
-84.1695834355
-84.3813998001
-83.9616482566
-83.5871855215
-84.1957389267
-83.5025811934
-84.2087094856
-84.0612923169
-83.7936838024
-84.4131070331
-84.2624197937
-84.2992915026
-83.9850657195
-84.0451888978
-84.2654032692
-83.9559065563
-84.0021915063
-84.2166861611
-84.3547155443
-83.837000191
-84.2141724267
-84.1202791489
-84.1001990907
-83.9722245123
-84.2773855631
-84.3213942173
-84.0074872836
-83.7900965361
-84.2087408876
-83.8153807748
-84.2953686766
-83.9511274129
-84.2360792983
-83.9867163773
-83.8186500156
-84.252548872
-83.9583265452
-83.8510917064
-84.3260447853
-83.9384311232
-83.9558473558
-84.0257551844
-83.9186537204
-83.9001934386
-83.9799339405
-84.2366148412
-84.0048426057
-84.1143797048
-84.2425621041
-84.3434470165
-83.6925028185
-83.9645269218
-84.3182243281
-84.3094782505
-83.8189242706
-84.2291161696
-83.9473186123
-84.3618530447
-83.9180640292
-83.6567600658
-84.4830142304
-83.9531642587
-83.7584514359
-83.7564073688
-84.3305137737
-84.2375756451
-84.2460148763
-84.1830639706
-83.9503014847
-83.9028264841
-84.3339185278
-84.4682069423
-84.3552196773
-84.3527271395
-83.8335308848
-84.2200192072
-84.1280040509
-84.0771077664
-83.7240705879
-84.1431523198
-84.0143938261
-83.8690189016
-84.3440365077
-84.0903514982
-83.8897311886
-83.9703047349
-84.0283685872
-84.3048894174
-84.1081768003
-83.9425952447
-84.1997544588
-84.0030122084
-83.6799066738
-84.5762994243
-84.4116407867
-84.4152365978
-83.8552649097
-84.0189612312
-83.5619812315
-83.8044366599
-84.3544307722
-84.0576886652
-84.404373689
-84.5079898598
-83.8947196247
-83.8249130189
-84.0294647069
-84.0484184616
-83.9076428491
-84.1013894555
-84.1793391145
-84.1056404224
-83.9694265342
-83.9492356041
-84.2618689981
-84.0240144467
-84.3124888086
-84.1857601773
-83.7139518377
-83.9810273325
-84.1808473012
-83.7460610269
-84.2002733275
-83.9731763607
-83.770730718
-84.5432586535
-84.3067697081
-83.9209613293
-84.5247330014
-83.8603723428
-83.741625522
-83.9410101376
-83.7769739198
-84.2329181858
-84.3186026302
-84.2590984627
-83.9050789125
-84.1390602044
-84.381393786
-84.1802189188
-84.2098862859
-83.9149250944
-84.3954722022
-84.1639694871
-83.8196420873
-83.8234545613
-83.9458157429
-83.7558759629
-84.255409111
-84.464959032
-84.4521634047
-84.3818561218
-84.0561275018
-83.6388400056
-84.0613427655
-83.989942256
-84.1386618163
-83.6799273393
-84.3176427092
-83.9407127557
-83.6887882783
-84.1217043798
-84.3994745333
-83.9558727111
-83.6103493353
-84.1918967911
-84.077819113
-84.4387413563
-83.7863172154
-83.9589302549
-84.1033639672
-84.1891104486
-83.5618732174
-84.2586720406
-84.3236744759
-83.7665153172
-84.0272042554
-84.3893184727
-83.9456204975
-84.6419633982
-84.5019270752
-84.1314914546
-83.7074174184
-83.779766033
-84.0271356174
-83.8068656934
-84.0801202374
-84.028288455
-84.1501229022
-84.1957631935
-83.8338108807
-84.4426358299
-84.0073478329
-84.423080724
-83.7911836935
-84.0331798004
-84.4146687296
-83.7623621807
-84.3765436421
-84.0293302062
-84.2494195612
-84.0490052518
-84.0916270497
-83.6299497363
-84.3246732059
-84.4275656508
-84.4631432748
-83.6893534417
-83.5341309833
-84.2248463998
-83.9922589481
-84.181197421
-84.1887657404
-83.8794442991
-84.0697094371
-84.2270462068
-84.0776832019
-83.9683506263
-83.7976431094
-84.0627145883
-84.1307585443
-84.0601714639
-84.2079437177
-84.4581442731
-84.2517448464
-84.2841452318
-84.1990262792
-83.9981487515
-84.5825183401
-84.2521192331
-83.8878165486
-84.4149741398
-84.1304051691
-83.947575159
-84.4607210659
-83.9520111495
-83.6912887774
-84.0934694138
-83.6152477024
-84.1068036561
-84.1946710461
-84.045700648
-84.098889093
-84.2928779948
-84.0970045213
-84.0868032208
-83.9895234786
-84.1695147672
-84.2789587411
-83.8660595454
-84.4448276263
-83.9721865424
-84.5503919987
-84.1470946489
-84.1866896269
-84.2988011391
-84.4012290604
-84.5307460508
-84.1479106551
-84.0620779803
-84.1043140896
-84.1553992404
-84.1768005987
-83.4767480161
-83.7586454076
-83.8621558153
-84.2102800021
-83.7764234849
-83.8004492446
-84.1502493972
-83.9892722948
-84.2735715685
-84.1690600542
-83.7759582762
-83.6398091256
-83.9145699749
-83.6331917825
-83.7522784378
-84.30358533
-84.2794097147
-84.3380218686
-84.0253120557
-83.9157094312
-84.1442731309
-84.4114018017
-83.8909730175
-83.9944038389
-84.0457436178
-83.9093531866
-84.1976656107
-84.2624953088
-84.2024008794
-84.1763043735
-66.3922952383
-83.4472152831
-83.4710662026
-84.0699459792
-84.3903793763
-83.9472046232
-83.8352366631
-83.6893155955
-83.6782604743
-84.0170025279
-83.9781442587
-84.4503106266
-84.1892297228
-84.3851324896
-84.2501136452
-83.9366154435
-84.2248052338
-84.388027669
-84.1147395153
-83.995185549
-83.888738331
-83.9436874001
-84.0981024083
-84.1315568627
-83.9955115555
-84.3572181907
-83.971631042
-84.1046185803
-84.0080400706
-84.5129086464
-83.5002574459
-70.1447509468
-84.4107559096
-84.5008320555
-84.1094072272
-83.6524898182
-83.6062255832
-84.3849056919
-83.7207961955
-84.0207015925
-84.1103235343
-83.9714257452
-83.5870150841
-84.6023871733
-83.7881417416
-83.7138059518
-83.9826598903
-84.4512006935
-84.0048621992
-83.7196358362
-84.2791430338
-83.7355978837
-84.2761028977
-84.5682991008
-84.1794457565
-84.1069784321
-84.3523717788
-84.1188406149
-83.6755620274
-83.8601208231
-84.4235224682
-83.3981593985
-83.9886933227
-77.2106932
-84.0018705677
-83.6532617627
-84.0029273222
-84.0773379095
-84.2588304416
-83.7217265896
-84.1958354722
-84.0916889074
-83.3885456879
-83.9545811879
-83.3065779292
-83.5580630389
-83.85543571
-83.7155992745
-84.0209674393
-84.3252643565
-84.0050613115
-84.1437389855
-84.0521753553
-83.9551399058
-83.5614428133
-84.1223626352
-83.9468023479
-83.9466073294
-83.8831793539
-83.9679315007
-84.396551148
-84.2660377403
-83.9649889603
-83.7953166632
-70.7139789928
-83.9730946159
-84.3206241689
-83.8724034066
-83.8765897407
-83.9750874665
-83.9792995358
-84.222297178
-83.9534414559
-83.5881920687
-84.3309583149
-84.3340423252
-83.8417523282
-83.8842527612
-83.88650882
-84.089438345
-84.3773935592
-84.2633565178
-83.921039337
-83.8274313957
-84.2192485154
-83.8126246686
-83.8805491636
-83.9307754602
-84.0285969394
-84.1630663446
-83.8835520449
-84.0809854523
-83.8686924786
-83.8181524918
-83.730307479
-66.4799973826
-84.0691190481
-83.9482287585
-84.1167124234
-84.376885852
-84.2578000889
-83.903569664
-83.871657917
-84.1047267594
-83.8049245825
-84.2719705057
-83.8627333052
-84.4992112404
-84.3751432232
-83.6692345739
-83.9812913299
-84.4187588701
-84.5996945591
-84.3456670685
-84.0190306877
-83.9973413288
-83.8395281362
-83.969621214
-84.2728652995
-83.8502470517
-84.7008904111
-83.9692157889
-84.2379050295
-84.1050818542
-83.9718608564
-84.430854335
-56.7984960724
-83.8775508842
-83.9389767395
-84.3196273971
-84.3870968876
-84.1238885104
-84.3421662228
-83.9469656079
-84.2595200006
-84.1682524149
-84.1582909293
-84.0193945905
-84.0130752915
-84.166724633
-84.1671265803
-84.0901439641
-83.8855134676
-84.1128685511
-83.9947402694
-83.9369287167
-83.671179908
-84.4286159961
-84.0077334073
-84.1239691766
-83.7082840508
-84.1380074429
-83.7808317998
-84.3129649089
-84.6483772997
-83.9080669861
-84.2125873824
-58.3743174479
-84.0539682587
-84.5339378572
-84.1338489652
-84.0959747897
-83.872530009
-83.6722943251
-84.2055893306
-84.1325348027
-84.2506842101
-84.0887525939
-84.216752157
-84.1348787866
-84.0791081727
-83.7492281073
-84.2122117193
-84.3776176069
-84.2057580212
-84.380369304
-84.1510042863
-84.2057717396
-84.4544291886
-84.1114966892
-84.0308334151
-83.9866490733
-83.9926315778
-84.2785442111
-84.0449021544
-84.1007269547
-84.0879008289
-84.1771059176
-59.4324993546
-84.0486519036
-83.9981327914
-83.6864117524
-83.9789281121
-84.2380276896
-84.1287973072
-84.1474917988
-84.5056137103
-84.6368267201
-84.3582652531
-84.0190569308
-83.940871701
-84.0660519485
-84.3431148559
-84.1897371453
-84.0185634176
-84.2253083808
-84.055361967
-84.1997150677
-84.0614485321
-83.9202313534
-84.4982680168
-83.907349491
-84.2382270978
-83.4489026795
-84.1418969691
-83.6899446126
-84.0783625167
-84.0430999571
-83.9353534208
-67.7399510407
-84.0175993038
-84.0299142731
-84.2491576455
-84.147159173
-83.9950540477
-83.9065527398
-83.8140026828
-84.409056618
-83.9199030998
-84.3270670456
-84.0833427201
-84.1240587512
-83.9776260868
-83.5926614161
-84.0219113852
-84.3477345145
-84.403156242
-84.3306698211
-83.9813488063
-84.0831153213
-83.8012877335
-84.4865223625
-84.3972107686
-84.3655570579
-84.2531666372
-83.9422500284
-84.0111962056
-83.8944312534
-84.1024890715
-83.9990004794
-71.1030381686
-83.8430502908
-83.8438794456
-84.0059703674
-83.7439411746
-83.7023616475
-83.9743451574
-83.5780228704
-84.258489644
-83.9491212229
-84.2962695665
-84.0908848616
-83.9633581898
-84.6365113793
-84.3582321803
-84.2289061304
-83.8073160258
-84.2541823822
-84.4887407913
-84.2953765973
-84.2635221155
-84.2785158496
-84.2874757467
-83.9943991469
-83.9939118712
-84.0736613133
-84.4415180208
-83.5457762873
-83.5974578444
-84.0999774376
-82.9759125112
-84.0680697831
-83.4700008993
-83.8137241769
-83.6158713313
-84.1397011225
-84.2828348763
-83.8033834267
-84.311896047
-84.1663380637
-84.0625671476
-83.7875750078
-84.1840228588
-83.9860034914
-84.1871017218
-84.1996716352
-83.9679169743
-84.1607581257
-84.2036587603
-83.7018598631
-83.9524752418
-84.1001408265
-84.2971410121
-84.0872498022
-83.6845233872
-83.4638196699
-83.7711357844
-83.6719262247
-83.8351520187
-84.0241336228
-84.1944525365
-84.0595110631
-84.1488540377
-79.758768781
-83.7147668138
-84.2954510068
-83.9522953713
-84.0644685385
-83.995847772
-83.8497803409
-84.242197542
-83.9992200699
-83.9350628323
-84.0122853883
-84.3598598809
-83.9366604847
-83.7821313284
-83.887979738
-83.6343484736
-84.3259256952
-83.8533327052
-83.9662494703
-84.2670060373
-83.5217333788
-83.8035127935
-84.0811059441
-84.0533330654
-83.9512847349
-84.1111084768
-84.4767391351
-83.741795295
-83.6161303136
-83.6042802151
-84.0773856906
-73.2631838555
-83.8835019339
-83.9755691139
-84.032174606
-84.1493718992
-84.2860274075
-83.9893783257
-83.9556627086
-84.0874517965
-84.1049297324
-84.0868982624
-84.0977780155
-84.0664425483
-84.1526727157
-83.9107800334
-83.9502274991
-83.951979289
-84.0501527287
-84.2342175979
-84.2165307006
-83.5734828256
-83.8828240984
-84.43994144
-84.4234607627
-83.7980395541
-83.941011325
-83.823478325
-84.1047886255
-83.8723712273
-83.6826856667
-84.0077691691
-63.1466300441
-84.4153189004
-83.8786424433
-83.8324620162
-83.8160794682
-84.3003040305
-83.741381658
-83.9724857562
-83.0858995047
-83.828585982
-83.8920286603
-83.763549138
-83.9086845611
-84.1315569698
-83.922270905
-84.0351105503
-84.2613880682
-83.9889923322
-83.5161282965
-83.8191972026
-83.5367910308
-83.7350969706
-83.701704857
-84.0893279063
-84.0498042175
-84.1857714549
-83.4298381455
-84.0736785248
-84.183733903
-83.9414531955
-83.914468408
-55.9742882566
-83.767415744
-83.9715794262
-83.7441439538
-83.8399883972
-84.1713199295
-84.0560192502
-83.6784253581
-83.8362221482
-83.8519413577
-84.2818802314
-83.6602978998
-83.5064686491
-84.1880168798
-83.6841359528
-84.3446018077
-84.1153587754
-84.2209882705
-83.823418191
-84.4929416695
-83.4296882347
-84.2157597567
-84.5761579816
-84.1134315498
-84.100993079
-83.8236735601
-83.9188467312
-84.2897680453
-84.1306303605
-83.3835330113
-83.5908723315
-58.05537684
-84.1596193058
-83.9764247729
-84.26752026
-83.8827161617
-84.042578783
-84.0800814485
-83.9220352569
-84.1026536265
-84.1150927232
-84.0298811332
-84.4012105419
-83.9602485103
-83.8855858543
-84.0416477647
-84.3573235833
-84.123646951
-84.2226605883
-83.886023151
-84.4988502669
-84.2160081228
-83.8260100668
-83.9924563422
-83.918252032
-83.0053644648
-84.3922747216
-83.914602629
-83.5728676493
-84.2688555368
-84.1309049543
-83.9532799591
-60.8921645247
-83.9648059976
-83.6966101211
-84.1506399683
-83.9969799195
-83.9045015864
-84.0348321287
-84.2775415322
-84.3925780754
-83.6863601316
-84.1396834816
-83.7286090327
-84.1666153704
-83.9407918796
-84.1049802753
-83.9593504689
-84.2446164499
-84.0281472467
-83.9820632519
-83.7316190444
-83.9589058577
-84.0900070873
-84.1341756986
-84.2721450142
-83.7787564819
-84.1942940181
-84.1561925957
-84.0179579225
-84.18112344
-84.4686133625
-84.0323980545
-84.1248114371
-83.8870213926
-84.1291013217
-84.0242221518
-83.9104468194
-84.1300484593
-83.8147766215
-84.2225482361
-84.4437863014
-84.260298005
-83.7921350554
-84.0642802715
-84.4240845007
-84.0100866775
-84.1888073501
-83.7763720609
-83.769712935
-83.7050276002
-83.5191158929
-83.9199409088
-84.2826901263
-83.9245981724
-83.8521412192
-83.4650742493
-83.8420219323
-84.0133985423
-84.1782444463
-84.3065096718
-83.7962193939
-83.8322532579
-84.1204175349
-83.9025900047
-83.6011409138
-84.0483677248
-83.7846606943
-83.8377258931
-84.0700949285
-84.0473528265
-84.2654512576
-84.0266602334
-83.8312590711
-84.1822690131
-83.8065486774
-84.1067021846
-83.9095683944
-83.8881158819
-83.7440692352
-83.8902355191
-83.6873784311
-84.0573193593
-84.3695388739
-83.9158926998
-83.7400494456
-84.158209326
-83.6571873158
-83.9409775952
-84.199928743
-84.1473868553
-83.8505699913
-84.0211613058
-84.4232154531
-83.8749090724
-84.2029350347
-80.3467969926
-84.2766736459
-84.145328648
-83.8388189763
-84.1843997965
-84.285192583
-83.7980836894
-83.6134427993
-83.9738006492
-83.9620478175
-84.1523869207
-84.0731646027
-84.0727764217
-83.7335887815
-84.1219569893
-84.1478935454
-83.8541807508
-84.5577182486
-84.0162987349
-83.9116029026
-83.7168478793
-84.1871874031
-84.2187761966
-84.2423325411
-84.1686217553
-83.8764553211
-83.6696595267
-83.8577460875
-84.265966503
-84.4596127982
-84.2343362615
-68.3953025308
-84.0078595614
-84.0544616933
-84.1689818957
-83.6794928919
-83.4930343152
-84.2242470221
-83.9036536696
-84.3907098654
-83.8888147148
-83.7971030413
-84.052147171
-83.6725839524
-83.933570075
-84.0383286644
-83.9371741332
-84.0624960963
-84.4381881257
-84.2139600001
-84.3374061025
-84.0910201176
-83.9993238968
-83.7158805561
-83.759813087
-83.9342784192
-83.4675036454
-84.229384343
-83.9378587023
-84.1190825738
-83.6395712506
-83.6159940014
-54.9546988743
-84.1537340929
-84.0253293811
-83.8242275219
-84.1198465806
-84.0233333273
-84.0650607622
-84.004029421
-84.4078325205
-83.9290620722
-83.9579206639
-83.8947743209
-84.2629790774
-84.2517480167
-84.068293234
-83.626938391
-84.1069767562
-83.7748731637
-84.2183699134
-83.8178592471
-84.3580354152
-84.0497043458
-84.0751416468
-83.8097832106
-84.2791746189
-84.1682250685
-84.3430717439
-84.2717607011
-84.3930119519
-83.8268030675
-83.8428283283
-84.0789041677
-84.2102761149
-84.3741077983
-83.8990506126
-84.1515118763
-72.3165026615
-83.9175828626
-83.832727498
-84.1476987295
-84.1757750928
-83.9642885538
-83.8500152422
-83.8723498255
-83.9299533058
-83.7174617444
-84.0262919479
-84.2981081409
-84.0820061291
-83.5244563421
-83.6650856583
-83.9067004874
-84.043206802
-83.9821380932
-83.9770803839
-84.0244168114
-84.5132254606
-84.1470287314
-83.9642457096
-83.5928836592
-84.2425725301
-83.1834466253
-83.7865108183
-84.2470412251
-84.1618541409
-84.1237554511
-84.2350248014
-69.4536829747
-84.2288944797
-84.4803651347
-84.0880331181
-83.8990604706
-84.0577638043
-83.907389807
-83.8054297676
-83.9185566205
-84.0066644041
-84.1733687551
-84.1596170259
-83.780857056
-83.8699137948
-84.2757804488
-84.4007860642
-83.8195698479
-84.0062346194
-84.4490554827
-84.2948251147
-83.8582005516
-83.6520253483
-83.8157560897
-83.6543701403
-84.1047004501
-84.2722920329
-84.0191660434
-83.8110174186
-84.0497223315
-83.6092574443
-83.9768521669
-71.4978067229
-84.0950076133
-83.7429315168
-83.7833774808
-83.8570115864
-83.9478530958
-83.9838847471
-84.0989482953
-84.0438903449
-83.8175297647
-84.2502588425
-83.8043573635
-84.159945773
-84.1591905054
-83.7738799071
-83.8942355117
-83.9259226641
-84.3800925739
-84.0471774233
-84.1865790472
-83.7399489452
-84.2380066846
-83.6795006849
-83.8813575403
-84.2003848177
-83.7598914965
-83.5928493098
-84.0626890658
-83.9242694647
-83.7295474221
-83.772575784
-76.7856426385
-84.2207727569
-84.0472767377
-84.0672430007
-83.8980059524
-84.2040651325
-83.908323817
-84.2378603762
-83.8120960951
-83.9503337602
-83.7277690667
-83.4915354411
-84.3186168176
-84.1671682228
-83.7795601751
-84.0881207265
-83.7227822348
-84.1222438213
-84.0914489806
-83.9290464063
-83.6220441528
-84.06563762
-83.7018936032
-84.2790046736
-84.0870152948
-83.9952198708
-83.6771164539
-84.0344678748
-83.8133885
-83.9919019207
-84.358477331
-82.5226518076
-83.7618672308
-83.677469076
-83.8085749249
-83.8682692705
-84.1299313504
-84.0221609448
-83.8730980228
-83.3683350091
-84.1818484945
-83.8628656741
-84.1018585421
-83.6736396005
-83.8892509812
-84.0228615127
-84.024437844
-83.9058622338
-84.1045332575
-83.6068470305
-84.1073453059
-83.5847760485
-83.9533860949
-84.3445108859
-84.2811144178
-84.0551106043
-83.6881108125
-84.2201730569
-84.1999174718
-84.0244496046
-84.5389191963
-84.1964053513
-83.418347544
-83.6927960286
-83.5759631089
-83.784854532
-83.8652652845
-84.1677209648
-83.6809758342
-84.105861029
-84.0150586109
-84.0510404049
-84.0191360563
-84.0060985294
-83.9571814963
-83.8525931922
-83.7527839034
-83.9726213058
-83.9579551802
-83.9416613692
-83.9878391837
-84.0348104933
-83.7256953731
-84.0148156218
-84.0561363625
-84.0124337239
-84.3457253822
-84.259442987
-84.13125326
-84.3921817378
-84.1197366207
-83.8390416678
-84.1336784229
-83.7542225697
-71.8015891861
-84.4401515267
-84.1505523446
-83.6131547035
-84.0095531906
-83.9200264698
-84.1724593194
-83.8448574454
-83.6678972375
-84.0174706159
-83.5816924103
-84.0468459527
-83.8851921386
-84.0896560423
-84.2521462396
-83.7993684716
-83.5254774275
-83.8253620472
-83.9338741515
-83.7083932572
-84.2627022525
-84.0087685749
-84.0889412287
-83.9352530817
-84.0345593688
-84.0211588244
-83.8448967457
-84.3459359512
-83.706519942
-84.0012643179
-83.2034205029
-70.3372942949
-84.0550395524
-83.7369568582
-84.5410123677
-84.1740742538
-83.6279461746
-83.9101634227
-84.1732458377
-84.2442331426
-83.9342913933
-83.9830276846
-84.1366362471
-84.1646442678
-83.7701144156
-84.0500260161
-84.2783828772
-84.0843158735
-84.0073728527
-83.8487751538
-84.0623936268
-83.8039891908
-83.9521184465
-83.8399444714
-84.2336872401
-84.4542274506
-84.1653863521
-83.8135481051
-84.1126775377
-83.9839603086
-84.0282668922
-84.323944592
-68.3295795568
-84.3329683366
-83.8293291904
-83.8454909917
-84.3850426365
-83.5968809852
-83.9456657565
-84.2684290336
-84.0748871579
-83.4657729716
-83.6233605285
-84.2212020478
-84.0780739674
-83.8629915101
-84.3956190828
-84.4162715563
-84.3330946146
-83.9129345219
-84.3353093319
-84.0523251628
-83.8567306236
-83.9020122802
-84.1408856853
-84.1033654323
-84.3295789008
-84.0940444971
-83.6108933722
-83.7276150005
-84.2266077561
-84.2336399796
-84.0227043614
-69.2452508863
-83.9926091053
-83.950089811
-84.2919243003
-83.9620023292
-84.1774284456
-84.3282512272
-84.2909026739
-83.6991787699
-84.1899451782
-84.0889454225
-83.8332412102
-84.0852583323
-84.1220245394
-83.8164760537
-84.0049804504
-83.9501593082
-84.0229147076
-83.7739711338
-84.1614128668
-83.7051992319
-83.9567958896
-83.9830916676
-83.7794025848
-84.3997392926
-84.1702276843
-83.8849185261
-84.3813979616
-83.6256059614
-84.01087587
-84.4716046067
-57.0122668982
-83.8523206899
-84.118819569
-84.1374633447
-83.7850937045
-83.7683347056
-84.2911021725
-84.0957163934
-84.2111612124
-83.8107663296
-83.5025442008
-83.9775548873
-84.0589973501
-84.3137251027
-84.0475051512
-83.8057362342
-83.8679667541
-83.9646354564
-84.0321352762
-84.2270148508
-83.6542286436
-84.0887618254
-83.9421842944
-83.9790531387
-83.7212471653
-83.5827149029
-84.0647637511
-84.0331546205
-84.2413784023
-83.9499384974
-84.3177227117
-72.0035291901
-83.8821359326
-84.3197857244
-84.2444842674
-83.9934218601
-83.998717834
-84.0088600835
-84.1026916081
-84.0290877952
-83.8462537951
-84.2557569429
-83.8159786515
-83.8116790049
-83.9383104158
-84.3091845888
-83.8521526973
-84.6242641366
-84.1726741329
-84.0204901593
-84.1690510772
-84.3830859602
-84.2048423928
-84.089692629
-83.8898051329
-84.2051709042
-84.1231976168
-84.2284705752
-84.3973528022
-83.6750561848
-83.872840164
-83.9365232398
-79.6546833698
-84.274307282
-83.9799746587
-83.7382675587
-83.4532641318
-84.34409025
-83.1110432446
-83.7782307747
-84.269621816
-84.145761093
-83.9499271099
-84.0344270575
-84.1746635192
-84.1894065512
-84.0371445355
-83.970716583
-83.9238170809
-83.9647947775
-83.8454104674
-83.810440704
-84.031976311
-83.5320800082
-83.8080830272
-83.9555962845
-84.0784413967
-84.0334321107
-84.0690257132
-83.3673427573
-84.4518492161
-84.395766896
-84.2288936361
-83.8369125595
-62.6822061335
-83.8152965545
-83.941480561
-84.0857753439
-84.1048834106
-84.021059439
-83.7057835902
-84.3024879799
-83.8443495582
-84.3440422045
-84.1528239333
-83.9508571631
-84.1144112895
-84.3680796568
-83.7276004594
-84.2098179691
-84.1809093509
-84.207142661
-83.8665626411
-84.0752181234
-83.9434657528
-84.1515762935
-84.4417896166
-83.8014490674
-83.6745308529
-84.2443201652
-84.0779076335
-83.6737407613
-63.502446982
-84.2899035223
-83.5249460968
-84.3066953149
-84.0282982336
-84.1670949664
-84.0341708519
-84.166273146
-84.1165763921
-83.780755639
-83.950458226
-84.0764094546
-83.8028240352
-84.1349486374
-84.019747956
-83.8764006674
-84.1688694437
-84.0738845106
-84.0805045094
-84.0357694523
-84.1007400247
-83.8940680128
-84.0266755165
-84.2951506911
-84.4573678241
-83.7035832651
-83.8467153494
-83.8858288748
-84.174080909
-84.0079489691
-84.1375563213
-74.0097491104
-84.3481315472
-83.9929691085
-84.0233496186
-84.2946365419
-84.2304278241
-84.0738389172
-84.0440111771
-83.974714868
-84.0856367319
-83.600155613
-83.5321023754
-84.1205201478
-84.2227369943
-83.9618124104
-83.772833258
-83.9930373208
-84.1721021953
-84.0307347678
-83.6544681664
-84.0234760765
-83.7717699066
-83.9344302783
-83.5476195903
-84.0929277731
-84.6891306557
-83.5428790903
-83.8613042816
-84.2526960269
-84.1585687875
-84.31988745
-72.1980633686
-83.8619228506
-84.245908241
-83.7615681259
-84.0837007007
-84.1020823477
-84.2742544161
-83.9036197807
-83.9978322021
-84.2400046788
-83.5101947523
-83.9807286699
-84.0940283614
-83.5952158702
-84.130226106
-84.0909003592
-84.4081434854
-84.1012149851
-83.9505486576
-83.8717114813
-83.8091016911
-84.0038061786
-83.7312707112
-83.8078652084
-84.1911771361
-84.3238310956
-83.7296068056
-84.1082622745
-84.0251278808
-83.9997517325
-83.7477225687
-83.256479741
-83.9990142703
-83.6602395673
-84.3215962112
-84.351352171
-84.3367745444
-83.6829766575
-84.0736852882
-83.8502026245
-83.7510593759
-84.2807777087
-83.8892574508
-83.7431077826
-83.9453208937
-83.4445880064
-83.9509444448
-84.006065129
-84.1875106859
-83.9770454562
-82.9545475044
-83.7241125809
-83.8345785422
-83.8674758997
-83.8695429127
-84.0857374265
-83.8358772947
-84.0372873244
-84.2773741332
-83.8210156684
-83.9393993923
-83.4602186611
-83.6768533311
-65.4658082897
-84.2880568025
-84.284924489
-83.7778092118
-84.419732791
-83.8456321385
-83.5905928806
-84.1846748171
-84.1171627679
-83.7430751849
-84.1984793256
-84.1031818583
-84.1571494417
-83.8539331988
-83.9307324057
-84.0117894904
-84.2430043976
-84.0560208699
-83.8926024684
-84.0689447679
-84.2869477035
-83.6672502181
-84.2757010366
-83.6873569581
-83.9364102774
-84.0081720697
-84.4738431433
-83.7475397569
-83.9555114343
-83.7542165299
-84.4353201304
-63.8931122947
-83.8619859862
-84.6707537115
-83.8208287762
-83.6061100788
-83.9637914286
-84.3457757218
-83.7844653672
-83.6717937304
-84.1895141604
-83.8363895798
-84.0162442789
-83.6209960841
-84.0015209471
-84.3430139568
-84.435192284
-84.1253391639
-84.2387082153
-84.0838941458
-83.6487288753
-84.2126759397
-84.1778277381
-83.9581841311
-83.9128998358
-84.4256586475
-84.4631678509
-84.1641472923
-83.8330210005
-84.0156327491
-84.1161901701
-84.0396670654
-57.4444192421
-83.6833691682
-84.0129160674
-84.2392659455
-83.6955070817
-84.1296785197
-83.9750319104
-84.0894687287
-83.7458240949
-84.1915486463
-84.0487245008
-84.5488142355
-84.1519151421
-84.0138656125
-84.0813663109
-83.8928305931
-84.1125653074
-83.9383625447
-84.279186184
-84.1557137506
-84.1563152017
-83.909908612
-84.0245838247
-83.9782825909
-84.1252804302
-84.1231975571
-84.1862726064
-83.5767499042
-84.1474503557
-83.6200995028
-84.0341442176
-58.5523932139
-83.7906053768
-83.5957732868
-83.979710509
-84.3261715411
-83.6854052387
-83.9002733155
-83.975364555
-83.8822232317
-83.3645123302
-83.9409918589
-83.733562197
-84.1850523929
-83.8900977498
-83.9148235609
-84.1208834335
-83.8671512931
-84.3113307176
-83.9579429188
-83.7745863381
-83.4435755255
-84.3158307233
-84.4117077542
-83.9860740873
-84.2323841608
-84.1281039235
-83.5000795204
-84.218403736
-83.927168074
-84.4977580867
-84.4087343384
-63.2452248072
-83.5275057729
-84.3527100645
-83.6469932924
-84.273557167
-84.1721397119
-83.9582291744
-84.151323543
-84.0026956729
-84.5000926418
-83.9737781966
-84.1115754947
-84.115114801
-83.9070324031
-84.0043976555
-83.5857056983
-83.9571092288
-83.6294178156
-83.8345692233
-84.1204546765
-83.9423371906
-84.4006754855
-84.0744839991
-83.6240338334
-83.9656984571
-83.9928934216
-84.1032731854
-83.6247867051
-84.2966236641
-83.5314044238
-83.4228455805
-81.5032145526
-83.9588596565
-84.1007986217
-83.7467222545
-83.8714663902
-84.1953161535
-84.0865545717
-84.0841616386
-83.9183659476
-83.6110157528
-84.2545711311
-84.0674410986
-83.8967083939
-83.7779630163
-83.8460929561
-83.7931461633
-84.0613553552
-83.7219675423
-83.8486146867
-83.7625823264
-83.7881794289
-83.8418058814
-83.7381243843
-84.3268668658
-83.8230342325
-83.929177271
-84.1437036155
-83.7880573711
-83.533452497
-83.8451860509
-84.3089381208
-82.6761977189
-83.2207323054
-83.8396236131
-84.0139192807
-84.3071153521
-83.7753814136
-83.9676187952
-84.1227098478
-84.3215524406
-84.1594499762
-84.177886061
-84.1776836547
-84.146048067
-84.2107636307
-84.1910225154
-84.312758743
-83.9547532191
-83.1914315414
-83.9454434046
-84.0384748587
-84.1828236093
-83.9345692106
-83.885869639
-83.9904511792
-83.800627887
-83.6083958735
-84.2203576001
-84.2565153581
-83.6661924533
-83.7984495714
-84.1701837626
-83.7480430782
-61.5351186731
-83.7680361709
-83.8039186944
-83.9540775137
-84.2715952094
-84.0812774452
-84.0969735329
-83.870126891
-84.0468130803
-83.8045030485
-84.0801546677
-84.4831413672
-83.858250389
-83.8261690012
-83.7654120076
-84.2712741531
-83.826466383
-83.6146748915
-83.9728400505
-84.1375875916
-83.5443477131
-84.0031854678
-84.1567426119
-84.1550282601
-84.1317616733
-84.4245215208
-83.7235723355
-83.8309093053
-83.8308676989
-83.9622528192
-84.127867104
-62.57611248
-84.2012439562
-84.000733845
-83.5548492097
-83.6250231791
-84.0817790426
-84.2335423269
-84.0462506625
-83.9514859736
-84.2308497558
-84.0285970018
-83.8080481384
-83.851419052
-83.7197960122
-84.4528046552
-84.4393170828
-83.9117912917
-84.2705204299
-83.8547172013
-84.3294526001
-83.6319687463
-84.2202784201
-84.3014259333
-84.0203109948
-83.5410716252
-83.8474045593
-84.3576388992
-83.6236981803
-83.9838806914
-83.9132737977
-83.8321912324
-59.9203786575
-83.9621601183
-84.265732788
-83.4545220587
-84.0997681289
-84.1408477956
-84.123375524
-84.0799630379
-84.1793978936
-84.0936853152
-83.5330397719
-84.0627722419
-84.1382220591
-84.2090607611
-83.87250824
-83.7177783289
-84.122787285
-84.4522945009
-83.7793506311
-83.5748323583
-84.1804618436
-84.1857002563
-83.9620078089
-83.9145777964
-84.0059584119
-84.6899630291
-84.2663706126
-84.1130760563
-83.3605329149
-83.5440868166
-84.0428633644
-56.0666824331
-84.0767474482
-83.8248080342
-84.0901369504
-84.0326376895
-83.9159672048
-83.5328752354
-83.8215516271
-83.7159250582
-83.7881675477
-83.9197644709
-83.6503800719
-84.1551506606
-84.1863218185
-83.914850755
-84.1339110929
-83.8247441063
-83.9915454243
-83.8148024449
-84.484541591
-83.9897056915
-83.5387582312
-84.0939663648
-83.899618908
-84.007736626
-84.0256199452
-83.6639731002
-84.2372795755
-84.1650464238
-83.9532563634
-83.5640088233
-55.8242602609
-84.1069386577
-83.8612512411
-83.6208184519
-84.0332539164
-84.3290666326
-84.323071434
-84.026439296
-83.6313877582
-83.7884601434
-84.3693517375
-83.7574882501
-84.3087947088
-84.0221463864
-83.8260722715
-84.0228255486
-84.4499754677
-84.2726256859
-84.0474380762
-83.7809108089
-84.0660272771
-83.5673328937
-83.8951879586
-83.9557745119
-84.1632699746
-83.9596776546
-84.1001273429
-83.8548814372
-83.9279522124
-83.7124440393
-84.0417349423
-75.7275565517
-83.5381003258
-83.9808439291
-83.8355145724
-83.8885922237
-83.8121398881
-83.829975628
-83.7470853058
-84.3015587134
-83.9777738902
-84.1342209651
-84.3000646025
-83.8130366165
-84.1029704926
-83.5266984794
-84.0036130613
-84.0991186149
-83.7595232339
-83.9382309233
-83.8542097623
-83.9346362246
-83.6927185187
-83.9900384471
-83.7789511537
-83.8027944831
-83.8812788519
-84.3073130071
-83.9321960143
-83.8176018127
-83.9776655103
-84.1437701694
-82.0804519132
-84.0775054972
-83.7969937535
-84.0460043435
-84.0322394044
-83.9301527486
-83.5697594004
-84.1254196923
-84.1400897714
-84.2047000917
-84.3262625771
-84.0931879205
-84.1762739717
-83.7015351791
-83.975627734
-83.9933931057
-84.2853021357
-83.7694882171
-83.9782116876
-83.9930235132
-84.1688046045
-83.7750214388
-84.0136742528
-83.9896256591
-84.3742912085
-84.3531981317
-84.0557245733
-84.0939349927
-84.1207751821
-84.0937415288
-83.9443237875
-84.2038237152
-83.4821694487
-84.0962319998
-84.0614503218
-84.3000443331
-83.9473281355
-83.4127404631
-83.9359002747
-84.0447836341
-84.216439499
-84.1155815661
-84.2850846796
-84.0547726731
-83.960621171
-83.6818820958
-84.0092897918
-84.004756526
-83.9158392589
-84.0236162883
-83.9595227807
-83.9335986236
-83.7536404887
-84.0738652737
-83.8959198643
-84.1532910042
-84.0853094707
-84.5054811375
-83.8323439431
-83.8595187336
-84.1013989845
-84.0226886261
-84.2302546829
-63.2338556597
-83.5199160416
-84.0542745003
-84.3783685294
-83.7277722185
-83.9320271767
-84.185914418
-83.9517027186
-83.9191692405
-83.7514703739
-84.1425554743
-84.4402197402
-83.8787012623
-84.327316708
-83.8408779181
-83.9674704237
-84.2777364802
-83.4181399044
-84.1808308865
-84.0086416106
-83.7926854209
-84.3432798332
-83.8416723778
-83.7848911829
-84.1630270686
-84.0291864732
-83.8819800569
-84.3304355132
-83.8358726581
-84.3208369534
-83.7383605027
-62.4450934782
-84.0282585592
-83.9123951894
-84.2486063697
-84.0135138974
-83.7196807096
-84.0456536935
-83.7885149682
-84.1191689139
-84.1194046439
-83.8836831022
-83.6594642202
-83.5806049561
-83.9350202916
-84.3477390537
-84.1326042883
-83.880682963
-83.5360702566
-84.184369068
-83.6223540394
-83.7582167988
-83.7836784735
-83.7498061687
-84.228374495
-84.1620152887
-84.2141932341
-83.9831435576
-83.9495619557
-83.7257081267
-83.9834871452
-84.1358585159
-66.5814491034
-83.5112807259
-83.8726093332
-83.2978469199
-84.1881131296
-84.0562294236
-84.1445376155
-83.5716347535
-84.0735039857
-83.9505271204
-84.0233205745
-83.8552248494
-83.8163774094
-83.3265680315
-84.4298953157
-84.1229169016
-84.3433117129
-83.7842745889
-83.7201413342
-84.1344220138
-83.552962549
-84.0520972375
-84.0797206917
-84.0983428394
-83.9001464704
-83.9803775705
-84.2297533494
-83.9567310786
-83.7539434467
-83.6727109503
-84.1409116764
-62.3661963894
-83.9614211459
-83.5649901528
-84.0095033367
-83.6000503117
-84.010940971
-83.9538852767
-83.6954309156
-83.8129990807
-83.818241584
-83.297890707
-84.0647179641
-83.9189327624
-83.749804828
-83.699000283
-83.526176776
-83.0160820857
-84.0316374512
-83.611877637
-83.9233171015
-84.0149739407
-84.0320673839
-84.0221014528
-84.3597166984
-84.159565954
-83.8682341315
-83.9892492357
-84.2034146204
-83.9271025661
-83.6125703471
-84.0563230223
-81.1357106064
-84.0042990159
-84.3646377613
-83.961889605
-84.0887294909
-83.8468730272
-84.1017623822
-84.003583135
-83.6673623735
-83.8461065473
-83.8747739253
-83.9350108417
-84.2202157586
-84.1209639258
-83.8366581546
-83.564130974
-84.1353843514
-84.0679026306
-84.2186842323
-83.7052862681
-84.0219377544
-83.9031991244
-84.1956893872
-84.1082633037
-83.933561061
-84.0836810723
-83.6156204179
-84.1571819432
-83.8775644799
-84.3548124953
-83.3187798238
-82.7008465332
-84.1651437112
-84.2025513546
-83.9637914632
-83.5023901884
-83.8769337637
-83.9574967434
-83.3798469159
-84.0708390408
-83.7251552091
-83.8748605665
-83.9035493711
-84.1628397017
-84.1276729401
-84.0039701507
-83.7476677997
-83.6833907309
-83.8099446669
-83.5613921048
-84.0366972869
-84.2270244761
-84.0968289079
-83.8948430703
-83.8253727416
-84.0899589642
-84.1172583292
-84.3194766073
-83.7277803098
-83.9737585354
-84.1916443571
-84.236629097
-84.1723522622
-83.2696329926
-83.4093057772
-83.8816993393
-83.9004070453
-83.8574163713
-83.8750218521
-83.7697246851
-84.3472661655
-84.0152227238
-84.2190506984
-83.9076098673
-83.9619839041
-84.2103172853
-83.9637465202
-84.0013553698
-84.0548544428
-83.98694618
-84.0673759185
-84.4723446331
-84.1661360513
-84.0581916964
-83.9914636848
-83.6639249051
-84.0278899834
-83.9662730472
-83.9901663854
-84.0494241403
-84.151162595
-83.9415612678
-83.7843126322
-84.1918180002
-70.4227077194
-83.8960116609
-84.1100948807
-83.9772397178
-83.760939964
-83.9334953702
-83.8460755344
-83.8229535176
-84.0682589195
-83.9010875819
-83.8119521208
-83.6744673364
-84.0078418762
-84.1235311755
-83.7587896614
-83.683314189
-84.4016418087
-83.2537599246
-84.1269752479
-83.9212078881
-84.1684778279
-83.5806196403
-84.0010315998
-84.1871278922
-83.9924549761
-83.5633356538
-83.7738983828
-84.3199603153
-84.101997153
-83.8767073437
-83.8297920638
-58.8252175443
-83.9604516343
-83.6264988465
-83.9435493368
-83.968481904
-84.3304410928
-84.2959230301
-83.9349019799
-83.5739457048
-84.3896347452
-84.1322968003
-84.0356039177
-83.9901342543
-83.9382695767
-83.9332810017
-84.0421360872
-84.0273559984
-84.1581230058
-83.756817525
-84.1935792483
-83.7570077486
-83.8444353387
-83.9907514698
-84.2643189597
-84.115926065
-83.6284512432
-84.2832758682
-84.0658021186
-83.9704868506
-84.053580741
-83.8673982884
-56.3559518352
-84.025851639
-83.8727916578
-84.1735789231
-83.2816821631
-84.0212403754
-84.052559214
-84.3557825163
-84.1000449981
-83.7361778817
-83.9770152239
-83.7517324382
-83.8218894818
-84.0589895885
-84.3284067479
-84.2017122315
-84.291743217
-83.6741167699
-84.0970528437
-83.8119760472
-84.1315896084
-83.8306630673
-84.2094386272
-84.1252566498
-84.0831685287
-84.0583932692
-84.2413943965
-83.731248274
-83.6024193864
-84.1976279389
-83.5038976119
-58.8233222109
-84.0741285496
-84.0561502501
-84.2169670474
-83.8372735723
-83.9534233748
-84.5700391681
-83.3167980766
-83.9143990462
-84.3582464608
-83.7377863289
-84.3992000242
-84.436962089
-84.0794511611
-83.8566552887
-84.3220944519
-83.8885354119
-83.8348555614
-83.9435682297
-84.1702248914
-84.0818626588
-84.0605254888
-84.2517332604
-84.0826283738
-84.125609171
-83.9387486822
-84.027364809
-83.6699517023
-84.1603236472
-84.250957125
-84.2191363979
-62.2020665325
-83.6376987834
-84.1661555562
-84.0738053135
-83.8888542949
-83.8939988706
-83.5902394683
-84.049466621
-83.6237811378
-83.9390165758
-84.1101933
-83.7304315484
-83.9682437807
-84.1681268837
-84.1183232707
-83.4492847332
-84.014193021
-84.0988947629
-83.9386862264
-84.2262271228
-83.949885777
-84.2130241837
-84.1431647994
-84.3289588828
-83.9076207151
-84.019679315
-84.2067206249
-83.8605514643
-83.9464610047
-83.7151505681
-84.1681785792
-83.0351214218
-84.067165257
-83.8545415918
-83.7007957014
-83.7278713875
-84.2247962434
-83.6504188434
-84.0014855161
-84.2330409904
-84.1167184079
-84.1692737234
-83.8632229704
-84.3691627672
-84.0794661985
-84.0151347076
-84.3344127484
-84.2325577087
-84.3100503301
-84.1606316885
-84.0353798069
-83.9621998318
-84.0114028635
-83.6204373
-84.1381555151
-84.2318745217
-83.6812903201
-83.8926354683
-61.9669493069
-84.1531535507
-83.5051287474
-83.7376433753
-83.8202422399
-83.7191624572
-83.8981811116
-84.3220070052
-84.2957315265
-83.9919187311
-84.3764916344
-84.4526540919
-84.1076103629
-83.7332858543
-83.6897963067
-84.2175434815
-84.2022934725
-83.688982674
-83.9974739024
-84.2226507846
-84.0419188959
-83.8441068002
-84.01833613
-83.8367421627
-84.2139293543
-83.9445910926
-84.1352050047
-83.9480292008
-83.8111193992
-83.8537086928
-83.9228536833
-66.9299302857
-84.1723028491
-84.1650646872
-83.9089946906
-84.0542876782
-83.8205425325
-84.3274917354
-84.0850766234
-84.2642271512
-84.016524343
-83.8448407641
-84.008620939
-84.2290225554
-84.2289228687
-84.2081555724
-83.7166838614
-83.6974051883
-84.0962509494
-83.8820337975
-84.064373995
-83.8427014325
-83.9168088856
-84.0467032901
-84.0971279979
-84.017426245
-83.8312263438
-84.1425771046
-84.5427920167
-83.6345694557
-83.8528205463
-83.657145368
-72.7101651792
-83.7906236857
-83.8037046226
-84.0235405268
-84.1758182246
-84.1606441744
-83.8230521919
-83.8064314667
-84.1107040715
-83.6809194227
-83.9887920309
-84.087808269
-84.5435490526
-84.0491660913
-83.7787138937
-84.1205630679
-84.209303727
-84.0969854633
-83.9695256058
-83.7656582854
-83.9311537591
-84.3056281838
-84.1147613849
-84.1934666425
-83.7461765715
-84.0281767015
-84.1861891893
-83.9343531615
-83.9837128304
-84.0809943476
-83.8079582812
-83.7500747141
-84.003226442
-84.434654366
-83.9590331554
-83.7683827535
-83.6746222887
-84.1890713946
-83.912948919
-61.8912494363
-84.472302916
-84.392524399
-83.8597122631
-84.4317566865
-84.0451402125
-84.0763595301
-83.8640235334
-84.1141695902
-84.201759031
-84.0173257692
-83.7213461599
-83.8900684159
-84.3040367406
-83.9906146939
-84.1387015614
-83.7650899326
-84.1523816675
-84.1316949092
-84.0420820521
-84.2851181408
-84.2378316171
-83.9982502277
-83.7949491096
-83.9476548216
-84.1117955508
-84.0436038259
-84.2091228348
-84.1599594246
-83.7575639977
-83.5906040399
-55.5863541067
-83.9981170174
-83.8786268107
-83.6599580638
-84.2294307467
-84.3028013544
-84.4172732698
-84.2868939971
-84.0842254689
-83.6275974035
-84.0922324438
-83.4190641699
-83.8180646372
-83.8693861016
-83.8711683849
-84.2655554309
-83.9517165459
-83.9235733677
-84.1949183645
-83.8866066005
-83.892257546
-83.5089503595
-83.8342272266
-84.1675931925
-83.6102129566
-84.0581549401
-84.1924665421
-83.9033611
-83.9398720654
-83.864509501
-84.1711267163
-59.8622237139
-84.0846869193
-84.0090772863
-83.9877130987
-83.6283793951
-83.608327826
-84.2923632992
-83.9192036358
-84.0365567622
-84.2911744079
-83.7411852039
-84.2486649701
-83.8044898379
-83.9053543905
-83.8060657971
-84.2721369099
-84.1005859681
-83.8432989093
-83.955417313
-84.0623434101
-84.0605200281
-84.4321400369
-84.2007976519
-84.0320798611
-84.3994979313
-84.3575779258
-83.976997224
-84.1486449055
-83.7478556113
-83.94120808
-83.8484457302
-62.082978529
-83.6189720342
-83.3057536121
-84.0740474881
-83.5136190027
-83.8328775054
-83.7157228386
-83.9672747235
-84.1148644235
-84.3424415257
-83.5232747272
-84.2376925234
-83.9355605819
-83.8956682096
-83.6764276301
-84.257236078
-84.1731170247
-84.1209589307
-83.9419606776
-83.9280803729
-83.6414490265
-83.9686705857
-84.1828257894
-84.2372409748
-84.1219212159
-83.9960075582
-84.0471697269
-83.9965594959
-83.5996326186
-84.0659242212
-83.7339416729
-75.2953434425
-84.1931748403
-83.9860683139
-83.9539064681
-83.9918093351
-83.9787755103
-84.06743205
-84.1481854299
-84.3817588295
-83.8882767356
-83.7419855969
-83.8747885594
-83.876639182
-84.1143995758
-83.3129272732
-84.1135065909
-83.9978740207
-84.2312550052
-84.1209668326
-84.2890862618
-84.0540049295
-83.427748207
-83.7492837212
-83.8912084254
-84.2196538167
-83.9906187057
-84.060779231
-84.1880869983
-83.2666115988
-83.8634589808
-83.8709043521
-77.4344953656
-84.2234507929
-84.0565845842
-84.0427032295
-84.1122421199
-84.0059162327
-83.8318125406
-84.2556642154
-83.8597617631
-84.1066004829
-84.1208927171
-83.8340510997
-83.8097131664
-84.3992746874
-83.9034223373
-84.0593056016
-83.879533553
-84.0694520939
-84.1616987911
-84.1073000685
-83.9521524977
-84.0541484584
-84.2096570285
-84.0835662844
-83.8697758176
-84.2547931435
-84.2484023617
-83.9908343373
-84.5447236586
-83.9090256455
-84.0759195852
-83.8230702229
-64.3483932543
-84.3050345103
-84.1493256311
-83.9938895567
-83.8074442866
-83.9564035649
-83.9471605242
-84.0422761439
-84.242638867
-84.2284824187
-83.9094789246
-84.1368456419
-84.1821889269
-83.9253443895
-84.3638486679
-83.9479304052
-84.1590669645
-83.8721823099
-83.9289038688
-83.7073794203
-84.1009713541
-84.1674401969
-83.8991316348
-84.5528775867
-83.8537176895
-83.7248702351
-84.0602600304
-84.0625798607
-83.984035638
-83.5904279597
-84.385477525
-63.6213812545
-83.5875846878
-83.9039477758
-84.1334933139
-83.629132697
-84.0594562874
-83.9341135569
-84.0294823882
-83.8598661626
-84.1604074538
-84.1319573341
-83.8540626516
-83.8712381137
-84.1499625191
-84.2660658569
-83.5197929826
-83.8192215952
-84.1260890553
-83.7573048803
-83.9826566864
-83.6834290313
-84.3045114628
-84.0174990104
-83.9378388145
-84.1516441136
-84.1484773471
-84.2387119677
-84.112207829
-83.8181945486
-84.4369414118
-84.3916386039
-62.6747577742
-83.2556721302
-83.7945724071
-84.1745929831
-83.8909790468
-83.6384231985
-84.3742017054
-83.9214492281
-83.9989743225
-83.8165891652
-84.0391095033
-83.9082493931
-83.7587290253
-84.1620089721
-83.6384500673
-83.7560175624
-83.8622756377
-84.1138274314
-84.1768089796
-84.0319214355
-84.2449936731
-83.4993135622
-84.2050804248
-84.199243328
-83.9029352162
-84.0307875255
-84.0538795134
-84.5938611552
-84.1429728214
-83.8556788214
-84.0470863544
-59.3206113055
-84.1799876593
-84.3041502305
-83.9440587902
-84.0860752788
-83.875538386
-83.9146313964
-84.0335450513
-84.1324457486
-84.1082742007
-84.2301552508
-84.6690497194
-83.7532057002
-84.0139062284
-83.9522414719
-83.6908928317
-84.1402468353
-83.9035810884
-84.0020979279
-83.8519877681
-84.1337690622
-84.041999031
-83.6687721265
-84.1229095411
-84.0707539708
-83.8751748219
-83.7480628528
-83.5741487187
-84.0673240296
-84.0960979536
-83.640304299
-58.1364658995
-84.1398580192
-83.3319123262
-83.8462051292
-83.908831468
-83.6815034076
-84.3736865602
-84.1020296559
-84.0401662603
-84.3767429447
-83.9220678894
-84.1580581277
-83.4905594917
-84.1197743277
-84.1829412812
-83.651393664
-83.9892627722
-84.0809400512
-84.4723231787
-83.6615173581
-83.8577737553
-84.1790678279
-84.0968949193
-84.2679138991
-84.2405866215
-83.8042344487
-83.9083539866
-83.9421941848
-83.6555342701
-84.3401365213
-83.9370858198
-66.8219856051
-84.0128934281
-84.2097870451
-84.0735210984
-84.1750722244
-84.0177957606
-84.3691616314
-84.1297058723
-83.6647433685
-84.0568156073
-84.2040466458
-83.4861205586
-83.7876957464
-84.0639882146
-84.4246275867
-84.3873774857
-84.1372113809
-84.1162430812
-84.154911131
-84.1257310672
-84.2887932806
-83.8935972701
-84.0000419083
-83.7284294355
-83.8810726203
-83.815275453
-84.0126731483
-83.7913939224
-84.0048269427
-83.8539127791
-84.3898184551
-77.4212413487
-84.1116880411
-84.2176755952
-84.1865705273
-83.7985460354
-83.6441676139
-84.1358729945
-84.0950689623
-84.1006014484
-83.8310289741
-84.3307707903
-83.9747909457
-83.9093109582
-83.8549916659
-83.7989331095
-84.1903087333
-83.9110359864
-83.8754224273
-83.1719625516
-83.8869806387
-84.3183773581
-84.4713395341
-84.1272950922
-84.1836891699
-84.2470334129
-84.1473478682
-84.1409107693
-83.8663684037
-83.9400703894
-84.227149576
-83.9985353758
-83.7654459187
-83.8432748117
-83.9731773999
-84.1628508851
-84.4884322523
-84.0058309196
-83.8377500076
-84.3741315957
-83.6435803509
-84.2859693487
-84.3103418807
-83.6375260322
-84.0215585743
-84.1968858145
-84.1134454849
-83.8689116799
-84.0920456507
-84.0500415879
-83.7077935642
-84.1779808277
-83.9606515
-84.1286712985
-84.0347118827
-84.0680517212
-84.063761682
-83.8528966091
-84.0591884767
-84.1996611092
-84.2204127988
-84.2495018466
-83.9201136697
-83.7887286483
-61.4598570616
-83.9996738605
-84.0133208761
-84.241196213
-84.3336834835
-84.4872996416
-83.8100294682
-83.7973229114
-84.1888069827
-84.1797506074
-84.1934700251
-83.4594328779
-84.1212016893
-83.941293591
-83.7719667618
-84.4334627782
-83.9763947109
-84.1002897357
-84.5316641949
-84.2621034266
-84.022069158
-84.2437687937
-83.8658130689
-83.772539268
-84.0164541267
-84.3022380311
-83.9813731968
-83.9419218754
-83.2406905301
-83.9738975665
-83.7541263198
-64.0709581238
-83.8050201168
-84.0143252656
-84.020710016
-83.9235158408
-83.8532644102
-84.1644975934
-83.9483398093
-84.3049142734
-84.1767955882
-84.2553508667
-84.0962893236
-84.154202145
-83.8397426661
-83.5332720637
-84.0531719582
-83.8999338076
-84.2017771235
-83.9683765592
-83.947970277
-84.1535997064
-83.9005108465
-84.1448125082
-84.1091883233
-84.0246503842
-84.1697631747
-83.6910204627
-83.7744615926
-84.1319319009
-84.0537031115
-84.1717764836
-58.146243152
-83.9225051689
-83.792923889
-84.2840095426
-84.2447352577
-83.8211952275
-84.3461716928
-83.6642903372
-84.0807668037
-83.750344608
-83.9000161991
-84.0123286945
-84.0014122082
-84.1476603374
-83.6504823256
-83.958364344
-83.9705326896
-84.0487860241
-83.9110065246
-84.1652179436
-83.756117671
-84.1458768376
-84.0059400542
-84.0015630348
-84.0424978348
-84.3085951882
-83.9961377109
-84.2186113495
-83.7836989382
-84.0278619613
-84.4219545199
-58.5671757815
-84.2873024233
-84.2847274673
-83.8963881872
-83.7697894759
-84.2291896052
-84.0015541576
-83.3299361714
-84.3512748497
-84.2628473685
-84.3635568496
-83.6948485954
-83.8471547191
-83.6107274757
-83.6321760414
-83.8200729468
-84.1939247453
-84.3758253232
-83.9317199779
-83.5041906543
-84.4265227955
-84.1985926258
-83.9538959168
-84.2232949006
-84.1550588513
-84.2257491603
-84.2768325626
-84.2175171388
-84.0722624451
-83.7205251635
-83.886073215
-58.3186796687
-84.0348803255
-83.6779600691
-84.1134826402
-83.8716362789
-83.7687608155
-83.8759583816
-83.9811927088
-83.8383859822
-84.1824078244
-83.4011739108
-83.9028608364
-84.250102688
-84.1284999895
-83.6744272903
-83.9367492817
-84.0565103372
-84.3020657246
-83.9543558556
-84.4048370679
-83.9775233017
-84.0860299456
-84.1831966965
-84.1819682755
-84.2433343312
-84.3261445985
-83.8575996692
-84.0681779037
-83.6534289898
-84.1228031131
-83.961471167
-84.1058117741
-83.9832455965
-84.0377746366
-83.7743842873
-84.1282011208
-83.9104343273
-83.7423909291
-84.0576991728
-84.2337419037
-83.9493124022
-83.4709951637
-84.3927415912
-84.2712978953
-84.0902144464
-84.3104356383
-83.7480376011
-84.1825002996
-83.6388608036
-84.2736783054
-84.0706932613
-83.7991473222
-84.2789880399
-84.3790220425
-84.0368438015
-83.7715151222
-83.6068078423
-84.0984431423
-84.1230425816
-83.6464991814
-84.2517272409
-83.8627510646
-83.9725400713
-84.0472732553
-83.978368333
-84.1322901437
-83.8188085157
-83.5201799161
-83.9470130831
-83.6988526358
-83.833584567
-84.0161487411
-83.5181303679
-84.106940794
-83.9995171566
-84.1994148424
-84.0388606482
-84.1616255516
-84.2644890927
-84.2052418188
-83.7253911504
-83.6175730112
-83.9250662597
-83.9837011952
-84.1856320319
-84.1006257709
-83.5416997461
-84.3686338351
-84.3625895188
-83.74375008
-83.9612037991
-84.0593333084
-83.9327197191
-83.8812773393
-83.9898928935
-84.1067572166
-83.8295468301
-84.2417495577
-83.9404969203
-83.7641762451
-83.793165277
-83.741496853
-83.7541033321
-83.8031179219
-84.2636921198
-84.1666329306
-84.2678221888
-83.7976145832
-83.7764948683
-84.0059898642
-83.9660079715
-83.8143141693
-84.003191476
-83.8115678979
-84.2870593634
-84.2197541528
-84.0747089418
-84.1000235092
-83.8479670278
-84.0550041029
-84.1229740683
-84.2388585847
-83.8195751494
-84.0453254978
-83.8273667347
-84.6006939987
-84.2370556607
-84.1935838062
-83.5689073417
-84.0536837342
-84.0279118712
-83.8386623393
-83.9873834744
-83.6923953112
-83.4559619056
-83.7056580869
-83.9818456794
-83.9071466956
-84.3738300726
-84.3441868224
-84.3478161913
-84.0011372512
-84.4544864209
-83.9122362476
-83.9594995944
-83.8084603196
-84.0442654585
-83.9604177942
-83.8647843299
-83.9384823425
-84.3099004141
-83.8141035004
-84.2309732419
-84.6561429397
-84.0244374049
-83.6765083065
-84.1211511685
-84.5024342114
-83.891009523
-84.0492269631
-83.8904907405
-84.198391147
-83.8595225989
-83.852020913
-84.367527232
-84.4805258348
-83.9846427802
-83.6387496541
-83.7447936078
-84.1912386648
-84.3293016064
-84.1937637843
-83.7171843542
-83.6569060169
-84.0563858519
-84.2764778991
-84.2962444305
-84.0174429944
-84.163759147
-83.9720062177
-83.9867243245
-84.0016518553
-84.0496427863
-84.2643244274
-83.791426127
-84.1318369693
-83.6462807944
-84.15092562
-83.9458148773
-83.6469607225
-83.9371998527
-84.2559082112
-83.88633994
-84.0304490612
-84.1198663649
-83.7948858161
-83.4916062235
-84.2028469368
-83.9786288518
-84.1506229495
-83.4847666278
-84.1981934448
-83.9650753148
-84.3587523027
-83.6291365086
-83.8308754884
-84.1234095375
-84.2613675643
-84.1554954733
-84.1945747764
-84.3058108445
-83.8189999608
-83.6543892753
-83.8059585273
-84.2320707661
-83.7794169931
-84.1779067877
-83.8598646355
-83.9609045997
-83.8259370497
-83.570999401
-84.178519464
-83.9270616023
-83.7193516757
-84.0074001663
-83.8979127291
-83.7098618479
-84.1497988898
-83.9283565393
-84.0503744593
-84.3905592372
-83.5936941526
-83.8970485043
-83.8347695981
-84.0485056993
-84.1974273229
-84.1389740479
-84.0053376332
-83.9437419552
-84.2255922703
-84.3785125644
-84.2508953629
-84.2707954435
-84.0063990905
-83.834813608
-84.1507782405
-84.3555198905
-83.9615228749
-84.4266029822
-83.4061167131
-83.4804690951
-83.8594863681
-83.8241324335
-83.9061547417
-84.3678002399
-84.0435706136
-84.1021407428
-83.4482587553
-84.0950756569
-84.1870179417
-84.175069948
-83.864021431
-83.9962870311
-83.9204382864
-84.1527326336
-83.5414059626
-83.6890979263
-84.0204425867
-84.3307168243
-83.9872662222
-83.8862776159
-83.4922921341
-84.0023514552
-84.0836671733
-83.7666254349
-83.9281874702
-83.7417928732
-84.1033702549
-83.8316939563
-83.8334371653
-84.1484279644
-84.1264034463
-83.9114017099
-83.9940665335
-84.1034705097
-83.8798473985
-83.9742059674
-84.1972317943
-83.5792340849
-83.8866023301
-84.3009540477
-83.6090812393
-84.1406925622
-83.7727189892
-84.3113896506
-84.0158963978
-84.1806048477
-83.9678138175
-83.797984049
-83.8301741017
-84.0500549463
-84.2951141058
-84.0521951704
-84.0334544895
-84.0837410762
-83.9730854697
-83.7190361797
-83.578107142
-84.2423668937
-83.7237068358
-83.6902842635
-83.8068416769
-83.4223760647
-84.0403545827
-83.842747433
-83.6021784295
-83.8183823172
-84.1739824882
-84.2241577061
-83.900913741
-84.1308051825
-84.0935798564
-83.9996416879
-84.109950705
-84.0831443501
-84.4011967559
-84.0244867799
-83.620226331
-83.8679891811
-83.9119164016
-83.8377849555
-83.8574306214
-83.9711416991
-83.8300491618
-84.0548466727
-83.7474720134
-83.5962952948
-84.150157104
-84.192142526
-84.0350121892
-83.5342246835
-84.0012046297
-84.1141504607
-83.9318564802
-84.0003295541
-84.3220704805
-83.758411396
-83.8179574276
-83.7583601158
-83.7784906555
-83.6649718332
-84.1068979626
-84.1047109819
-83.3763603467
-84.0294244657
-84.1135840592
-83.8630727423
-83.9239409937
-84.1882775992
-83.9806636035
-83.9729642357
-84.3263086861
-84.4226103137
-83.8730000772
-83.8146976524
-84.5010955363
-83.980446385
-83.7579284886
-84.2644628305
-83.9235591994
-84.1105249085
-84.1297657284
-83.9862206227
-84.1162873945
-84.214168573
-84.1397722462
-83.5058986403
-83.6057764336
-84.0457933251
-83.8021060169
-83.7686919117
-84.2375412505
-84.7712705284
-84.0073491754
-83.9434456892
-84.4041590812
-84.2163691506
-83.9407085166
-84.1821717479
-83.9362078444
-84.3014012864
-84.0707793336
-83.6793462885
-83.7316187635
-84.3377831806
-83.8414371892
-83.7083095562
-84.1716560048
-83.9425237468
-84.0108145036
-84.1488377818
-84.0783903842
-83.6238207303
-83.9846256821
-83.8036445014
-84.007556447
-84.3254167226
-83.5806492502
-83.4912568502
-83.7790225849
-84.1726774993
-84.0460722656
-83.7438439498
-84.5099700823
-83.6002749843
-84.0171549502
-84.0750941719
-83.9161664721
-84.0930406545
-84.0295164124
-84.4268798252
-84.2444540547
-83.7167913854
-83.9682993299
-83.911244169
-83.9471094595
-84.2103732865
-83.3331839309
-84.552506948
-84.0206054286
-83.666638377
-83.9904125653
-84.0979706529
-84.2185236273
-83.8108551159
-84.159120712
-83.9280359484
-83.9567189318
-84.0804297213
-83.9267590102
-83.8408611156
-83.9562539072
-84.0795869393
-84.0168347941
-84.0382593899
-83.9611877587
-83.8617362458
-84.0531555159
-83.7012978431
-84.1892430722
-84.4306007642
-84.3806942878
-84.2533879873
-83.7671594013
-83.8357000963
-83.8999202294
-84.0474715665
-83.8981413434
-84.0552285516
-83.9120896175
-83.7604212101
-83.6957738571
-83.9396631889
-84.0222098153
-83.6109344665
-83.9019064333
