-83.7779369584
-84.036996916
-84.3316910982
-83.7653151557
-83.8460110709
-84.2898782474
-84.0121853694
-83.733265378
-84.1751422515
-83.7761133553
-83.9665611833
-84.0391483325
-83.6788326096
-84.1557569843
-84.4000043699
-83.9511479095
-84.401013674
-83.4903600928
-84.2287993274
-83.893497374
-84.2390740082
-84.1476749255
-84.3286140919
-84.2283480728
-84.0704879659
-83.7401229895
-84.4046918835
-83.9063018172
-84.1608550507
-83.9605951817
-84.0196415896
-83.9865744921
-84.2581191791
-84.1758015072
-84.4147848648
-84.1637099925
-84.0986756189
-83.9724401901
-84.1745052075
-84.1608248786
-84.4033092831
-83.8669428412
-84.2531090787
-84.2120384344
-84.0805749692
-84.0350508713
-84.0708406328
-84.1279016583
-83.8440200884
-83.9649203838
-84.1949067824
-84.401731552
-84.1848051829
-83.6184233984
-84.2475984743
-83.8742745816
-83.4356173179
-83.7930850164
-84.1350353657
-84.2087866417
-84.0068910257
-84.363830557
-84.1361106948
-83.8345902417
-84.4408420903
-84.3816875676
-84.4013548312
-84.1655800894
-83.960330735
-83.9949420342
-84.0333604627
-84.1332488971
-84.1225682609
-83.9794533623
-84.2638179145
-84.0771104214
-83.5902387105
-83.8915447736
-84.2896215777
-84.1739132058
-84.1000928849
-83.581770321
-83.9145661394
-84.1392208384
-83.506240231
-83.9585768704
-84.0771707514
-84.1476099119
-84.3424529078
-84.1255018983
-84.1772899933
-84.0432853404
-84.1813586609
-84.5007992903
-84.1664414827
-84.0967457113
-84.1897358598
-83.9633151038
-83.9298903472
-83.9591794381
-84.0321510399
-84.327083254
-84.1146572562
-83.9722911705
-83.7678604233
-84.4651382124
-83.8979928678
-84.1577376159
-84.1122350982
-84.1861438439
-84.0728310493
-83.7517416501
-84.3537878802
-84.2107125277
-83.9446988593
-84.2263074205
-83.8231516698
-84.0511988492
-84.0844819087
-83.9192882441
-84.0567855427
-83.5650024169
-84.1926796893
-84.509719635
-84.3901210746
-83.9274235738
-84.0184298439
-83.6236653951
-84.2679932132
-84.1514303545
-83.9539847388
-84.1715843344
-84.3959663703
-84.391020017
-84.0726346985
-84.0493862378
-84.1590831084
-84.0833952792
-84.2628693393
-84.1926936484
-84.0151028626
-84.0502694437
-84.3723684022
-83.7886993801
-84.1672102221
-84.2275158803
-83.8162436324
-84.0902178895
-84.1378524482
-84.395222083
-83.9556725549
-83.5436629146
-84.3376996027
-83.913561128
-83.9067155424
-83.8732236728
-84.4640711323
-84.0595190555
-84.0971213869
-84.068936283
-84.3869864269
-83.8966207362
-83.9985490967
-83.830182814
-84.4142746606
-84.0211319902
-84.4042504585
-84.014928665
-84.5535764075
-83.9487984623
-83.7826601789
-84.1360040176
-84.1451452872
-84.1231393818
-84.229487916
-84.2438912761
-84.099560096
-84.0521679236
-83.7966905744
-84.0801876206
-84.1917704579
-84.0702782528
-84.6266705984
-84.2333969172
-84.1811065545
-83.9241224824
-83.9128212296
-84.5010862342
-84.3851827959
-84.0371875055
-83.733460966
-84.3300404843
-84.1049160641
-83.8453418799
-83.8275479648
-84.0428028713
-84.1604206441
-83.8501128402
-83.7836791741
-83.8778103035
-83.90025456
-84.1002355961
-83.9240989417
-84.1524823429
-83.808658825
-83.8320963501
-84.2739184356
-84.4942774036
-84.1518360227
-83.7253676262
-84.2445679803
-84.1915555264
-83.7560479928
-84.6116008322
-84.4244131122
-83.6565714822
-84.4144518447
-84.2019008601
-84.4742350618
-84.4280198838
-84.0330660804
-83.8002428208
-83.7023740651
-84.1873931092
-84.3103710363
-83.9871990638
-84.3539136619
-83.957438333
-84.2384356774
-83.8298805514
-84.0757945238
-83.9658838695
-84.3306602249
-83.8699391163
-84.4447346686
-84.1120235698
-84.2898381766
-84.4073304499
-84.4207774749
-83.9208944776
-84.0354954768
-84.1020768768
-84.1094737316
-84.2493700135
-84.1473585655
-84.0266839702
-84.3412278149
-83.7798813425
-84.365249692
-84.157179562
-83.9537434978
-83.8613242304
-83.6932791384
-84.0765725065
-84.038454121
-84.4787105167
-84.6261170703
-84.0090090773
-84.0134663842
-84.3389400017
-84.0462016859
-84.1813933923
-83.7773623084
-83.8983274175
-84.0206516664
-84.4971524563
-84.2556278731
-84.0781602413
-84.1309272061
-84.4170536489
-84.2474806359
-84.3863221775
-84.236511391
-84.2666864569
-83.944317461
-84.2883443317
-84.1358366417
-84.241661066
-83.8841386226
-84.3176640631
-83.8047590254
-84.0119192165
-83.752830262
-84.1622098054
-83.960164673
-84.0971450814
-83.9242273926
-83.5517266991
-84.109773362
-83.7961334182
-83.5250735118
-83.8318082243
-83.6497253421
-83.9227653701
-84.1606140098
-84.330809438
-84.0377201195
-84.2476434685
-84.0079713261
-84.4216524805
-84.0712632966
-84.3098522154
-84.0637695366
-83.7369942387
-83.9256581435
-84.0539330692
-84.0963151056
-83.7523300384
-84.2538177108
-84.4491665493
-83.9385376894
-84.1013942914
-62.4987252076
-84.2695955092
-83.3021907044
-83.7823307828
-83.9010242172
-83.9964393476
-84.2642332673
-83.858829489
-84.3228457839
-84.0693505067
-83.9452829521
-84.0978915999
-83.9067247417
-84.1675718776
-83.9519519513
-83.9781294732
-83.6136991894
-84.3033567164
-83.5280061304
-84.1517946547
-84.2497630664
-83.6931194221
-84.0702475318
-84.5159797343
-84.044977159
-83.9356281221
-84.1373728855
-84.3583425032
-84.494103879
-84.4697012186
-83.785130264
-61.5860399463
-84.1957929759
-84.2743869979
-84.3344568374
-83.8246045925
-83.9926495376
-83.9806707295
-83.5974398591
-84.5534124594
-84.0841109856
-83.6261399952
-84.2777346175
-84.1583647876
-83.8588268572
-84.0200499352
-83.50533658
-84.0632984482
-83.7811958601
-84.5980860307
-83.946699886
-83.4652217613
-84.0292739576
-84.2975227648
-84.2408553241
-83.9557586101
-83.88968098
-83.8533578619
-84.2262027267
-83.8459285966
-84.0666057386
-84.0793408954
-59.8928666874
-84.0873482985
-84.5788646073
-83.8755126194
-84.0295505207
-84.1584544601
-84.5548430318
-84.0495521574
-84.1649031548
-84.374302802
-84.0161004696
-83.8820673415
-83.8924925056
-84.0902922557
-83.8467450477
-83.9836807281
-84.0818486645
-84.3173505964
-84.4077721069
-84.2237274951
-83.9063026552
-84.1161746508
-84.2515514682
-84.0878286115
-84.4351424676
-83.9564953262
-83.9510424697
-83.9140161789
-84.0925169535
-84.1445336614
-84.0579254033
-79.3094449378
-84.2519685502
-84.0181401724
-84.0901363707
-83.9103822839
-83.9487668016
-84.5023570433
-83.8383248612
-84.5470785089
-84.0521902067
-83.8930359343
-84.4230014834
-84.2538209386
-84.0915542543
-84.1426439977
-83.6543525773
-83.8417193035
-84.2349049102
-84.2029632846
-84.0367497794
-83.9935201557
-83.5766284419
-83.9086804592
-83.785190159
-84.1170386513
-83.7404405629
-84.2109264406
-84.1350342752
-84.5424617582
-83.9949557874
-83.8849167267
-83.4597778354
-84.0330290238
-84.3141615443
-83.7507392487
-84.4527209361
-83.8553208015
-83.7867704667
-84.2367768285
-83.83424925
-84.038696717
-83.7983108133
-84.2962299975
-84.354869896
-84.113178623
-84.2574532918
-84.3063808189
-84.2159655343
-84.1819407342
-83.9280913912
-83.8505116241
-84.0471176783
-84.2927196442
-83.7835389645
-84.2962992316
-84.0329048444
-83.9647883871
-84.5136933864
-84.1161684057
-84.3001197091
-83.850560021
-83.8988376935
-83.4035603214
-79.9380054389
-84.0763037953
-84.2539330079
-83.9980380859
-83.756029587
-83.7774060832
-83.4532907275
-83.7298201199
-83.4666464407
-83.9665747812
-84.0557642855
-84.1616720415
-83.7573385335
-84.1465027008
-84.2869469446
-84.4103957485
-83.8401387667
-83.820922041
-84.1112517835
-83.9864607511
-83.7722991354
-84.082808124
-84.079379435
-84.0300083047
-83.7902358439
-83.9641158461
-84.3514753072
-84.0550886686
-83.8812066479
-83.857110243
-84.2114928458
-57.3129546565
-83.7800837903
-84.4326678957
-83.7229903373
-84.1910300012
-84.1707352724
-84.3834504638
-83.8122344368
-83.6100531869
-83.895598962
-83.9887750932
-83.471832872
-84.1285085868
-84.2691319525
-84.046431359
-84.0024657555
-84.2684837435
-84.2391136377
-83.5883922512
-83.5716020822
-84.4018768311
-83.9865056754
-83.8177112054
-83.8719632517
-84.0223210812
-84.1488858754
-83.999858159
-83.9257658651
-84.2095367756
-84.0195095407
-83.5836885776
-55.3195753616
-84.0812080096
-84.1666477881
-83.9677390428
-84.0462560986
-83.9296371814
-84.1383482335
-84.0848478555
-83.9887569425
-83.8471088405
-83.9149173392
-83.9154768177
-83.2847597895
-83.278836431
-83.7622803031
-83.9898075066
-84.0795985756
-84.0457805622
-84.1288031432
-84.521043425
-84.2319475123
-83.8601608172
-84.4179563474
-84.0058723887
-83.7682677966
-84.3270444019
-84.1745324058
-83.7284391468
-83.9841301834
-83.8298276218
-84.0813177233
-56.6566594188
-84.2782519113
-84.6831735822
-84.2635391997
-84.071140444
-84.1506950975
-84.0957050678
-83.9326497677
-83.953427523
-83.6912842177
-84.2130396296
-84.2337969035
-83.9666656454
-83.6813128754
-84.1764805971
-84.2052447674
-84.2586229921
-84.2727897521
-83.7987082147
-84.1795621059
-84.1198667919
-84.1709704779
-83.4919875697
-84.0692371016
-84.3607191088
-83.7501636809
-84.1727804875
-84.0576841124
-84.1830093957
-84.3810349209
-84.1238309623
-57.6889346194
-84.0115914201
-83.9090457977
-83.820190613
-83.6920371782
-84.0783354361
-84.0709230561
-84.2133951529
-84.1193108439
-83.4564482186
-84.1764787177
-84.2363496803
-84.0535962166
-84.1952433375
-84.0879311376
-84.2214099086
-83.9074330942
-84.1095687919
-84.0721159438
-84.0661015746
-83.960901241
-84.0701156006
-83.722385475
-83.8901387809
-83.6589173881
-83.8401345505
-84.0615339049
-84.1354802544
-83.8236431029
-84.0501312385
-83.935267414
-75.91742979
-84.3455070098
-83.9282792373
-84.2723463113
-84.0097817464
-84.2785158648
-83.9966033597
-83.8281244898
-83.9062493649
-84.2302070906
-83.8918911884
-84.0546168648
-84.0071116177
-83.9497592556
-83.8845955842
-83.8309432162
-84.2639377571
-83.819033145
-84.0322431237
-83.9162064697
-83.9693902947
-84.0914223895
-84.1029796265
-84.1904589873
-84.2381094994
-83.9013054783
-84.1859200115
-84.4845924495
-84.1746807166
-83.845352936
-84.5433471764
-77.9358843878
-83.5249965956
-83.8197180626
-84.3315354758
-84.0752813302
-84.2984108959
-83.8890697993
-84.5209618819
-84.1837432433
-83.9112348691
-84.1411432292
-83.953653494
-84.0575708129
-84.1569312379
-84.1066998608
-83.9226124498
-84.2234458365
-83.7463529998
-83.7075696703
-83.9795637627
-84.2380888717
-84.4033369491
-84.4609085181
-84.1771773875
-84.1980611879
-84.0500164279
-83.5767674351
-83.8492666408
-83.9058712799
-84.3809959747
-83.9728063001
-82.7443183408
-83.7344955567
-83.8811477441
-84.0675837615
-83.9644953668
-84.0576085611
-83.7419219298
-84.1356006395
-84.1371686064
-83.9759113357
-84.0885818017
-84.1514129091
-83.9346009758
-84.2156959467
-83.8075618606
-83.7200596134
-84.1967689602
-83.9011769697
-84.0736028677
-84.529201342
-83.5265734832
-83.9894172791
-83.6662184964
-84.1443545436
-83.6811284617
-84.3815054414
-83.7915955273
-83.077120836
-84.1277378024
-83.5320382983
-83.9297663675
-84.0965830125
-63.6723446251
-84.2628880367
-83.8720997587
-84.2454291604
-84.1701475693
-84.0196839253
-84.2136911611
-84.0284105399
-84.3387207912
-83.6318940161
-84.2712999756
-84.0610007615
-83.9386465931
-83.7892168028
-84.246745357
-84.2864931584
-84.4122276494
-83.5792155731
-84.3260936054
-84.2484654331
-83.7481720667
-84.2625871351
-84.0093986434
-84.0914966988
-83.9723830532
-84.1600844359
-83.672098804
-83.8749934275
-83.7460426859
-83.9154720153
-83.8732663125
-58.5764120013
-83.913323857
-84.5813864147
-84.1739694677
-84.1509112924
-83.9094848729
-83.8831033011
-83.8996458966
-84.4784524763
-83.8975591899
-84.0920771302
-83.9630902536
-83.9757863049
-83.6565650878
-83.6674081213
-83.6715660612
-83.7397239656
-83.9199174968
-83.9014281358
-84.0965556394
-83.9811682223
-84.3300734825
-83.9962532995
-84.3670267759
-84.1215806095
-84.5335446486
-84.0135631319
-84.2853226945
-84.203333993
-84.1915418735
-84.3473951068
-57.1309441445
-83.9618031068
-83.749667155
-83.9507882081
-84.243566303
-84.1984639008
-83.8226162024
-84.2061143816
-83.8823154507
-83.7884614247
-83.9192780369
-83.9277622665
-83.7702039712
-84.2672629468
-84.0821876841
-84.4675496038
-84.3619884421
-83.9804652284
-84.4061216901
-83.9036232119
-84.3745358451
-83.7218702935
-84.1031302451
-84.1419343746
-83.8298078935
-84.0919741486
-83.8826127602
-83.736846018
-83.9350436734
-83.3148580687
-83.6616187904
-57.3804222866
-83.7397522473
-83.778030915
-84.0910383237
-84.0293259771
-84.319102502
-84.0447129073
-83.8887757355
-83.695709799
-84.0230537032
-84.1014602781
-84.2117839511
-84.0377438013
-84.0171657902
-83.7938190055
-84.1424044137
-84.1854042849
-83.5108255608
-84.1755537691
-84.1871883664
-83.9358851719
-84.220923239
-84.3273265968
-84.1997761308
-84.0615293443
-84.3291338751
-83.2810887331
-84.2079172684
-84.0927205438
-83.8400087473
-83.9884213477
-58.1773662983
-84.3252890939
-84.2963500339
-83.9395007027
-84.0193892777
-83.7884826798
-83.6576412491
-83.9009050134
-83.7065455368
-84.0428250051
-84.2962568191
-83.7126657238
-83.8648091622
-84.0463518657
-83.8798097754
-84.046477397
-84.0942511693
-84.0556183292
-83.9926983988
-83.9070126226
-83.8094609264
-84.0370895351
-83.9510420715
-83.4620590364
-83.8807787731
-84.1219749875
-83.9293262286
-83.9097018907
-84.069989723
-83.7206993987
-84.1251923195
-73.5177518236
-84.0036202659
-83.8240869071
-84.0677287161
-83.8928373023
-83.8024589642
-84.3410888478
-84.6615264467
-83.9749871231
-84.3229011953
-84.0218428698
-84.043005433
-83.9894284018
-84.0143912467
-83.6766242061
-83.9376432322
-84.1291832557
-83.8014789655
-84.0442183774
-84.1809508244
-84.2251733032
-84.0256055983
-84.0139035103
-84.1064271723
-83.9546764729
-83.819049786
-84.4461345028
-84.1141691184
-84.2472365475
-83.9243860698
-83.7937672184
-82.8911618449
-83.8791799195
-84.1738802588
-84.1621006348
-83.7437040322
-83.9589552594
-83.7953617558
-84.1517229192
-83.5995694163
-83.8727596207
-83.9113184826
-84.1316794437
-84.0479964731
-83.9498009277
-84.4126648163
-84.0533365999
-84.2419972485
-84.1011568372
-83.9918973887
-84.2326683842
-84.107842926
-84.063607892
-84.2641166194
-83.7924247983
-83.7987458709
-83.9056358282
-84.2529371531
-84.1521856106
-84.3065175024
-84.0680922827
-83.7212462218
-83.6566033463
-61.0090334895
-83.9779506969
-83.8267534057
-84.0257797886
-84.0083745623
-84.0298212845
-83.8794670729
-83.6963420596
-84.0781055614
-83.5134410149
-84.08915211
-83.5191166316
-83.8596342931
-84.1703587228
-84.057189916
-83.7834217241
-84.1687595724
-84.4286197883
-84.1849700841
-84.1360641721
-84.6223628904
-83.6596584432
-84.0610693334
-84.1323207018
-84.0381243281
-84.0580234445
-83.9865678252
-84.261760589
-84.1814729825
-84.1640822376
-84.2765459628
-57.5733070064
-83.9172216105
-83.8638805276
-83.8830292527
-84.1266422726
-84.0828361453
-83.8182822396
-83.6994105722
-84.1931267909
-83.8706688265
-84.2520568506
-83.6096036724
-83.7127652104
-83.8707636808
-84.2053430414
-84.0849040925
-84.1732385313
-83.8940785333
-83.9723875533
-84.4608368172
-83.675362948
-84.2101437687
-83.5834173015
-83.8543460614
-84.4009417209
-84.1401636756
-83.8480873856
-83.9088625612
-84.0529258624
-83.8949164293
-83.8524161817
-57.1580032316
-83.866690565
-84.2028630029
-83.9844566034
-84.398157977
-84.1177108582
-84.0487455987
-84.0283617997
-83.7804951415
-83.9328461717
-83.7825611375
-84.1164592511
-84.3960644266
-84.2237647752
-83.9708209089
-84.2920326382
-84.0535446495
-84.0564124522
-83.4887975497
-84.2713272581
-84.0553673838
-84.1580961035
-83.7074834947
-83.8725848367
-83.7451230933
-83.8942625355
-84.0951315469
-84.0961023717
-83.6758409737
-83.9322419967
-84.2150398568
-56.3925462451
-84.1874263519
-83.8149251607
-84.2420210349
-83.8075253932
-84.0884197846
-84.3030973615
-83.5591207384
-83.5619371991
-83.7377093768
-84.065031999
-84.073769264
-83.3714311258
-84.3488414161
-83.8250330604
-84.0408921304
-83.9175488087
-84.263334126
-83.7141488127
-83.9452128171
-84.0562970458
-84.4198452267
-83.9830694567
-84.0237842934
-84.0288103531
-83.9511850378
-84.292857978
-83.8548490544
-84.0369260018
-84.2198732941
-84.076842931
-56.2866378848
-83.7118812825
-84.1182714714
-84.0709812561
-83.7860892439
-83.7151759115
-83.5693774602
-84.1707858441
-83.6944012774
-84.1650183443
-84.3026780811
-84.4652151837
-83.4640271369
-84.0420336737
-83.9641674032
-84.2703660923
-83.4424823431
-83.5773858131
-84.2292531011
-83.7710398379
-83.9546838809
-84.1854442521
-84.0104855025
-84.2463955751
-84.0605520798
-83.3034382261
-84.298743227
-84.3357926136
-84.4596683045
-84.4158078805
-83.2413193045
-70.9028725933
-83.736790721
-84.004133141
-84.0570169724
-83.9952520512
-84.1579194937
-84.3162916278
-84.2341693445
-83.9574467569
-84.305284872
-84.1454715117
-84.4871324475
-83.9102020342
-83.9060827734
-84.0894709476
-84.1966254479
-83.7096669828
-84.0843507689
-84.0346782181
-83.9289583417
-84.0036907347
-84.2364756455
-83.9946255383
-84.1205404028
-84.239350808
-83.8225990832
-84.0424178905
-83.8218460462
-83.7491564591
-83.6987412637
-84.3073460025
-75.6197384602
-84.0398279564
-84.007426703
-84.0407497168
-84.1264057459
-84.379561159
-84.106771122
-84.2077895487
-84.0450873758
-84.1135836321
-83.9014853091
-83.858116053
-83.9747458081
-84.0257478994
-83.8208362713
-84.0818702404
-84.0647086616
-84.1281828827
-83.4459543106
-83.9155440646
-83.8454446424
-84.0541925752
-84.0967083262
-84.0577374051
-83.8108102294
-83.9636779396
-83.8397230906
-84.2883401623
-83.9678167098
-84.2280625714
-83.7448747181
-81.9236327747
-83.9143255135
-84.3047081749
-84.2808637562
-84.0970745967
-84.2016938313
-83.8692321385
-83.6795462132
-84.0544462452
-84.2651503644
-84.1126080993
-84.1611616499
-84.2189424855
-84.1565879216
-83.6857600229
-84.2153274997
-84.158897672
-84.3449103297
-84.1086476134
-83.856758963
-83.8578981016
-83.8263157517
-83.9811660071
-84.1389056093
-83.4485930139
-84.0243647884
-83.8637076639
-84.1148705715
-84.0762292316
-84.2235831329
-83.8475975118
-83.9661445312
-59.1374218859
-83.9554557888
-83.8800903421
-84.4215745865
-84.1493260205
-83.5852889033
-84.1388516749
-83.6696303768
-83.596156814
-84.1121405882
-83.969844648
-84.2548839477
-83.6857918283
-83.8747480874
-84.3336704072
-83.7610271054
-84.3400607404
-83.9439519576
-83.8366968403
-83.8295803174
-83.7922445941
-84.0957914554
-84.1994556345
-83.8805856104
-83.791675437
-83.7652643335
-84.1476363058
-84.1352047531
-83.7812301919
-83.7662614616
-84.2740885482
-56.8661565319
-84.1091116033
-84.0822159842
-83.9929523968
-84.1547785314
-83.4942641434
-84.3289179584
-84.0366119608
-84.1710138032
-83.34975849
-84.0180695223
-83.9550725065
-83.7112140428
-83.7971445988
-84.1060554391
-83.8948826805
-84.0811174357
-84.1228108752
-83.7948973567
-83.6798958691
-84.0535719953
-84.0700603923
-84.2376138369
-84.0916742934
-83.8813997618
-84.0588817889
-83.840871648
-84.2985724008
-84.2020971738
-84.1166117201
-83.9420810424
-53.9409175582
-83.8921845011
-84.1358043082
-83.8055138939
-84.0118738936
-83.9688830102
-84.1892843088
-83.8948194397
-83.8403750759
-83.9744679953
-83.8759639874
-84.2081015072
-83.9606968743
-83.9131794055
-83.5279084139
-84.0064187007
-83.6679549365
-84.0797003197
-83.933181083
-84.197676472
-84.2107470497
-84.3425043722
-84.0060108217
-83.9077874937
-83.9816927108
-83.9611106729
-84.2521750013
-84.2571083675
-84.0660851018
-83.705578868
-83.8338197731
-57.9249273454
-83.8680469488
-83.5197555279
-83.7049594631
-84.0557026127
-84.3945372805
-83.5791457953
-83.832472739
-83.7897404737
-84.3453852603
-83.8036277782
-83.9186051525
-83.7533342407
-84.1373267752
-83.8298494409
-83.8467311157
-83.8190139921
-83.9749240818
-84.1247867059
-83.5217038263
-83.9272584825
-84.2425190088
-83.8925242628
-83.9920292589
-83.8324518945
-84.283366529
-84.1891940704
-84.2171529545
-83.7932906256
-83.4401403932
-83.9532749448
-55.9822350662
-83.8507596119
-83.8527899915
-84.1498060194
-83.6844378051
-84.270398745
-84.2403204123
-84.4452819299
-83.9200089471
-84.3664549977
-83.9354310207
-84.1177393755
-84.4123718176
-83.896802385
-83.9316085641
-84.1339948997
-84.4717776979
-83.7760143416
-83.9216537679
-83.7695143741
-84.0455050854
-84.2728377389
-84.1053776554
-84.4592616751
-84.546950629
-83.9121210105
-83.6445044367
-84.3114220787
-83.8594469465
-83.6337266016
-83.9354399345
-70.4471969073
-83.9326443025
-83.6599448846
-83.7781675372
-84.1025393838
-83.4871397535
-84.2334751293
-83.9526720124
-83.9170341558
-83.9713461702
-84.1783424263
-84.2046012406
-83.8908598419
-84.3344907302
-84.0669680137
-84.0713300477
-84.4053530485
-83.775131564
-84.185363407
-84.0505276593
-84.2036195336
-83.961611835
-83.8621377939
-84.0884239304
-84.1089518278
-83.8305452151
-84.0373814686
-83.9537493729
-83.9155447803
-83.8502174883
-84.0639071291
-79.1372772647
-83.8346853076
-83.8035037849
-83.6702880487
-84.0659068907
-84.0766940225
-84.4096780525
-84.4356626245
-84.0978585327
-84.0446898335
-84.0845083145
-84.4837987432
-83.9135951662
-83.3679029762
-84.1595257613
-84.0450767304
-83.7715419182
-83.759556505
-84.17958515
-83.8049865707
-83.9992263944
-84.1889949097
-83.8656814751
-83.9121055461
-84.2163783621
-84.0794010991
-84.0761368777
-83.9223769317
-84.2309445126
-83.6416196051
-83.794953282
-84.1840155163
-63.6147643349
-83.8795733889
-83.9168442141
-83.8453475453
-84.1016191841
-84.1076135093
-84.1470893906
-84.2115078108
-83.9837105665
-84.4263551965
-84.4499827144
-83.7580223298
-84.0284031846
-84.1512206522
-83.9056662139
-83.9055829019
-84.2215581772
-84.2353665851
-83.9620211995
-84.2640781702
-83.770443808
-84.1693584108
-83.9006330633
-83.7770994775
-84.2779200013
-84.0007753663
-83.9634502525
-83.8874125934
-83.8477006198
-83.8925063979
-84.4245980407
-58.099361413
-84.0729415713
-84.0608041234
-83.8125853168
-83.8993472022
-83.8550408049
-83.7648852442
-83.7985364769
-84.1988555646
-84.4104953773
-83.7407634701
-83.6108791923
-83.8636220556
-84.3133674738
-84.1010328965
-84.2017578103
-84.0404521688
-84.3408073238
-83.9167029045
-84.3055832549
-84.2995613639
-84.0927278733
-84.3556540035
-84.6057609026
-83.8601659383
-84.249875019
-84.0411162778
-83.961499784
-84.0671117608
-83.9378411023
-83.8192762281
-57.5029171466
-83.5264728527
-84.2334897642
-83.800293026
-84.1939874914
-84.2020687264
-84.0800256262
-84.3483135216
-84.0270910744
-83.7639126222
-83.7889912268
-83.8493226725
-83.8942050965
-83.9213591194
-83.3072007766
-84.212614652
-84.1910327688
-83.8198183905
-83.9873675193
-83.8913150215
-83.8093614126
-83.8599248145
-84.4426075315
-84.1457945592
-83.9493640849
-84.0226034077
-84.3768821105
-83.6688923082
-83.9918892371
-84.316444571
-83.8185597626
-56.0746795364
-83.7577779368
-84.2346844986
-83.6401578581
-83.2990216876
-84.181737726
-84.2612732711
-83.6108471915
-84.2434940972
-84.0631245371
-84.4037649715
-83.887058433
-84.2944079193
-84.3626560995
-83.8722767572
-83.8842668462
-84.1366251015
-83.9506497088
-84.3559264721
-84.3071909565
-84.0247542509
-83.7524099329
-84.3019008497
-84.1619850705
-83.9177696086
-83.9342031086
-84.0090873512
-83.9968370878
-83.9233931697
-83.9365180586
-83.8095428531
-56.4267518198
-83.9035644154
-84.1259978958
-83.638508155
-83.8613601136
-84.0865366062
-84.3016706525
-83.6068488507
-83.9347340194
-83.8535513534
-83.9461819452
-84.270984415
-84.137713349
-84.2715128145
-83.9331124327
-83.7812964489
-83.6404155261
-83.9576691651
-83.8069826306
-83.6871885558
-84.1141398108
-84.2192942017
-83.9666621188
-83.8825165077
-83.935068117
-84.3400793686
-84.1017281508
-83.666126001
-84.1456982529
-84.3400634159
-83.850002885
-71.5831539356
-83.5491041832
-84.0743771378
-83.7843855347
-84.3844722851
-83.9808478426
-84.1515464304
-84.2921487305
-83.7349590318
-83.4744798365
-84.257703358
-84.008305292
-83.7910785137
-84.211147016
-83.9594444228
-83.9145748098
-83.722336022
-83.9303894289
-83.838183838
-84.2565828098
-84.1265753454
-83.9480804328
-84.2913673723
-84.0264627559
-83.8929949899
-83.9615181194
-83.4245948105
-83.8528467984
-84.1240274504
-83.8822322096
-83.5776903628
-80.2662577337
-83.9111283092
-83.7754406181
-83.7179735537
-84.1298079299
-83.7491743589
-83.7198121409
-83.9555690717
-83.7570146975
-83.9286746143
-83.6997600064
-83.7682164545
-84.1802599798
-84.1825138665
-84.2780982253
-84.2409375129
-84.1381844629
-84.3142196916
-83.914302977
-84.003424531
-83.7868320149
-83.579719889
-84.0764270326
-84.1110128817
-83.907383728
-83.9444347905
-84.0776085042
-83.8971534962
-83.8040491785
-84.224353032
-83.7848283578
-83.9097199237
-83.481876425
-84.1743900323
-83.7848108473
-83.4803945241
-84.03858691
-83.9738771606
-83.7476946814
-84.1153507406
-83.8766661662
-83.6080763666
-84.0862753343
-83.9243406425
-84.4473170722
-83.9788217009
-83.3058724356
-84.1736364206
-83.698679508
-83.9280942243
-84.591383519
-83.9425614355
-83.6363662496
-84.0900054521
-83.5098828198
-84.1194145225
-84.1552779483
-84.150677285
-83.9842463659
-84.096579648
-84.234021137
-83.809907603
-84.178386349
-83.8445617559
-84.1814767473
-83.9032828412
-84.0583134493
-83.9879502653
-84.103367406
-83.9410452759
-83.9043264031
-83.9400355319
-84.5479573417
-84.17008831
-84.0606658908
-83.6384275149
-84.0082088837
-83.9568518242
-83.9436558647
-84.2165361755
-84.0934003167
-84.4239478642
-84.0951659509
-83.7749748207
-84.065096688
-84.0564280123
-83.8007140627
-83.8812430309
-84.1194019368
-84.4263391224
-83.9969236786
-84.1897323459
-84.0146647269
-84.2980238374
-83.9210470067
-83.7730707945
-83.797744588
-83.9185067782
-83.8807001285
-83.8616147038
-58.1988471221
-84.1926545258
-83.9201142839
-84.0171317818
-84.1742032239
-83.7928968163
-84.0408962851
-83.9382196251
-83.8088217278
-84.0157955446
-83.7690080123
-83.8231315125
-83.6080461986
-83.9812485109
-83.8581287293
-83.5566018578
-83.6393841383
-84.688407259
-83.8410500812
-84.5863985657
-83.3997569916
-83.8208117048
-83.9845271428
-84.3089324453
-84.0504355744
-83.9592912492
-83.8406496884
-84.0886927711
-84.040748887
-84.27552623
-83.487095084
-55.1098650538
-84.372446516
-84.0470110922
-84.314020026
-84.1476956344
-84.1127387032
-83.9428863321
-84.2515771195
-83.9378442147
-83.8900264052
-84.0079978692
-83.8600300042
-83.2390279334
-84.090849971
-83.5907457877
-83.775798776
-84.2386003982
-83.9038309225
-83.6832699814
-83.5593270004
-84.1585986851
-83.9364735125
-84.5141740098
-83.7794296033
-84.0221093644
-83.8266976816
-83.7445241487
-83.7378035921
-83.4537688466
-83.9992510511
-83.7029222591
-51.9151536133
-84.0512863621
-84.1446824246
-83.5821493156
-84.1595405241
-84.0095943978
-83.8497000886
-83.6622715751
-83.7151225104
-84.1055317483
-84.0998714877
-83.8572200369
-83.9386974145
-83.971226686
-83.5504377947
-84.386995355
-83.9142938238
-84.0942902718
-83.7054792766
-84.0823869786
-84.2907110399
-84.3262084058
-84.2877219049
-84.0548422488
-83.89013768
-83.5730574956
-83.9864767575
-83.9410931859
-83.6117295502
-84.1741200319
-83.7677886772
-56.2381411144
-83.9304062036
-83.6978532242
-83.7557669696
-84.0346579112
-83.446790473
-83.7683498885
-83.9423351454
-84.1744556053
-84.0980047967
-83.7177298183
-83.7430019236
-84.4952686861
-84.0972759421
-84.1462086772
-83.8368582662
-83.8801365583
-83.9537284073
-84.0368706455
-84.2396530271
-83.8527565559
-83.7990022821
-83.7039771652
-84.00024265
-84.1988388094
-84.1009891378
-83.8100817461
-84.4352411686
-84.0140978685
-83.9213639926
-83.967610585
-57.4920577538
-83.7365763544
-84.1616134131
-84.2599950365
-83.7873868256
-84.15976938
-84.2519922407
-84.1449230869
-84.1722001839
-83.7065261144
-84.0863481636
-84.0521634865
-83.5904943839
-83.7015786072
-84.1229996386
-84.1254775927
-83.9445043718
-84.0648328319
-84.4218840825
-84.0317545246
-84.4993411056
-83.6358972979
-84.6657812411
-84.2174715613
-84.1064304189
-84.2897614386
-84.359813423
-84.0962481523
-84.0141319517
-84.0629253572
-83.4332198226
-79.8842173383
-83.9286593072
-84.3023615978
-84.2960976669
-84.1031044822
-84.018069461
-83.5734737915
-83.9910075206
-84.0436135123
-83.7973561261
-83.6861735237
-83.9681170008
-83.4517450212
-84.0960728215
-84.1494766425
-83.8030012355
-84.0171380684
-83.8853757313
-83.883409513
-83.7257496725
-83.6634195902
-83.8143391865
-84.2877985394
-84.2894460376
-84.1888704652
-84.303908118
-83.5887617406
-84.3530152798
-83.9093762388
-83.7354464707
-84.2996073376
-84.2324030065
-82.2313113244
-84.0736063254
-84.0507147519
-83.9010369438
-83.4337886203
-83.8832022863
-84.2166560992
-84.3047834329
-83.8903265104
-84.0686317455
-83.8652397973
-83.4510879687
-83.4282529045
-83.4977463732
-83.8409872736
-83.869752222
-84.0607225593
-83.3913407424
-84.172988926
-84.2034175669
-83.7101950412
-53.3273052304
-83.9015659286
-84.284982934
-83.9137997847
-83.799656163
-83.8264044563
-83.9158732586
-84.0347445997
-83.7389396439
-84.1833637222
-83.7670041087
-84.0083928686
-83.9766056186
-83.9504055584
-83.7742236895
-83.7734351514
-83.8601025677
-83.6979065186
-84.0566110834
-84.0003542695
-83.8721335192
-84.1738104445
-84.2138287445
-83.5277452142
-83.8349954435
-83.9075512202
-83.8975695323
-83.2328152938
-83.906465239
-83.7460563901
-83.7866350262
-55.025218633
-83.9713593947
-83.8741919083
-84.0043782578
-84.1809171351
-83.8103376046
-84.0982337069
-84.1475638623
-84.0960195492
-83.7550240679
-83.9570026637
-83.962808562
-84.0374609573
-83.8495546877
-83.8905001437
-84.0071648643
-83.7153793017
-84.0148227449
-84.3189836147
-83.6645644219
-84.1779775815
-83.9475905262
-84.0150807768
-84.2319194422
-83.926105702
-83.959474067
-84.2247147117
-84.310986201
-84.1010969226
-83.7734492944
-83.993082172
-58.7718826958
-83.9557835426
-83.9837154337
-83.5282462131
-84.0458066425
-83.9708238429
-83.7808744867
-83.9478638154
-84.2089939022
-84.1003484614
-84.5956893459
-84.1581191899
-83.6043695479
-83.8742504153
-83.9267078003
-83.9900697842
-83.9904255301
-83.7537887567
-83.7448836199
-83.8437846213
-83.8242388051
-84.0327414038
-84.0228321523
-84.313589951
-84.1458926698
-84.2773323007
-84.0362068879
-84.0244118538
-83.9318262309
-83.9279206681
-84.0033551555
-82.7117798867
-84.0937584107
-84.0826042291
-83.9210504233
-84.2793621356
-83.3172457701
-83.9784610374
-83.8754902282
-83.862088258
-84.1554919274
-83.8622781323
-84.0134595656
-84.3231676149
-83.9562540741
-84.0443648936
-84.1860453397
-84.1588526488
-83.8964184282
-83.4739323969
-83.9713306483
-83.6924748916
-84.0447853206
-83.8072829547
-83.9919400111
-84.4273475813
-83.9825583731
-83.6667135956
-83.7604886135
-84.3246201585
-84.0909155527
-83.8541767588
-83.7405179279
-77.8239942713
-83.9026335047
-84.3483114731
-84.0792873128
-83.7049052386
-84.446407443
-83.8986522307
-84.1665581475
-84.041471772
-83.5468024925
-84.1108996859
-84.019811041
-84.0733483779
-84.0837689881
-84.0409164258
-83.8786887309
-84.0819261537
-83.9989332489
-83.8241093083
-83.9014615657
-84.0813810596
-84.0023289597
-83.8926969903
-84.0915634761
-84.2565767213
-84.0846501191
-84.0245864614
-84.3995147987
-84.0040594279
-84.1385805237
-83.7913435817
-69.1867107683
-84.0407610802
-83.6652827126
-84.1123683099
-83.9765626448
-84.2136501937
-84.1067413616
-84.171702841
-83.9292086376
-84.3075586494
-84.1099751281
-83.8585781497
-83.7236326718
-84.0046001334
-83.7788717109
-84.4419375443
-83.9961058624
-83.7560424429
-83.7872894788
-83.9861591494
-83.9075443415
-84.0606491589
-84.0942002588
-84.5821366282
-83.5535276792
-83.7738333002
-83.9708594296
-83.8627717711
-84.3434094963
-84.5205268775
-83.295777464
-54.6118138053
-83.7372975766
-83.994351798
-84.027642354
-84.2650514622
-83.7730172331
-83.8761150733
-84.0443774547
-83.9443764479
-84.1436647324
-83.9338492886
-83.7188340301
-83.7781529521
-83.9898846636
-84.0953602882
-83.9646248494
-83.1770115506
-83.8900979945
-84.2206159617
-84.0633951217
-84.2257926987
-84.2216234515
-84.0659025828
-84.1423314143
-83.9653129215
-83.6767106057
-83.8007270015
-83.7917673218
-83.7760589012
-83.7394655861
-84.2459759885
-54.1290264325
-84.1826964031
-84.4450305884
-83.4878580125
-84.3077452751
-84.0470645335
-83.9494846695
-84.106385256
-84.4397845879
-83.6124445121
-83.9879446686
-84.0816998823
-83.9004972524
-84.2339937397
-84.1086544132
-84.0710775666
-83.7936269355
-83.8632916075
-84.0800803895
-84.0063769819
-83.7913111537
-83.7538629026
-84.1944609198
-84.1295499521
-83.7968238702
-84.0133455378
-83.9840388143
-83.6440401912
-83.8425265659
-84.3912497246
-84.0181849528
-56.5957435967
-83.7306295456
-84.2938762714
-83.8861856169
-83.468102164
-83.627980497
-84.3067364605
-84.4491263067
-83.9403915751
-83.9146994711
-84.0593151298
-84.0097046316
-84.0246722485
-83.8449444383
-84.0682766401
-83.779847819
-83.7614656641
-83.8831896186
-84.1067803034
-83.864199176
-83.7332423607
-84.2432577748
-83.8864006597
-84.1645098659
-83.5543803896
-84.6530765249
-83.8854599993
-84.0574966668
-84.0804232213
-83.7488618547
-84.0103814299
-59.0244613792
-83.8126763794
-83.9710224721
-84.2772655054
-84.1559785634
-84.2835934817
-83.6594075289
-83.8511645727
-84.1973087073
-84.0947069276
-84.2176631681
-84.3947269815
-83.5312143547
-84.3955081786
-84.1360231141
-84.3627458796
-84.098983557
-83.7047427153
-84.2635725621
-83.8668266784
-84.236213397
-83.8796730543
-83.8283311379
-84.0040055458
-84.0349669225
-84.0544580462
-84.220881906
-83.7985438311
-83.690081919
-84.2631361875
-84.073523851
-84.1691064617
-83.8256300391
-84.1477977458
-83.7904653915
-84.1257818467
-83.97640595
-84.1081451138
-83.8615314469
-83.7014393045
-84.1826400861
-84.4159372162
-84.0347029493
-83.7068949909
-84.5876096987
-83.7731268947
-83.9869787802
-83.9266516881
-84.5405379167
-83.6409382128
-83.8771494176
-84.1179838021
-83.7278600611
-84.0550395639
-84.3727130672
-84.1137125339
-84.0669243528
-83.8105106513
-83.7987640098
-83.8092633529
-84.1685719097
-84.0217930561
-83.722368707
-77.2432390667
-83.5046101723
-83.8769581843
-84.0714439316
-83.9615941713
-84.0767492423
-84.1116556316
-83.616285042
-83.8983100426
-84.2974026514
-83.8248368153
-84.3072947291
-83.9640889501
-83.9841603873
-84.2541748482
-83.9092269986
-83.9258587384
-83.9857865325
-84.2227364576
-84.3058686682
-83.8743344828
-83.6610926378
-83.9714533429
-84.0695755584
-84.3194655468
-84.0799270928
-84.0609946535
-84.2234512024
-84.4797960083
-83.6636337044
-84.320474557
-67.7941982186
-83.6253690003
-83.892763451
-83.9965108002
-84.0513372595
-84.0592253746
-84.0605484578
-84.1965326621
-83.8601248561
-83.947378588
-84.0752073916
-83.9221719816
-83.9955175361
-83.8027001327
-83.7601069717
-84.0514353175
-83.8137795
-83.8238135342
-83.3123885972
-83.8069469856
-84.2077745553
-84.028582057
-84.1590564742
-83.6120600184
-84.0396632725
-84.1547395784
-84.2676770197
-84.3624135956
-84.5340552023
-84.0986224021
-83.4303427112
-52.8858551239
-83.9728420607
-83.8674574212
-83.4825195506
-83.9197294105
-83.7851633172
-84.4710942547
-84.2716171519
-83.6544408425
-83.982834825
-84.0794563858
-83.3933500831
-83.595136779
-83.8228587468
-84.2438339279
-84.3779587289
-84.1868962179
-83.7615557637
-84.0736322769
-84.4895721745
-84.0714989342
-83.8798298524
-83.7884388698
-84.1101803324
-83.9938554641
-83.8548193003
-83.4476078459
-83.8236837177
-84.0542736674
-84.0434402478
-83.9285729701
-50.615086002
-84.1002024346
-84.2176084614
-83.9047934789
-83.9637739569
-83.8320932973
-84.0765915545
-83.5072844877
-84.0643747924
-83.6494439257
-84.1546692747
-84.071108551
-83.7970333494
-84.3361414491
-83.9779773015
-84.2082194908
-84.0720921768
-83.5860816673
-83.9209086384
-84.1449238282
-83.7020366239
-84.0407051984
-83.8252703876
-83.9600690868
-84.4210865223
-84.0913846714
-83.7210879311
-83.8385715508
-84.0847434233
-84.0162754101
-83.9971126005
-52.6981585446
-83.970232684
-83.9446107442
-83.9530263878
-83.8909791057
-84.4380073035
-84.1404589351
-84.3551197237
-83.9207447675
-83.6185725751
-83.9809784889
-83.8618602779
-84.0127885196
-84.1887335637
-84.1354937603
-83.7750215079
-84.1613195727
-84.4404966928
-83.7514328417
-84.096535741
-83.771584853
-84.0471423899
-84.0817629174
-83.8484953228
-83.4995938395
-84.146954088
-83.9446925749
-84.0080996069
-84.3644617169
-84.0166535052
-83.9917110117
-54.8838824346
-84.2437856499
-84.1513651773
-83.5952831848
-83.8905725202
-84.0395175871
-83.8365434287
-83.9968494377
-83.9171504446
-84.0585106162
-83.7480866403
-84.1179530723
-84.0649424666
-84.4013713957
-83.9506392992
-83.6779570352
-83.8547471647
-84.1475169338
-83.9273967531
-83.6514845391
-84.4236952612
-83.9763715728
-84.4077327152
-84.1225064086
-84.0364130406
-84.010999688
-84.1941130935
-84.0353770332
-84.1137789453
-84.0059781436
-84.1895955031
-58.5275783268
-84.3073502099
-84.2031168755
-83.9458099106
-84.096110158
-84.2896188224
-83.6278817707
-84.2212782801
-84.0068359461
-83.8408145933
-84.2034900559
-83.9453385375
-84.0767558939
-83.8182848261
-84.2205068598
-84.0164487244
-83.8185267438
-84.1259782344
-83.9215246839
-83.9705282878
-84.2914343211
-83.7992376261
-83.6823449209
-84.0825257712
-84.6360007175
-83.6890281715
-84.1128109976
-84.0701368985
-83.9612139706
-84.2447448679
-83.0297416695
-84.0673717049
-75.1180612609
-83.9771782611
-83.905278565
-83.7438968852
-83.8906785218
-83.9272220876
-83.6984770153
-84.059466777
-83.5903722293
-83.6853026774
-83.5299715185
-84.0876201405
-84.3403120915
-84.112445929
-84.4756912722
-84.2089296788
-84.3708001584
-83.866304792
-83.7020372173
-84.2522128757
-84.2708250352
-83.9432136789
-84.1129327293
-84.3228129767
-83.996667861
-84.267931893
-84.1363359083
-83.976860425
-83.9811214554
-83.9282405207
-83.7538074851
-77.2371962684
-84.1019588539
-84.2492174026
-83.5240906092
-84.04217105
-84.1065234174
-83.7242073578
-84.061438633
-83.8491491778
-83.8196599797
-84.1364665044
-83.802422
-83.8413251288
-83.6421516281
-83.3194308092
-84.1848000152
-83.9561447264
-83.9075541291
-83.8972977105
-84.3894834269
-84.1205951349
-83.8199368785
-83.8858059841
-84.1566944117
-83.9033382339
-83.8274178787
-84.1842861224
-83.8968707599
-84.0847282523
-83.6640285102
-83.7722968788
-56.5703267509
-83.9279273174
-84.1130930644
-84.3289083999
-83.5962868002
-83.5354693541
-84.2370332117
-83.8867567907
-84.3583640995
-83.7766694222
-84.1329844142
-83.7259270445
-84.3018375302
-84.2958351564
-84.0189097456
-83.8101179746
-84.0828978048
-84.0268528598
-84.1638966418
-83.8591696138
-83.7074410061
-83.5807533794
-84.1521832601
-84.059574049
-84.1376849147
-84.1902117585
-84.093768786
-83.4897968961
-84.0941165688
-84.4164214567
-84.3093417533
-55.4268671165
-83.9806346836
-83.8745338633
-84.1687983813
-84.109555443
-84.1411240201
-84.0486245009
-83.9958771767
-83.9586491046
-84.1495461241
-84.1879146767
-84.2478482904
-83.896944567
-84.0586572863
-83.9968394351
-84.3228008016
-84.1712984265
-84.0230169195
-84.2945459084
-84.3960127716
-83.8581194517
-83.7769723813
-84.0713125394
-83.3851690808
-83.877286316
-83.9523685355
-83.9277897176
-83.8088633786
-83.5168943503
-84.1485717249
-84.4035275084
-55.3719488491
-83.6268227389
-83.9708457855
-83.7151018459
-83.3100842156
-83.9935662907
-84.3534524113
-83.5783209164
-84.0586168714
-84.0466003491
-83.971989749
-83.7681718376
-84.1202120473
-83.9824811676
-83.9212575278
-84.4015379038
-83.9449755838
-84.1791420618
-84.051682249
-84.3557769167
-84.1434026229
-83.9800444239
-84.1095186412
-84.2962244811
-83.9601369821
-84.1488229882
-84.3777853477
-83.7192112667
-83.5197960203
-84.1462715648
-83.9983503812
-53.1951931189
-83.8845103755
-84.3085890733
-83.9923184597
-84.2168426215
-83.865030769
-83.8269166181
-83.8888922514
-83.6020496079
-84.0036695602
-84.0277049007
-83.5991032484
-84.505642564
-83.6113683148
-84.3506402462
-83.6832256016
-84.358476145
-83.8509200565
-83.8999378729
-83.7079190451
-83.8973108646
-84.3038646595
-84.1725018933
-84.5229480367
-84.1117973445
-84.1642208218
-83.9569440874
-84.1056531342
-84.2499143218
-83.4682038419
-84.0648268477
-54.7005921068
-84.1896422485
-84.09961521
-84.2109871777
-84.1399038173
-83.9564916223
-83.4546018989
-83.9383745211
-84.0891550696
-84.1335552687
-84.090095076
-84.081654504
-84.2950822145
-84.1931860623
-84.2137976988
-83.9427943306
-83.8925840589
-83.7124764762
-83.9020416297
-83.7760779233
-83.6486604676
-83.7655298202
-84.1641316664
-84.265664382
-83.8973502773
-84.0264237182
-83.8806043223
-84.2157521986
-83.680390426
-83.7716032968
-84.2412235602
-69.1022611082
-84.3964229677
-84.0105502851
-83.8642205726
-84.1624551126
-84.3299759336
-83.8199693546
-84.0043325252
-83.9603411527
-83.471109622
-84.2640024277
-84.0719429302
-83.6603428196
-83.8636413371
-84.0774258488
-84.101493651
-83.7986267714
-84.3586972905
-84.0575588574
-84.4006343936
-84.3630082841
-83.9944484753
-84.0262893056
-84.0899416617
-84.2373735262
-83.9923852158
-84.024863208
-84.0741502391
-84.1565662955
-83.5841758287
-84.4632770562
-75.8821219765
-84.0437190558
-83.8343917397
-84.0673388821
-84.2256020632
-83.9620913658
-83.9728779186
-84.0007294871
-83.9839948686
-83.832631742
-83.7657667026
-83.7926207667
-84.1406207285
-83.7108395577
-84.4274177563
-84.2898719408
-83.8268207364
-84.1621677248
-83.5689665747
-84.0520375114
-83.9866793641
-84.232554203
-84.0873471435
-83.5849026488
-83.9414215928
-83.84409189
-84.1751806766
-84.4729931844
-83.8872735342
-83.537152619
-84.1204955961
-83.3479165959
-83.6057855068
-84.0067613026
-83.818418416
-84.5063043332
-83.698796532
-84.1571272589
-84.3311894898
-84.3720876952
-83.7404524003
-84.2694448036
-83.8503070717
-83.667485
-83.5302051982
-83.9479614771
-83.9807333277
-84.1868084513
-84.1924237267
-84.2511754675
-84.0761493233
-83.9685507366
-83.8544699978
-83.8920777034
-84.0318454172
-84.1675193281
-83.7354800886
-83.9522587844
-83.9563330806
-83.635727851
-83.9689052861
-84.1384158315
-84.1526738223
-61.1988344286
-84.1999920955
-84.0924791058
-84.01623073
-83.8727461482
-83.7656797211
-84.3025875302
-83.402847611
-84.1698940431
-84.0954398092
-83.8443976431
-84.1508400225
-83.7852230355
-84.0745902072
-84.3641529207
-84.1385651985
-83.8849232993
-83.9951927031
-84.2434821496
-83.8139481245
-83.5662661218
-84.0086697167
-83.8196956088
-83.6769029918
-83.9149225499
-83.4399547835
-84.2920855744
-84.0191439187
-84.1253896818
-84.2381028223
-83.683128372
-59.1415126263
-84.0802592613
-83.5652223361
-83.7830589191
-84.208676666
-83.794381205
-83.8299245166
-83.921512865
-84.4245501247
-83.8107191403
-84.1118833545
-84.3089814975
-83.9815001394
-83.824378205
-83.9866776164
-83.6600599653
-83.9452935664
-84.1664927661
-84.2237359133
-84.1657094815
-84.0427320809
-84.0803861817
-83.8230752195
-83.8417166225
-84.1759270043
-83.9339496008
-83.7129803923
-83.8520861045
-83.9821661079
-83.9193086091
-83.8130420855
-55.9881094164
-83.9298056499
-84.1807258758
-84.0494911459
-84.2349374162
-83.7298867375
-84.2197987599
-83.9915488213
-83.8383052402
-83.4665546625
-84.3772709428
-83.7798966725
-83.8940409628
-83.8667500849
-83.9321568357
-83.9441982069
-84.1030437077
-84.2403102688
-84.1237430016
-83.9862514236
-83.8798083947
-84.115062139
-83.9821477505
-84.1379600577
-84.1089020236
-84.0060512306
-84.4100863467
-84.0490319251
-84.167941697
-83.8564258605
-84.1509090322
-54.9330639859
-84.0178576585
-83.6681353475
-83.9701047219
-83.9016692449
-83.5881851061
-83.5085641271
-84.0196667115
-84.1498193282
-83.8719506755
-84.0894157002
-84.4842315217
-83.9712787593
-83.5349186432
-84.1451728857
-84.1959354077
-84.0285645694
-84.0740547446
-83.7801753617
-84.1180527809
-84.0510983808
-84.0564451658
-84.1274748508
-83.8293616759
-84.0049198698
-84.1704390641
-84.0565748721
-84.0763826953
-84.1397838108
-83.9628561759
-83.6375140421
-54.424382175
-84.1712263415
-84.0206232388
-83.903625984
-83.7978864103
-83.910123713
-83.9942598162
-84.2956176015
-83.725684872
-83.7470339471
-83.9580588193
-84.0520562894
-84.296050613
-83.9669261159
-83.6991757047
-84.2339989773
-83.6933454593
-83.8064723335
-84.0983849984
-84.3186370313
-84.1041129497
-84.0294531154
-83.9112078269
-84.1249296352
-83.9505614802
-83.6904660334
-83.9192484439
-84.2264854034
-84.257187347
-83.9226137287
-83.8547931233
-76.0669873782
-84.4006874102
-83.759818148
-83.7173564532
-84.1117869076
-83.7062925515
-83.7754672685
-84.2170280705
-83.3858424329
-83.81818805
-83.9533431197
-83.830033516
-84.1025271806
-84.1436619793
-84.0695378757
-83.9892915573
-83.4539092552
-83.7744080018
-83.722713036
-84.1530467354
-84.0430856814
-83.9943188922
-84.0642771446
-83.9550874164
-83.9902793722
-84.1599225532
-83.9000741964
-84.2690929917
-83.8494652973
-83.536569601
-84.123465649
-81.0618911578
-84.2812138206
-83.9006405571
-84.1474888509
-84.15282167
-83.8469507794
-84.1818379472
-84.2438387973
-84.5026486064
-84.0598612031
-84.123321055
-83.879680018
-83.7879590263
-83.7728983036
-83.9730984634
-83.5040286967
-83.7684061995
-83.7606579938
-84.0703568399
-84.1369028688
-83.9710007449
-84.1521153415
-83.6814719405
-83.7671271481
-83.9629686576
-84.1598106331
-83.8937478291
-84.0754186349
-83.7185179845
-83.8942346718
-83.649281433
-83.9879652444
-58.070485184
-83.8564481791
-83.5238549551
-84.431742476
-84.1316574561
-83.5474227744
-83.8251029976
-84.5871345202
-83.5267705583
-84.104202046
-83.9060512243
-83.8946908337
-84.1327448423
-83.9457604404
-83.4224656052
-84.6652949152
-83.812255488
-84.0826494739
-83.937245015
-84.044375435
-83.9210852178
-83.7722219399
-83.9714677864
-84.3750000284
-83.7641954018
-84.2954749599
-83.4899704908
-83.9987096589
-84.0763122284
-84.0338891089
-83.837753372
-52.8025636273
-83.755593257
-83.5547645652
-83.8658562912
-83.6444827535
-83.9716039615
-83.6093113697
-84.0402791265
-84.1418638939
-83.9105550134
-83.8733598979
-83.6498590772
-84.147992219
-83.772980135
-83.8295078627
-83.6524819191
-83.9960212213
-84.0307144689
-84.1112718317
-84.0534122836
-84.0487850155
-83.8807404847
-84.094765473
-84.029824138
-84.0252321767
-83.9864368376
-84.7134620295
-84.5559778331
-83.9497688967
-84.0473434101
-83.6458761766
-52.1367487776
-83.710049974
-83.9882573176
-84.0795999464
-83.6235416778
-83.6321474721
-84.1472768036
-84.0661023885
-84.1640789946
-83.7524393711
-83.7829455285
-84.0652833278
-83.8930181397
-83.6146343654
-83.9298493704
-84.1661204085
-84.3607444352
-84.219310442
-83.645162362
-83.5491812963
-83.9081033148
-84.3054924266
-84.0434445298
-84.2357198625
-83.972498882
-84.0222350897
-84.1127008909
-83.8995610452
-83.791939555
-84.380180106
-83.9050061886
-84.2286676809
-84.1662160664
-84.2166427248
-83.713824479
-84.0868611577
-84.1332281753
-83.9509743456
-84.0759017421
-84.4611255881
-83.8440811135
-83.8898500707
-84.3133083392
-84.001055753
-55.8661810672
-84.0044754563
-84.4128305784
-83.8442752266
-83.9986274404
-83.7766266209
-84.1865744091
-83.9548374396
-84.3177810977
-83.8619847589
-83.9431004601
-83.9876273514
-83.5664124615
-83.6135958454
-83.9279088334
-84.1375590357
-84.0960781756
-83.8244021041
-83.7773838647
-84.2305887085
-84.4221496253
-84.155758887
-83.7170126989
-84.275274346
-83.578558616
-84.1029149645
-84.5594364485
-83.748650341
-83.8791389551
-84.0938596229
-84.0528874154
-58.0366470374
-84.175293761
-84.3943454168
-83.8895875842
-84.3114115735
-83.8526591457
-84.1392661541
-83.8612775985
-84.209938139
-84.4741923393
-83.9261087381
-83.9474931976
-84.1187574389
-83.9650641649
-83.9611829359
-84.1858944023
-84.2941295671
-84.2822124546
-83.9338009237
-84.538489955
-83.6480517238
-84.0188260582
-84.0353707985
-83.3011972114
-84.0779214055
-83.6078481095
-83.3554176589
-84.1769091422
-84.2319391151
-84.4268142647
-83.7912501682
-82.5971234779
-83.9427282831
-84.284063187
-84.1087784788
-84.3766243681
-84.2661221134
-84.1831157828
-84.2651566274
-83.7369656582
-83.8275867986
-84.0354402225
-84.0606837597
-84.3764740379
-83.8448568693
-84.1562838136
-83.7636387104
-83.7321251154
-83.9033465753
-84.4030710105
-83.7856685994
-84.0390350461
-84.0147073882
-84.0434888587
-84.048508402
-84.5002109437
-84.225165345
-83.8190025426
-84.3132441991
-84.2436833406
-83.924109034
-83.5353638293
-84.2188918991
-82.0627841575
-83.8100995226
-83.7292328488
-84.1026428265
-84.4414888758
-83.7054652852
-84.3124682213
-84.0683141429
-83.6476470731
-83.8626916644
-84.0023203371
-83.9777987278
-84.0399458622
-83.8538241221
-84.2917906403
-84.3981316377
-83.7696812821
-84.1733538006
-84.2446590672
-83.8469129432
-84.0753604875
-83.8798387502
-83.9337655986
-84.1017481804
-83.7769166462
-83.8707599495
-84.1003819947
-84.1747702483
-84.0621043146
-83.6092713786
-83.8192780029
-78.1794990974
-83.8780440012
-83.7431844923
-84.1196662288
-83.9644110298
-84.002258767
-84.0306159117
-84.2175014037
-83.9864433532
-83.709250128
-84.3187023459
-84.0891425127
-84.2785334115
-83.8396796136
-84.1711585787
-84.0388155134
-83.9567913831
-84.4574271197
-83.5301490748
-84.3313586013
-83.9178268694
-84.0040228353
-84.2136199804
-84.0625968809
-84.20408385
-83.8425817525
-84.3865104217
-83.5709325066
-83.8455694157
-84.5303249664
-83.7765349008
-83.8343051016
-84.2194187751
-83.8527446117
-84.0394771472
-83.8227586792
-83.9311446785
-84.1034187315
-84.3272461478
-83.6773371017
-83.8468762678
-83.9613356039
-84.3353751216
-83.8065175818
-83.5736100581
-83.9252284373
-84.1770660607
-84.118175526
-84.1554546548
-84.0136391404
-84.0822371565
-83.9879022537
-83.9325224422
-83.7910031094
-83.8840393101
-83.9783163257
-84.4269431936
-84.1335602239
-83.8670993507
-83.9552260414
-84.1227121965
-84.4054958914
-83.495359183
-84.0096328837
-83.9148364045
-84.122209424
-83.8609489994
-83.9558396681
-83.6890998996
-84.281058207
-84.3702401258
-84.3915917644
-84.0408082765
-84.0602166965
-83.7847301314
-84.0944907683
-84.2156642523
-83.7959192237
-83.4406085721
-84.2768016888
-84.1502082365
-83.6867580795
-84.0508842201
-83.7635465999
-84.0562683638
-84.0377391864
-84.3428590181
-83.7884526871
-84.3495454343
-84.0649562187
-84.0453563503
-83.8393966248
-84.0209467892
-84.0450153887
-84.2982745177
-83.9346956401
-83.6064670622
-84.2905097387
-84.3281696078
-83.7598343255
-83.8718781236
-84.0214823409
-83.8842760054
-83.9055054731
-83.9232711499
-83.8726401462
-83.959643218
-83.8264010847
-83.9584127593
-83.9486101136
-83.7050265567
-83.9824656811
-83.4209730473
-83.7915452971
-84.3471322855
-84.1743499636
-84.1491784214
-83.8027478604
-84.0003872611
-83.8181563696
-84.257270033
-83.9387088913
-83.7115132135
-83.7542864831
-84.2001396609
-83.613753316
-83.8616237528
-84.3401309991
-83.6733188496
-84.3610604593
-83.8239732984
-83.8665862672
-84.5634298382
-83.8172052727
-84.123758307
-83.7871359349
-83.983197299
